Timestamp,Voltage,Current,Temperature,Avg Voltage,Avg Current,Avg Temperature
2024-11-09 19:46:35,3.646643524523484,0.0,26.437220450515156,3.646643524523484,0.0,26.437220450515156
2024-11-09 19:46:36,3.646479231407191,0.0,22.672238853203226,3.6465613779653374,0.0,24.55472965185919
2024-11-09 19:46:36,3.646314938291135,0.0,23.469396624933097,3.6464792314072696,0.0,24.19295197621716
2024-11-09 19:46:36,3.646314938291135,0.0,24.2430730354219,3.6464381581282357,0.0,24.205482241018345
2024-11-09 19:46:36,3.646479231407191,0.0,27.13035904417916,3.646446372784027,0.0,24.79045760165051
2024-11-09 19:46:37,3.646643524523484,0.0,25.72571420883662,3.6464792314072696,0.0,24.946333702848193
2024-11-09 19:46:37,3.646314938291135,0.0,23.469396624933097,3.6464557609621076,0.0,24.735342691717467
2024-11-09 19:46:37,3.646807817640014,0.0,18.270503504732346,3.646499768046846,0.0,23.927237793344325
2024-11-09 19:46:37,3.645986352059732,0.0,21.000806169342923,3.6464427218260553,0.0,23.602078724010838
2024-11-09 19:46:38,3.6458220589443866,0.0,24.2430730354219,3.6463806555378886,0.0,23.666178155151943
2024-11-09 19:46:38,3.646643524523484,0.0,21.000806169342923,3.6464045527183973,0.0,23.423871610987486
2024-11-09 19:46:38,3.646314938291135,0.0,24.9947353287605,3.6463970848494593,0.0,23.554776920801903
2024-11-09 19:46:38,3.646807817640014,0.0,21.000806169342923,3.646428679679502,0.0,23.358317632228136
2024-11-09 19:46:39,3.646479231407191,0.0,22.672238853203226,3.6464322905171933,0.0,23.30931200515493
2024-11-09 19:46:39,3.646807817640014,0.0,24.2430730354219,3.6464573256587145,0.0,23.37156274050606
2024-11-09 19:46:39,3.646314938291135,0.0,21.84997632024192,3.646448426448241,0.0,23.27646358923955
2024-11-09 19:46:39,3.646150645175315,0.0,22.672238853203226,3.6464309099027745,0.0,23.240920957708003
2024-11-09 19:46:40,3.645986352059732,0.0,21.000806169342923,3.6464062122448277,0.0,23.116470136132165
2024-11-09 19:46:40,3.646314938291135,0.0,24.9947353287605,3.6464014083525282,0.0,23.215326198902076
2024-11-09 19:46:40,3.646150645175315,0.0,22.672238853203226,3.6463888701936673,0.0,23.188171831617133
2024-11-09 19:46:40,3.646314938291135,0.0,23.469396624933097,3.6463853496268803,0.0,23.201563488441703
2024-11-09 19:46:41,3.646643524523484,0.0,22.672238853203226,3.6463970848494536,0.0,23.177503277749047
2024-11-09 19:46:41,3.646807817640014,0.0,19.213461507647196,3.6464149427968695,0.0,23.005153635570704
2024-11-09 19:46:41,3.646479231407191,0.0,23.469396624933097,3.6464176214889665,0.0,23.024497093460806
2024-11-09 19:46:41,3.646150645175315,0.0,18.270503504732346,3.6464069424364203,0.0,22.834337349911667
2024-11-09 19:46:42,3.646479231407191,0.0,24.9947353287605,3.6464003707117687,0.0,22.91742957986739
2024-11-09 19:46:42,3.645986352059732,0.0,21.84997632024192,3.6463806555378717,0.0,22.877894273955334
2024-11-09 19:46:42,3.646314938291135,0.0,24.9947353287605,3.646380655537871,0.0,22.953495740198377
2024-11-09 19:46:42,3.646314938291135,0.0,20.12271823298272,3.6463806555378717,0.0,22.85588272270818
2024-11-09 19:46:43,3.646314938291135,0.0,21.000806169342923,3.6463740838132295,0.0,22.794046837596007
2024-11-09 19:46:43,3.646150645175315,0.0,21.84997632024192,3.646354368639302,0.0,22.763592949939422
2024-11-09 19:46:43,3.646314938291135,0.0,20.12271823298272,3.6463543686393023,0.0,22.681065615034527
2024-11-09 19:46:43,3.646314938291135,0.0,21.84997632024192,3.646334653465347,0.0,22.6558810909499
2024-11-09 19:46:44,3.646479231407191,0.0,23.469396624933097,3.646354368639245,0.0,22.679808018419997
2024-11-09 19:46:44,3.645986352059732,0.0,24.2430730354219,3.646360940363859,0.0,22.72447273319148
2024-11-09 19:46:44,3.646479231407191,0.0,22.672238853203226,3.6463543686392073,0.0,22.723021792080697
2024-11-09 19:46:44,3.646150645175315,0.0,21.000806169342923,3.6463477969145743,0.0,22.676475423898594
2024-11-09 19:46:45,3.646314938291135,0.0,21.000806169342923,3.6463280817406196,0.0,22.63237886456818
2024-11-09 19:46:45,3.646314938291135,0.0,17.290980568862267,3.646321510015978,0.0,22.49541993390906
2024-11-09 19:46:45,3.646314938291135,0.0,21.84997632024192,3.646301794842023,0.0,22.47928384356738
2024-11-09 19:46:45,3.646314938291135,0.0,20.12271823298272,3.646301794842023,0.0,22.421806633553118
2024-11-09 19:46:46,3.646314938291135,0.0,26.437220450515156,3.646308366566656,0.0,22.517411724433167
2024-11-09 19:46:46,3.646150645175315,0.0,24.2430730354219,3.6463149382912787,0.0,22.557543382828257
2024-11-09 19:46:46,3.6458220589443866,0.0,26.437220450515156,3.6462952231174084,0.0,22.645717861639323
2024-11-09 19:46:46,3.646150645175315,0.0,28.465495270963004,3.646295223117408,0.0,22.77504624851318
2024-11-09 19:46:46,3.646314938291135,0.0,24.9947353287605,3.6462952231174075,0.0,22.82330035895334
2024-11-09 19:46:47,3.646479231407191,0.0,24.2430730354219,3.646288651392757,0.0,22.853508288239908
2024-11-09 19:46:47,3.646643524523484,0.0,25.72571420883662,3.646282079668095,0.0,22.91334591158567
2024-11-09 19:46:47,3.646314938291135,0.0,21.000806169342923,3.646275507943453,0.0,22.874314488274592
2024-11-09 19:46:47,3.645986352059732,0.0,21.84997632024192,3.64626893621883,0.0,22.85382772491394
2024-11-09 19:46:48,3.646643524523484,0.0,21.000806169342923,3.6462755079434817,0.0,22.74509943929049
2024-11-09 19:46:48,3.646314938291135,0.0,21.84997632024192,3.6462886513927386,0.0,22.72865418863127
2024-11-09 19:46:48,3.646150645175315,0.0,22.672238853203226,3.6462820796681052,0.0,22.71271103319667
2024-11-09 19:46:48,3.646150645175315,0.0,24.9947353287605,3.646275507943472,0.0,22.727744279063444
2024-11-09 19:46:49,3.646479231407191,0.0,21.84997632024192,3.646282079668114,0.0,22.6221366245847
2024-11-09 19:46:49,3.646150645175315,0.0,23.469396624933097,3.6462820796681137,0.0,22.577010272906627
2024-11-09 19:46:49,3.645986352059732,0.0,22.672238853203226,3.6462689362188576,0.0,22.56106711747203
2024-11-09 19:46:49,3.646150645175315,0.0,24.2430730354219,3.6462623644942243,0.0,22.680518508085825
2024-11-09 19:46:50,3.646150645175315,0.0,21.000806169342923,3.6462492210449486,0.0,22.68051850808583
2024-11-09 19:46:50,3.646150645175315,0.0,22.672238853203226,3.6462557927695722,0.0,22.649101824441455
2024-11-09 19:46:50,3.646479231407191,0.0,23.469396624933097,3.646255792769573,0.0,22.698473633553252
2024-11-09 19:46:50,3.6458220589443866,0.0,19.213461507647196,3.6462426493203357,0.0,22.58284815713099
2024-11-09 19:46:51,3.645986352059732,0.0,23.469396624933097,3.646229505871079,0.0,22.632219966242793
2024-11-09 19:46:51,3.646150645175315,0.0,22.672238853203226,3.6462229341464463,0.0,22.632219966242793
2024-11-09 19:46:51,3.646150645175315,0.0,21.84997632024192,3.646216362421813,0.0,22.584358031939193
2024-11-09 19:46:51,3.646314938291135,0.0,21.84997632024192,3.646216362421813,0.0,22.584358031939193
2024-11-09 19:46:52,3.646314938291135,0.0,21.84997632024192,3.6462163624218134,0.0,22.56791278127996
2024-11-09 19:46:52,3.646807817640014,0.0,19.213461507647196,3.646242649320401,0.0,22.532165888046052
2024-11-09 19:46:52,3.646150645175315,0.0,24.9947353287605,3.646255792769638,0.0,22.53216588804605
2024-11-09 19:46:52,3.646807817640014,0.0,21.000806169342923,3.6462820796682265,0.0,22.498737234368843
2024-11-09 19:46:53,3.646643524523484,0.0,19.213461507647196,3.646295223117521,0.0,22.413618532023126
2024-11-09 19:46:53,3.646150645175315,0.0,24.9947353287605,3.646282079668246,0.0,22.46006846153427
2024-11-09 19:46:53,3.646150645175315,0.0,21.84997632024192,3.646262364494319,0.0,22.512798757786165
2024-11-09 19:46:53,3.646314938291135,0.0,24.2430730354219,3.6462623644943193,0.0,22.52827228599594
2024-11-09 19:46:54,3.646150645175315,0.0,22.672238853203226,3.6462689362189424,0.0,22.61630699296536
2024-11-09 19:46:54,3.646150645175315,0.0,21.84997632024192,3.6462492210450153,0.0,22.553411812794987
2024-11-09 19:46:54,3.646807817640014,0.0,23.469396624933097,3.646268936218971,0.0,22.585800218888814
2024-11-09 19:46:54,3.645986352059732,0.0,22.672238853203226,3.6462623644943477,0.0,22.539350289377666
2024-11-09 19:46:55,3.646479231407191,0.0,21.000806169342923,3.6462755079436224,0.0,22.556912048104873
2024-11-09 19:46:55,3.645986352059732,0.0,23.469396624933097,3.6462557927697246,0.0,22.606283857216678
2024-11-09 19:46:55,3.646314938291135,0.0,23.469396624933097,3.6462623644943575,0.0,22.6386722633105
2024-11-09 19:46:55,3.646314938291135,0.0,29.10927472714519,3.646275507943614,0.0,22.818403393193748
2024-11-09 19:46:56,3.646314938291135,0.0,23.469396624933097,3.646282079668247,0.0,22.85079179928757
2024-11-09 19:46:56,3.646150645175315,0.0,21.000806169342923,3.646282079668246,0.0,22.80141999017577
2024-11-09 19:46:56,3.646150645175315,0.0,19.213461507647196,3.6462820796682456,0.0,22.700827759620275
2024-11-09 19:46:56,3.646314938291135,0.0,20.12271823298272,3.6462755079436038,0.0,22.64983734721586
2024-11-09 19:46:57,3.646314938291135,0.0,25.72571420883662,3.646295223117474,0.0,22.744335508005733
2024-11-09 19:46:57,3.645986352059732,0.0,21.84997632024192,3.646295223117474,0.0,22.761318911023714
2024-11-09 19:46:57,3.646150645175315,0.0,22.672238853203226,3.646295223117474,0.0,22.86894407671053
2024-11-09 19:46:57,3.646479231407191,0.0,24.9947353287605,3.646308366566749,0.0,22.931839256880906
2024-11-09 19:46:58,3.646150645175315,0.0,24.9947353287605,3.646301794842117,0.0,23.029279598796464
2024-11-09 19:46:58,3.646643524523484,0.0,21.000806169342923,3.6463149382914106,0.0,22.920551313173018
2024-11-09 19:46:58,3.6458220589443866,0.0,22.672238853203226,3.6462755079435856,0.0,22.889134629528645
2024-11-09 19:46:58,3.646643524523484,0.0,24.2430730354219,3.646295223117512,0.0,22.84525168122678
2024-11-09 19:46:59,3.646643524523484,0.0,24.2430730354219,3.646288651392851,0.0,22.760803236515958
2024-11-09 19:46:59,3.646150645175315,0.0,22.672238853203226,3.6462689362189242,0.0,22.714353307004814
2024-11-09 19:46:59,3.646150645175315,0.0,23.469396624933097,3.646268936218923,0.0,22.69887977879504
2024-11-09 19:46:59,3.646150645175315,0.0,26.437220450515156,3.6462689362189225,0.0,22.71310990362861
2024-11-09 19:47:00,3.646150645175315,0.0,20.12271823298272,3.646262364494289,0.0,22.695548144901405
2024-11-09 19:47:00,3.646150645175315,0.0,24.2430730354219,3.646262364494289,0.0,22.743410079205
2024-11-09 19:47:00,3.646150645175315,0.0,24.2430730354219,3.6462623644942895,0.0,22.80825541652658
2024-11-09 19:47:00,3.6456577658292773,0.0,25.72571420883662,3.6462163624218595,0.0,22.88577017429848
2024-11-09 19:47:01,3.645986352059732,0.0,21.000806169342923,3.6462163624218595,0.0,22.852341520621266
2024-11-09 19:47:01,3.645986352059732,0.0,23.469396624933097,3.646196647247961,0.0,22.821834746544724
2024-11-09 19:47:01,3.646150645175315,0.0,22.672238853203226,3.646203218972584,0.0,22.838279997203955
2024-11-09 19:47:01,3.646150645175315,0.0,21.000806169342923,3.6461966472479515,0.0,22.788908188092147
2024-11-09 19:47:02,3.646314938291135,0.0,25.72571420883662,3.646196647247952,0.0,22.849977695204817
2024-11-09 19:47:02,3.645986352059732,0.0,27.80614130216054,3.6461835037986963,0.0,22.921239060539584
2024-11-09 19:47:02,3.646479231407191,0.0,22.672238853203226,3.646196647247972,0.0,22.954667714216797
2024-11-09 19:47:02,3.646479231407191,0.0,24.9947353287605,3.646209790697247,0.0,23.001117643727937
2024-11-09 19:47:03,3.646150645175315,0.0,24.2430730354219,3.646203218972614,0.0,23.016591171937712
2024-11-09 19:47:03,3.6458220589443866,0.0,23.469396624933097,3.6461835037987442,0.0,23.101709874283433
2024-11-09 19:47:03,3.646314938291135,0.0,21.000806169342923,3.6461966472480007,0.0,23.052338065171625
2024-11-09 19:47:03,3.646479231407191,0.0,20.12271823298272,3.6462097906972764,0.0,23.00134765276722
2024-11-09 19:47:04,3.646314938291135,0.0,21.84997632024192,3.6462032189726346,0.0,23.001347652767222
2024-11-09 19:47:04,3.646479231407191,0.0,24.9947353287605,3.6462163624219097,0.0,23.064242832937587
2024-11-09 19:47:04,3.646150645175315,0.0,21.000806169342923,3.6461966472479825,0.0,23.047259429919613
2024-11-09 19:47:04,3.645986352059732,0.0,19.213461507647196,3.6462032189725964,0.0,23.04725942991961
2024-11-09 19:47:05,3.646479231407191,0.0,20.12271823298272,3.646196647247945,0.0,22.94981908800406
2024-11-09 19:47:05,3.646150645175315,0.0,24.9947353287605,3.646176932074017,0.0,23.0296976711924
2024-11-09 19:47:05,3.646479231407191,0.0,23.469396624933097,3.6461900755232928,0.0,23.114816373538122
2024-11-09 19:47:05,3.646150645175315,0.0,21.000806169342923,3.646190075523292,0.0,23.034937790349776
2024-11-09 19:47:06,3.646479231407191,0.0,24.2430730354219,3.646203218972567,0.0,23.082799724653373
2024-11-09 19:47:06,3.6456577658292773,0.0,21.84997632024192,3.6461835037987256,0.0,23.03493779034977
2024-11-09 19:47:06,3.645986352059732,0.0,27.13035904417916,3.646176932074102,0.0,23.124100194169287
2024-11-09 19:47:06,3.646150645175315,0.0,23.469396624933097,3.646176932074102,0.0,23.15648860026311
2024-11-09 19:47:07,3.6458220589443866,0.0,21.000806169342923,3.6461835037987065,0.0,23.107116791151313
2024-11-09 19:47:07,3.6458220589443866,0.0,21.000806169342923,3.646176932074092,0.0,23.073688137474097
2024-11-09 19:47:07,3.646150645175315,0.0,22.672238853203226,3.6461835037987154,0.0,23.107116791151302
2024-11-09 19:47:07,3.646314938291135,0.0,27.13035904417916,3.646190075523348,0.0,23.180336039536222
2024-11-09 19:47:08,3.646479231407191,0.0,21.84997632024192,3.6462032189726234,0.0,23.1479476334424
2024-11-09 19:47:08,3.6458220589443866,0.0,23.469396624933097,3.646183503798753,0.0,23.035150071398157
2024-11-09 19:47:08,3.646479231407191,0.0,22.672238853203226,3.6462032189726523,0.0,23.019206915963558
2024-11-09 19:47:08,3.646479231407191,0.0,19.213461507647196,3.6462032189726523,0.0,22.983460022729652
2024-11-09 19:47:09,3.645329179599769,0.0,27.13035904417916,3.6461572169003555,0.0,23.14179797346029
2024-11-09 19:47:09,3.645493472714405,0.0,22.672238853203226,3.6461309300019193,0.0,23.192788385864695
2024-11-09 19:47:09,3.646150645175315,0.0,26.437220450515156,3.6461440734511568,0.0,23.207018510698273
2024-11-09 19:47:09,3.646314938291135,0.0,22.672238853203226,3.6461440734511563,0.0,23.223463761357493
2024-11-09 19:47:10,3.646314938291135,0.0,21.84997632024192,3.6461375017265154,0.0,23.207018510698273
2024-11-09 19:47:10,3.646314938291135,0.0,23.469396624933097,3.6461375017265154,0.0,23.17651173662172
2024-11-09 19:47:10,3.646479231407191,0.0,21.000806169342923,3.6461375017265145,0.0,23.096633153433373
2024-11-09 19:47:10,3.6458220589443866,0.0,21.000806169342923,3.646124358277277,0.0,23.096633153433373
2024-11-09 19:47:11,3.645986352059732,0.0,24.9947353287605,3.646124358277277,0.0,23.143083082944518
2024-11-09 19:47:11,3.645986352059732,0.0,21.84997632024192,3.6461046431033792,0.0,23.095221148640917
2024-11-09 19:47:11,3.646150645175315,0.0,22.672238853203226,3.6461046431033792,0.0,23.063804464996544
2024-11-09 19:47:11,3.646314938291135,0.0,24.2430730354219,3.646098071378737,0.0,23.09522114864092
2024-11-09 19:47:12,3.646314938291135,0.0,21.000806169342923,3.6461046431033703,0.0,23.045849339529113
2024-11-09 19:47:12,3.646150645175315,0.0,22.672238853203226,3.6460914996540947,0.0,22.970549707582876
2024-11-09 19:47:12,3.646479231407191,0.0,22.672238853203226,3.6461243582772114,0.0,23.021540119987286
2024-11-09 19:47:12,3.646314938291135,0.0,22.672238853203226,3.646137501726468,0.0,22.99012343634291
2024-11-09 19:47:13,3.646150645175315,0.0,21.000806169342923,3.6461375017264674,0.0,22.92527809902133
2024-11-09 19:47:13,3.646643524523484,0.0,21.84997632024192,3.6461703603496316,0.0,22.847763341249436
2024-11-09 19:47:13,3.6458220589443866,0.0,21.84997632024192,3.6461703603496316,0.0,22.864746744267418
2024-11-09 19:47:13,3.645986352059732,0.0,20.12271823298272,3.646163788625009,0.0,22.79781317642841
2024-11-09 19:47:14,3.646807817640014,0.0,24.9947353287605,3.646183503798964,0.0,22.844263105939557
2024-11-09 19:47:14,3.646150645175315,0.0,24.2430730354219,3.646170360349688,0.0,22.90910844326114
2024-11-09 19:47:14,3.645986352059732,0.0,21.000806169342923,3.646176932074302,0.0,22.814610282471257
2024-11-09 19:47:14,3.646643524523484,0.0,24.9947353287605,3.646183503798954,0.0,22.758382163003258
2024-11-09 19:47:15,3.645986352059732,0.0,23.469396624933097,3.6461637886250555,0.0,22.774325318437853
2024-11-09 19:47:15,3.646643524523484,0.0,18.270503504732346,3.6462163624220034,0.0,22.639840681957295
2024-11-09 19:47:15,3.646643524523484,0.0,22.672238853203226,3.6462623644943664,0.0,22.608423998312915
2024-11-09 19:47:15,3.645986352059732,0.0,24.2430730354219,3.6462557927697428,0.0,22.623897526522697
2024-11-09 19:47:16,3.645986352059732,0.0,24.2430730354219,3.6462426493204867,0.0,22.688742863844276
2024-11-09 19:47:16,3.6456577658292773,0.0,21.000806169342923,3.6462163624220123,0.0,22.706304622571484
2024-11-09 19:47:16,3.646643524523484,0.0,20.12271823298272,3.6462295058713066,0.0,22.671759460826298
2024-11-09 19:47:16,3.6456577658292773,0.0,24.9947353287605,3.6461966472481895,0.0,22.671759460826294
2024-11-09 19:47:17,3.6458220589443866,0.0,21.000806169342923,3.6461966472481904,0.0,22.671759460826294
2024-11-09 19:47:17,3.6458220589443866,0.0,23.469396624933097,3.646190075523576,0.0,22.756878163172015
2024-11-09 19:47:17,3.645986352059732,0.0,23.469396624933097,3.646190075523576,0.0,22.823811731011023
2024-11-09 19:47:17,3.646314938291135,0.0,24.2430730354219,3.646196647248209,0.0,22.808778485144252
2024-11-09 19:47:18,3.6458220589443866,0.0,22.672238853203226,3.6461769320743396,0.0,22.79283532970965
2024-11-09 19:47:18,3.6458220589443866,0.0,21.000806169342923,3.64615721690047,0.0,22.79283532970965
2024-11-09 19:47:18,3.646314938291135,0.0,20.12271823298272,3.646163788625103,0.0,22.710428233660867
2024-11-09 19:47:18,3.646314938291135,0.0,20.12271823298272,3.646157216900461,0.0,22.675883071915678
2024-11-09 19:47:19,3.646150645175315,0.0,21.000806169342923,3.646150645175828,0.0,22.553292014418957
2024-11-09 19:47:19,3.646150645175315,0.0,25.72571420883662,3.646150645175828,0.0,22.59841836609702
2024-11-09 19:47:19,3.6458220589443866,0.0,21.000806169342923,3.6461177865526633,0.0,22.59841836609702
2024-11-09 19:47:19,3.645986352059732,0.0,24.9947353287605,3.646124358277277,0.0,22.678296949285382
2024-11-09 19:47:20,3.646643524523484,0.0,22.672238853203226,3.646150645175827,0.0,22.67829694928538
2024-11-09 19:47:20,3.646150645175315,0.0,26.437220450515156,3.6461243582772394,0.0,22.664434177412105
2024-11-09 19:47:20,3.645986352059732,0.0,19.213461507647196,3.646117786552616,0.0,22.611703881160206
2024-11-09 19:47:20,3.6458220589443866,0.0,23.469396624933097,3.646111214828003,0.0,22.611703881160203
2024-11-09 19:47:21,3.646479231407191,0.0,19.213461507647196,3.6461046431033513,0.0,22.542528334249088
2024-11-09 19:47:21,3.646314938291135,0.0,22.672238853203226,3.6461177865526078,0.0,22.61170388116021
2024-11-09 19:47:21,3.6456577658292773,0.0,21.84997632024192,3.646078356204839,0.0,22.506096226681464
2024-11-09 19:47:21,3.646150645175315,0.0,22.672238853203226,3.6460586410309124,0.0,22.506096226681464
2024-11-09 19:47:22,3.645493472714405,0.0,23.469396624933097,3.646038925857099,0.0,22.446739750169822
2024-11-09 19:47:22,3.645986352059732,0.0,23.469396624933097,3.6460389258570984,0.0,22.46268290560442
2024-11-09 19:47:22,3.6456577658292773,0.0,21.000806169342923,3.646038925857098,0.0,22.44569950258644
2024-11-09 19:47:22,3.645986352059732,0.0,24.2430730354219,3.646012638958548,0.0,22.461173030796218
2024-11-09 19:47:23,3.646314938291135,0.0,23.469396624933097,3.646038925857022,0.0,22.51054483990802
2024-11-09 19:47:23,3.6458220589443866,0.0,24.2430730354219,3.646038925857023,0.0,22.5753901772296
2024-11-09 19:47:23,3.645986352059732,0.0,26.437220450515156,3.6460454975816368,0.0,22.604239879664693
2024-11-09 19:47:23,3.646643524523484,0.0,23.469396624933097,3.6460717844801867,0.0,22.63662828575852
2024-11-09 19:47:24,3.646479231407191,0.0,24.9947353287605,3.646078356204829,0.0,22.68307821526966
2024-11-09 19:47:24,3.646314938291135,0.0,24.2430730354219,3.6460980713786997,0.0,22.683078215269667
2024-11-09 19:47:24,3.646150645175315,0.0,23.469396624933097,3.6461112148279358,0.0,22.732450024381468
2024-11-09 19:47:24,3.645986352059732,0.0,24.9947353287605,3.64609807137868,0.0,22.778899953892616
2024-11-09 19:47:25,3.646150645175315,0.0,25.72571420883662,3.6460914996540477,0.0,22.839969461005285
2024-11-09 19:47:25,3.645986352059732,0.0,22.672238853203226,3.646084927929424,0.0,22.839969461005282
2024-11-09 19:47:25,3.646150645175315,0.0,23.469396624933097,3.646084927929424,0.0,22.889341270117082
2024-11-09 19:47:25,3.646150645175315,0.0,24.9947353287605,3.646098071378661,0.0,22.95223645028745
2024-11-09 19:47:25,3.646150645175315,0.0,21.000806169342923,3.6461046431032837,0.0,22.935253047269477
2024-11-09 19:47:26,3.646314938291135,0.0,19.213461507647196,3.64609149965399,0.0,22.917067912762768
2024-11-09 19:47:26,3.646150645175315,0.0,21.84997632024192,3.6460914996539895,0.0,22.854172732592396
2024-11-09 19:47:26,3.646150645175315,0.0,26.437220450515156,3.646098071378613,0.0,22.89805568089426
2024-11-09 19:47:26,3.646150645175315,0.0,23.469396624933097,3.646111214827849,0.0,22.947427490006064
2024-11-09 19:47:27,3.6458220589443866,0.0,22.672238853203226,3.6460849279293375,0.0,22.900977560494923
2024-11-09 19:47:27,3.646150645175315,0.0,20.12271823298272,3.6460783562047046,0.0,22.834043992655907
2024-11-09 19:47:27,3.646150645175315,0.0,27.13035904417916,3.6460980713785456,0.0,23.011241103444842
2024-11-09 19:47:27,3.646150645175315,0.0,22.672238853203226,3.6460980713785456,0.0,23.011241103444835
2024-11-09 19:47:28,3.646150645175315,0.0,21.000806169342923,3.646124358276982,0.0,22.94639576612326
2024-11-09 19:47:28,3.646150645175315,0.0,24.9947353287605,3.6461309300016054,0.0,22.961429011990035
2024-11-09 19:47:28,3.646150645175315,0.0,19.213461507647196,3.6461506451754464,0.0,22.92568211875612
2024-11-09 19:47:28,3.645493472714405,0.0,21.84997632024192,3.646130930001633,0.0,22.960227280501304
2024-11-09 19:47:29,3.645986352059732,0.0,24.2430730354219,3.6461177865523773,0.0,22.945194034634532
2024-11-09 19:47:29,3.6458220589443866,0.0,25.72571420883662,3.6461177865523773,0.0,23.039692195424404
2024-11-09 19:47:29,3.645493472714405,0.0,19.213461507647196,3.6460980713785647,0.0,22.95457349307869
2024-11-09 19:47:29,3.646150645175315,0.0,21.000806169342923,3.6460783562046384,0.0,22.905201683966883
2024-11-09 19:47:30,3.646150645175315,0.0,21.84997632024192,3.6460652127553628,0.0,22.85733974966329
2024-11-09 19:47:30,3.645986352059732,0.0,22.672238853203226,3.646052069306107,0.0,22.857339749663282
2024-11-09 19:47:30,3.6458220589443866,0.0,22.672238853203226,3.6460389258568697,0.0,22.890768403340488
2024-11-09 19:47:30,3.645986352059732,0.0,23.469396624933097,3.6460389258568706,0.0,22.9577019711795
2024-11-09 19:47:31,3.6458220589443866,0.0,20.12271823298272,3.646025782407633,0.0,22.957701971179496
2024-11-09 19:47:31,3.646150645175315,0.0,20.12271823298272,3.646032354132257,0.0,22.940140212452288
2024-11-09 19:47:31,3.646150645175315,0.0,23.469396624933097,3.646032354132257,0.0,22.89501386077422
2024-11-09 19:47:31,3.6458220589443866,0.0,19.213461507647196,3.64601921068302,0.0,22.859266967540307
2024-11-09 19:47:32,3.6458220589443866,0.0,23.469396624933097,3.646006067233783,0.0,22.828760193463765
2024-11-09 19:47:32,3.645986352059732,0.0,23.469396624933097,3.645992923784527,0.0,22.844703348898356
2024-11-09 19:47:32,3.646314938291135,0.0,20.12271823298272,3.6459994955091606,0.0,22.718413304547713
2024-11-09 19:47:32,3.645986352059732,0.0,23.469396624933097,3.645992923784537,0.0,22.803532006893434
2024-11-09 19:47:33,3.646479231407191,0.0,27.13035904417916,3.6460060672338126,0.0,22.87675125527835
2024-11-09 19:47:33,3.645986352059732,0.0,21.000806169342923,3.6460126389584264,0.0,22.912498148512267
2024-11-09 19:47:33,3.646314938291135,0.0,20.12271823298272,3.646019210683059,0.0,22.86150773610785
2024-11-09 19:47:33,3.646150645175315,0.0,24.2430730354219,3.646019210683059,0.0,22.909369670411458
2024-11-09 19:47:34,3.645986352059732,0.0,21.000806169342923,3.646012638958436,0.0,22.875941016734256
2024-11-09 19:47:34,3.6458220589443866,0.0,22.672238853203226,3.645999495509199,0.0,22.859997861299654
2024-11-09 19:47:34,3.646314938291135,0.0,20.12271823298272,3.6460060672338317,0.0,22.79306429346064
2024-11-09 19:47:34,3.646479231407191,0.0,24.9947353287605,3.646019210683107,0.0,22.872942876649
2024-11-09 19:47:35,3.646314938291135,0.0,23.469396624933097,3.6460520693061755,0.0,22.857469348439217
2024-11-09 19:47:35,3.645329179599769,0.0,20.12271823298272,3.646025782407777,0.0,22.790535780600212
2024-11-09 19:47:35,3.6458220589443866,0.0,28.465495270963004,3.646025782407778,0.0,22.874984225311028
2024-11-09 19:47:37,3.7917144399541227,1.304,27.80614130216054,3.651874621097366,0.052160000000000005,22.90236264234394
2024-11-09 19:47:38,3.791550146624252,1.304,28.465495270963004,3.6576906011553234,0.10432000000000001,23.002284615264536
2024-11-09 19:47:38,3.79253590660718,1.304,29.10927472714519,3.6635460116125977,0.15648,23.084575403232233
2024-11-09 19:47:38,3.7920430266146044,1.304,27.80614130216054,3.669388278594792,0.20864000000000002,23.155836768567006
2024-11-09 19:47:38,3.7922073199452164,1.304,28.465495270963004,3.675243689034825,0.26080000000000003,23.255758741487604
2024-11-09 19:47:39,3.7927001999385324,1.304,26.437220450515156,3.681112242949977,0.31296,23.284608443922696
2024-11-09 19:47:39,3.7933573732664123,1.304,29.10927472714519,3.6870136555228585,0.36512,23.352279654288864
2024-11-09 19:47:39,3.7933573732664123,1.304,26.437220450515156,3.6929019246465025,0.41727999999999993,23.427579286235105
2024-11-09 19:47:39,3.793685959931835,1.304,29.10927472714519,3.6988033372367624,0.46943999999999986,23.540376848279344
2024-11-09 19:47:40,3.793685959931835,1.304,28.465495270963004,3.7047178932762597,0.5215999999999998,23.609792047123396
2024-11-09 19:47:40,3.794178839931822,1.303,30.35319968556172,3.7106521645157566,0.5737199999999999,23.796839917447773
2024-11-09 19:47:40,3.7946717199340325,1.303,27.13035904417916,3.7165995792307287,0.6258399999999998,23.955177868178406
2024-11-09 19:47:40,3.794178839931822,1.303,27.80614130216054,3.722514135296356,0.6779599999999998,24.074301167816785
2024-11-09 19:47:41,3.7950003066034084,1.303,29.10927472714519,3.7284746934781032,0.7300799999999996,24.127742253349382
2024-11-09 19:47:41,3.794836013268597,1.303,28.465495270963004,3.734408964752559,0.7821999999999996,24.22766422626998
2024-11-09 19:47:41,3.7956574799451266,1.303,29.10927472714519,3.7403958098679753,0.8343199999999995,24.35640494374882
2024-11-09 19:47:41,3.795328893273773,1.303,27.13035904417916,3.7463563680672816,0.8864399999999993,24.49655775997275
2024-11-09 19:47:42,3.7961503599540114,1.303,29.10927472714519,3.7523563566584297,0.9385599999999993,24.53613607363207
2024-11-09 19:47:42,3.7956574799451266,1.303,27.13035904417916,3.7583432017738456,0.9906799999999991,24.625298477451587
2024-11-09 19:47:42,3.7961503599540114,1.303,29.10927472714519,3.76435633381423,1.042799999999999,24.787467848607633
2024-11-09 19:47:43,3.7963146532908003,1.303,28.465495270963004,3.770356322414216,1.094919999999999,24.856883047451685
2024-11-09 19:47:43,3.796643239965121,1.303,28.465495270963004,3.7763628827565334,1.1470399999999987,25.041923722718003
2024-11-09 19:47:43,3.796971826640431,1.303,28.465495270963004,3.782389158290505,1.1991599999999987,25.174234101732424
2024-11-09 19:47:43,3.796971826640431,1.303,30.35319968556172,3.7884548641721314,1.2512799999999986,25.29643663473522
2024-11-09 19:47:44,3.796807533302652,1.304,28.465495270963004,3.7944942831464616,1.3034399999999986,25.35123225597774
2024-11-09 19:47:44,3.7977932933330334,1.304,28.465495270963004,3.794737437281618,1.3034399999999988,25.53627293124406
2024-11-09 19:47:44,3.7982861733515625,1.304,26.437220450515156,3.7950068783507107,1.303439999999999,25.645001216867502
2024-11-09 19:47:44,3.7981218800118057,1.304,26.437220450515156,3.7952303172868973,1.3034399999999993,25.736746099472974
2024-11-09 19:47:44,3.797628999994018,1.304,27.13035904417916,3.795453756222073,1.3034399999999997,25.82590850329249
2024-11-09 19:47:45,3.7982861733515625,1.304,27.80614130216054,3.7956969103583265,1.30344,25.92858655227164
2024-11-09 19:47:45,3.7984504666915675,1.304,28.465495270963004,3.795926921028448,1.3034400000000002,26.028508525192233
2024-11-09 19:47:45,3.7984504666915675,1.304,27.13035904417916,3.7961306447654546,1.3034400000000002,26.168661341416165
2024-11-09 19:47:45,3.7981218800118057,1.304,29.10927472714519,3.7963212250352707,1.3034400000000006,26.348392471299416
2024-11-09 19:47:46,3.7984504666915675,1.304,28.465495270963004,3.796511805305661,1.3034400000000008,26.44831444422001
2024-11-09 19:47:46,3.799271933395302,1.304,28.465495270963004,3.796735244244198,1.3034400000000008,26.63335511948633
2024-11-09 19:47:46,3.79910764005406,1.304,27.13035904417916,3.7969323962490877,1.303480000000001,26.706574367871255
2024-11-09 19:47:46,3.799271933395302,1.304,28.465495270963004,3.797116404787538,1.3035200000000011,26.806496340791846
2024-11-09 19:47:47,3.799271933395302,1.304,28.465495270963004,3.797320128526077,1.3035600000000012,26.97335188155145
2024-11-09 19:47:47,3.799271933395302,1.304,27.80614130216054,3.797490993597752,1.303600000000001,27.060086775095996
2024-11-09 19:47:47,3.799929106762744,1.304,29.10927472714519,3.7976947173375164,1.3036400000000008,27.09966508875532
2024-11-09 19:47:47,3.799600520078528,1.304,27.13035904417916,3.7978524389428525,1.3036800000000008,27.222256146252043
2024-11-09 19:47:48,3.80025769344795,1.304,27.13035904417916,3.7980495909498186,1.3037200000000007,27.362408962475975
2024-11-09 19:47:48,3.8000934001052236,1.304,29.10927472714519,3.798207312555868,1.3037600000000007,27.45973299631044
2024-11-09 19:47:48,3.8000934001052236,1.304,28.465495270963004,3.7983847493622727,1.3038000000000005,27.60902677834284
2024-11-09 19:47:48,3.8004219867909246,1.304,27.80614130216054,3.7985556144357497,1.3038400000000008,27.711704827321988
2024-11-09 19:47:49,3.80025769344795,1.304,27.13035904417916,3.798713336042036,1.3038800000000006,27.851857643545912
2024-11-09 19:47:49,3.8009148668213335,1.304,27.13035904417916,3.7988842011162856,1.3039200000000006,27.894570117854286
2024-11-09 19:47:49,3.8009148668213335,1.304,28.465495270963004,3.799041922723522,1.3039600000000007,27.994492090774884
2024-11-09 19:47:49,3.8012434535095103,1.304,26.437220450515156,3.7992127877982846,1.3040000000000007,28.120782135125527
2024-11-09 19:47:50,3.80140774685397,1.304,29.10927472714519,3.7993967963403383,1.3040000000000007,28.133657724249176
2024-11-09 19:47:50,3.801079160165298,1.304,29.10927472714519,3.7995282310136287,1.3040000000000007,28.159720392748866
2024-11-09 19:47:50,3.8009148668213335,1.304,28.465495270963004,3.7996333787524192,1.3040000000000007,28.159720392748866
2024-11-09 19:47:50,3.8012434535095103,1.304,27.80614130216054,3.7997582416923272,1.3040000000000007,28.13365772424918
2024-11-09 19:47:51,3.80140774685397,1.304,27.13035904417916,3.799909391566726,1.3040000000000007,28.12014207908955
2024-11-09 19:47:51,3.801900626888835,1.304,27.80614130216054,3.800053969708216,1.3040000000000007,28.1069549997135
2024-11-09 19:47:51,3.801900626888835,1.304,26.437220450515156,3.8001919761161065,1.3040000000000007,28.106954999713498
2024-11-09 19:47:51,3.802064920234285,1.304,29.73826698279845,3.800336554257815,1.3040000000000007,28.119534844826568
2024-11-09 19:47:52,3.802064920234285,1.304,27.80614130216054,3.8004942758667135,1.3040000000000007,28.14691326185947
2024-11-09 19:47:52,3.8023935069259287,1.304,27.13035904417916,3.800651997476088,1.3040000000000007,28.107334948200155
2024-11-09 19:47:52,3.8022292135799836,1.304,29.10927472714519,3.800770288683475,1.3040000000000007,28.1202105373238
2024-11-09 19:47:52,3.8027220936185633,1.304,27.80614130216054,3.8009148668260555,1.3040000000000007,28.069269369655775
2024-11-09 19:47:53,3.8023935069259287,1.304,27.80614130216054,3.8010397297672807,1.3040000000000007,28.0827850148154
2024-11-09 19:47:53,3.8025578002721225,1.304,29.73826698279845,3.801171164442354,1.3040000000000007,28.121427528428157
2024-11-09 19:47:53,3.8028863869652523,1.304,28.465495270963004,3.8013157425851523,1.3040000000000007,28.108551939304515
2024-11-09 19:47:53,3.8023935069259287,1.304,27.13035904417916,3.8014143185916804,1.3040000000000007,28.08184921476884
2024-11-09 19:47:54,3.8030506803121886,1.304,26.437220450515156,3.801552325001028,1.3040000000000007,28.02840812923624
2024-11-09 19:47:54,3.803543560354485,1.304,26.437220450515156,3.8016837596772888,1.3040000000000007,28.01454535736296
2024-11-09 19:47:54,3.803543560354485,1.304,29.10927472714519,3.8018217660872597,1.3040000000000007,28.014545357362962
2024-11-09 19:47:54,3.8040364403990106,1.304,26.437220450515156,3.8019794876990107,1.3040000000000007,28.000682585489685
2024-11-09 19:47:55,3.8033792670068047,1.304,27.13035904417916,3.8020977789076467,1.3040000000000007,27.961104271830358
2024-11-09 19:47:55,3.8037078537024125,1.304,27.80614130216054,3.8022357853178246,1.3040000000000007,27.947917192454312
2024-11-09 19:47:55,3.8043650270966003,1.304,29.73826698279845,3.8023737917288356,1.3040000000000007,27.97337262669102
2024-11-09 19:47:55,3.8042007337476815,1.304,29.10927472714519,3.8025052264058887,1.3040000000000007,27.986248215814665
2024-11-09 19:47:56,3.8043650270966003,1.304,26.437220450515156,3.8026300893493716,1.3040000000000007,27.907928631113737
2024-11-09 19:47:56,3.804529320445767,1.304,28.465495270963004,3.8027549522930433,1.3040000000000007,27.907928631113737
2024-11-09 19:47:56,3.804529320445767,1.304,29.10927472714519,3.8028929587042626,1.3040000000000007,27.920804220237383
2024-11-09 19:47:56,3.8042007337476815,1.304,28.465495270963004,3.8030243933813157,1.3040000000000007,27.961369716646335
2024-11-09 19:47:57,3.8048579071448434,1.304,25.72571420883662,3.8031689715267287,1.3040000000000007,27.947139591812764
2024-11-09 19:47:57,3.8046936137951812,1.304,26.437220450515156,3.8033004062043783,1.3040000000000007,27.933276819939493
2024-11-09 19:47:57,3.805186493844911,1.304,29.10927472714519,3.80343184088262,1.3040000000000007,27.959339488439188
2024-11-09 19:47:57,3.8050222004947534,1.304,28.465495270963004,3.803556703826858,1.3040000000000007,27.959339488439188
2024-11-09 19:47:58,3.805186493844911,1.304,28.465495270963004,3.8036815667712824,1.3040000000000007,27.98604221297486
2024-11-09 19:47:58,3.805186493844911,1.304,26.437220450515156,3.8038064297157077,1.3040000000000007,27.93260112744225
2024-11-09 19:47:58,3.805843667248022,1.304,28.465495270963004,3.8039444361285906,1.3040000000000007,27.93260112744225
2024-11-09 19:47:58,3.805843667248022,1.304,29.10927472714519,3.8040890142753114,1.3040000000000007,27.945476716565896
2024-11-09 19:47:59,3.805843667248022,1.304,27.80614130216054,3.804213877220489,1.3040000000000007,27.958992361725528
2024-11-09 19:47:59,3.8063365473029585,1.304,27.80614130216054,3.8043715988355693,1.3040000000000007,27.94580528234948
2024-11-09 19:47:59,3.805843667248022,1.304,28.465495270963004,3.804503033514606,1.3040000000000007,27.94580528234948
2024-11-09 19:47:59,3.8063365473029585,1.304,29.10927472714519,3.804641039928114,1.3040000000000007,27.971867950849173
2024-11-09 19:48:00,3.8063365473029585,1.304,27.80614130216054,3.8047987615431946,1.3040000000000007,27.945805282349475
2024-11-09 19:48:00,3.8063365473029585,1.304,27.80614130216054,3.8049301962228257,1.3040000000000007,27.959320927509108
2024-11-09 19:48:00,3.806665134007489,1.304,27.13035904417916,3.8050550591689465,1.3040000000000007,27.9593209275091
2024-11-09 19:48:00,3.807158014066145,1.304,28.465495270963004,3.8051996373174135,1.3040000000000007,27.94644533838546
2024-11-09 19:48:01,3.8074866007731556,1.304,27.13035904417916,3.8053376437323805,1.3040000000000007,27.919742613849785
2024-11-09 19:48:01,3.807322307419526,1.304,27.80614130216054,3.80549536534889,1.3040000000000007,27.919742613849785
2024-11-09 19:48:01,3.807322307419526,1.304,27.80614130216054,3.805639943497575,1.3040000000000007,27.933258259009406
2024-11-09 19:48:01,3.807815187481158,1.304,27.13035904417916,3.8057779499129585,1.3040000000000007,27.933258259009413
2024-11-09 19:48:02,3.807815187481158,1.304,28.465495270963004,3.805922528062298,1.3040000000000007,27.933258259009413
2024-11-09 19:48:02,3.8074866007731556,1.304,29.10927472714519,3.8060473910093613,1.3040000000000007,27.98669934454201
2024-11-09 19:48:02,3.8081437741901536,1.304,26.437220450515156,3.806191969159136,1.3040000000000007,27.933258259009417
2024-11-09 19:48:02,3.808472360900141,1.304,29.10927472714519,3.8063496907773104,1.3040000000000007,27.933258259009413
2024-11-09 19:48:03,3.8081437741901536,1.304,27.13035904417916,3.8065074123950087,1.3040000000000007,27.906555534473735
2024-11-09 19:48:03,3.8081437741901536,1.304,28.465495270963004,3.8066388470768207,1.3040000000000007,27.919742613849785
2024-11-09 19:48:03,3.808472360900141,1.304,24.9947353287605,3.806789996961019,1.3040000000000007,27.877030139541407
2024-11-09 19:48:03,3.8088009476111204,1.304,29.10927472714519,3.8069345751116668,1.3040000000000007,27.9030928080411
2024-11-09 19:48:04,3.8086366542555066,1.304,27.80614130216054,3.8070791532620967,1.3040000000000007,27.930471225074015
2024-11-09 19:48:04,3.8088009476111204,1.304,27.80614130216054,3.8072237314127455,1.3040000000000007,27.891828711461258
2024-11-09 19:48:04,3.809129534323093,1.304,28.465495270963004,3.8073814530318733,1.3040000000000007,27.905015790837307
2024-11-09 19:48:04,3.8086366542555066,1.304,26.437220450515156,3.807493172512173,1.3040000000000007,27.891153018964022
2024-11-09 19:48:05,3.809129534323093,1.304,29.10927472714519,3.8076246071951756,1.3040000000000007,27.89115301896403
2024-11-09 19:48:05,3.809458121036058,1.304,27.13035904417916,3.8077691853466966,1.3040000000000007,27.8776373738044
2024-11-09 19:48:05,3.8088009476111204,1.304,27.80614130216054,3.807867761359024,1.3040000000000007,27.8776373738044
2024-11-09 19:48:05,3.809129534323093,1.304,27.13035904417916,3.8079991960420263,1.3040000000000007,27.825479215032015
2024-11-09 19:48:06,3.8099510011073665,1.304,28.465495270963004,3.808143774194203,1.3040000000000007,27.825479215032004
2024-11-09 19:48:06,3.809622414392913,1.304,28.465495270963004,3.808275208877802,1.3040000000000007,27.852181939567686
2024-11-09 19:48:06,3.8092938276794515,1.304,26.437220450515156,3.8083935000928606,1.3040000000000007,27.852181939567682
2024-11-09 19:48:06,3.809129534323093,1.304,27.13035904417916,3.808492076105485,1.3040000000000007,27.86604471144096
2024-11-09 19:48:07,3.809622414392913,1.304,29.10927472714519,3.8085906521185557,1.3040000000000007,27.866044711440964
2024-11-09 19:48:07,3.8102795878228135,1.304,28.465495270963004,3.808702371600542,1.3040000000000007,27.906610207849916
2024-11-09 19:48:07,3.809622414392913,1.304,27.80614130216054,3.808794375879478,1.3040000000000007,27.92012585300954
2024-11-09 19:48:07,3.8097867077500154,1.304,30.35319968556172,3.8088929518926973,1.3040000000000007,27.971067020677566
2024-11-09 19:48:08,3.8097867077500154,1.304,28.465495270963004,3.8089718127034513,1.3040000000000007,27.945611586440855
2024-11-09 19:48:08,3.81044388118091,1.304,27.13035904417916,3.8090769604514407,1.3040000000000007,27.90603327278154
2024-11-09 19:48:08,3.8107724678978463,1.304,29.10927472714519,3.8092083951364275,1.3040000000000007,27.959474358314136
2024-11-09 19:48:08,3.81044388118091,1.304,26.437220450515156,3.809300399416058,1.3040000000000007,27.918908861905184
2024-11-09 19:48:09,3.8107724678978463,1.304,27.13035904417916,3.809392403695966,1.3040000000000007,27.879330548245868
2024-11-09 19:48:09,3.8099510011073665,1.304,27.80614130216054,3.8094646927726554,1.3040000000000007,27.86614346886982
2024-11-09 19:48:09,3.8102795878228135,1.304,28.465495270963004,3.809550125317961,1.3040000000000007,27.92093909011235
2024-11-09 19:48:09,3.811429641334698,1.304,28.465495270963004,3.809668416535344,1.3040000000000007,27.9615045865213
2024-11-09 19:48:10,3.8111010546157758,1.304,28.465495270963004,3.8097604208155302,1.3040000000000007,27.94862899739765
2024-11-09 19:48:10,3.810936761256687,1.304,26.437220450515156,3.809852425095579,1.3040000000000007,27.908063500988693
2024-11-09 19:48:10,3.8107724678978463,1.304,28.465495270963004,3.809931285907047,1.3040000000000007,27.908063500988693
2024-11-09 19:48:10,3.811429641334698,1.304,26.437220450515156,3.8100232901875133,1.3040000000000007,27.908063500988693
2024-11-09 19:48:11,3.811265347975113,1.304,28.465495270963004,3.810128437936298,1.3040000000000007,27.908063500988693
2024-11-09 19:48:11,3.811429641334698,1.304,29.10927472714519,3.810220442216762,1.3040000000000007,27.908063500988696
2024-11-09 19:48:11,3.810936761256687,1.304,27.80614130216054,3.810279587825588,1.3040000000000007,27.908063500988696
2024-11-09 19:48:11,3.810936761256687,1.304,27.80614130216054,3.8103650203714095,1.3040000000000007,27.908063500988696
2024-11-09 19:48:12,3.810936761256687,1.304,29.10927472714519,3.810437309448754,1.3040000000000007,27.920939090112334
2024-11-09 19:48:12,3.8107724678978463,1.304,27.13035904417916,3.8104701681203714,1.3040000000000007,27.881360776453025
2024-11-09 19:48:12,3.8106081745392535,1.304,30.35319968556172,3.8105095985262256,1.3040000000000007,27.93230194412105
2024-11-09 19:48:12,3.811265347975113,1.304,28.465495270963004,3.8105884593380512,1.3040000000000007,27.9454890234971
2024-11-09 19:48:13,3.8115939346945322,1.304,27.80614130216054,3.810687035352909,1.3040000000000007,27.95900466865672
2024-11-09 19:48:13,3.811429641334698,1.304,26.437220450515156,3.810759324430581,1.3040000000000007,27.918439172247762
2024-11-09 19:48:13,3.8119225214149446,1.304,27.80614130216054,3.8108250417742653,1.3040000000000007,27.931954817407394
2024-11-09 19:48:13,3.8119225214149446,1.304,29.10927472714519,3.810917046055146,1.3040000000000007,27.95801748590709
2024-11-09 19:48:14,3.8119225214149446,1.304,27.80614130216054,3.811002478601742,1.3040000000000007,27.95801748590709
2024-11-09 19:48:14,3.8120868147755234,1.304,28.465495270963004,3.811094482882762,1.3040000000000007,27.98472021044277
2024-11-09 19:48:14,3.812415401497426,1.304,28.465495270963004,3.811173343695422,1.3040000000000007,27.98472021044277
2024-11-09 19:48:15,3.8119225214149446,1.304,27.80614130216054,3.8112193458361063,1.3040000000000007,27.95865754194308
2024-11-09 19:48:15,3.8125796948587505,1.304,28.465495270963004,3.81130477838322,1.3040000000000007,27.999223038352035
2024-11-09 19:48:15,3.812415401497426,1.304,28.465495270963004,3.811370495727203,1.3040000000000007,27.986347449228383
2024-11-09 19:48:15,3.8125796948587505,1.304,29.10927472714519,3.8114756434772583,1.3040000000000007,28.02592576288771
2024-11-09 19:48:16,3.8127439882203227,1.304,27.13035904417916,3.8115742194931586,1.3040000000000007,27.999223038352035
2024-11-09 19:48:16,3.8130725749442123,1.304,27.80614130216054,3.811639936837539,1.3040000000000007,28.05545115782003
2024-11-09 19:48:16,3.8132368683065305,1.304,27.80614130216054,3.8117253693851687,1.3040000000000007,28.02938848932034
2024-11-09 19:48:16,3.8132368683065305,1.304,27.80614130216054,3.8118173736671626,1.3040000000000007,28.02938848932034
2024-11-09 19:48:17,3.8134011616690966,1.304,30.35319968556172,3.8119225214180137,1.3040000000000007,28.080329656988365
2024-11-09 19:48:17,3.8127439882203227,1.304,29.10927472714519,3.8119750952934384,1.3040000000000007,28.093205246112007
2024-11-09 19:48:17,3.812908281582143,1.304,27.13035904417916,3.8120408126377208,1.3040000000000007,28.107068017985284
2024-11-09 19:48:17,3.8137297483949735,1.304,29.73826698279845,3.8121328169201307,1.3040000000000007,28.119647863098354
2024-11-09 19:48:18,3.813565455031911,1.304,29.73826698279845,3.8122379646711404,1.3040000000000007,28.17180602187074
2024-11-09 19:48:18,3.813565455031911,1.304,27.80614130216054,3.8123431124221496,1.3040000000000007,28.17180602187074
2024-11-09 19:48:18,3.813894041758285,1.304,29.73826698279845,3.8124614036422138,1.3040000000000007,28.223964180643126
2024-11-09 19:48:18,3.8142226284856533,1.304,28.465495270963004,3.812599410065727,1.3040000000000007,28.22396418064312
2024-11-09 19:48:19,3.8137297483949735,1.304,26.437220450515156,3.812724273019955,1.3040000000000007,28.183398684234163
2024-11-09 19:48:19,3.813565455031911,1.304,28.465495270963004,3.8128162773022267,1.3040000000000007,28.223964180643115
2024-11-09 19:48:19,3.8142226284856533,1.304,28.465495270963004,3.812921425053872,1.3040000000000007,28.250666905178797
2024-11-09 19:48:19,3.813894041758285,1.304,26.437220450515156,3.813020001070815,1.3040000000000007,28.197225819646192
2024-11-09 19:48:20,3.814058335121845,1.304,28.465495270963004,3.813105433619091,1.3040000000000007,28.197225819646192
2024-11-09 19:48:20,3.8142226284856533,1.304,29.10927472714519,3.8131974379019185,1.3040000000000007,28.223288488145887
2024-11-09 19:48:20,3.8143869218497106,1.304,27.80614130216054,3.813296013919309,1.3040000000000007,28.17234732047786
2024-11-09 19:48:20,3.8143869218497106,1.304,28.465495270963004,3.8133880182022772,1.3040000000000007,28.17234732047786
2024-11-09 19:48:21,3.8142226284856533,1.304,25.72571420883662,3.8134603072818067,1.3040000000000007,28.144254423771017
2024-11-09 19:48:21,3.8142226284856533,1.304,27.80614130216054,3.813552311564635,1.3040000000000007,28.118191755271326
2024-11-09 19:48:21,3.813894041758285,1.304,28.465495270963004,3.8136048854406166,1.3040000000000007,28.15875725168028
2024-11-09 19:48:21,3.8142226284856533,1.304,27.80614130216054,3.8136771745201457,1.3040000000000007,28.172272896839903
2024-11-09 19:48:22,3.81471550857857,1.304,28.465495270963004,3.813762607068938,1.3040000000000007,28.185459976215952
2024-11-09 19:48:22,3.8148798019433725,1.304,28.465495270963004,3.81384803961786,1.3040000000000007,28.185459976215952
2024-11-09 19:48:22,3.8145512152140157,1.304,28.465495270963004,3.813907185228652,1.3040000000000007,28.185459976215952
2024-11-09 19:48:22,3.8145512152140157,1.304,24.9947353287605,3.8139597591049506,1.3040000000000007,28.116044777371904
2024-11-09 19:48:23,3.8148798019433725,1.304,25.72571420883662,3.8140254764504244,1.3040000000000007,28.10181465253834
2024-11-09 19:48:23,3.8152083886737236,1.304,27.80614130216054,3.8140977655306085,1.3040000000000007,28.088627573162285
2024-11-09 19:48:23,3.8150440953084237,1.304,29.10927472714519,3.8141897698141327,1.3040000000000007,28.142068658694892
2024-11-09 19:48:23,3.8150440953084237,1.304,29.10927472714519,3.814275202363184,1.3040000000000007,28.15494424781853
2024-11-09 19:48:24,3.8157012687711136,1.304,28.465495270963004,3.814354063178229,1.3040000000000007,28.14206865869489
2024-11-09 19:48:24,3.8152083886737236,1.304,28.465495270963004,3.814419780523902,1.3040000000000007,28.155255738070938
2024-11-09 19:48:24,3.8157012687711136,1.304,27.13035904417916,3.81450521307347,1.3040000000000007,28.14174009291131
2024-11-09 19:48:24,3.815536975405069,1.304,27.13035904417916,3.814570930419342,1.3040000000000007,28.102161779251993
2024-11-09 19:48:25,3.8157012687711136,1.304,28.465495270963004,3.81463007603076,1.3040000000000007,28.128864503787664
2024-11-09 19:48:25,3.816522735605071,1.304,26.437220450515156,3.8147417955191645,1.3040000000000007,28.050544919086732
2024-11-09 19:48:25,3.815865562137408,1.304,30.35319968556172,3.814833799803385,1.3040000000000007,28.08829900737871
2024-11-09 19:48:25,3.8157012687711136,1.304,29.10927472714519,3.8148929454148033,1.3040000000000007,28.114361675878403
2024-11-09 19:48:26,3.8157012687711136,1.304,27.80614130216054,3.8149652344953164,1.3040000000000007,28.14174009291131
2024-11-09 19:48:26,3.816358442237782,1.304,29.10927472714519,3.8150572387799535,1.3040000000000007,28.167802761411004
2024-11-09 19:48:26,3.816358442237782,1.304,27.13035904417916,3.8151426713300385,1.3040000000000007,28.128224447751688
2024-11-09 19:48:26,3.816358442237782,1.304,27.13035904417916,3.8152215321455607,1.3040000000000007,28.114708802592048
2024-11-09 19:48:27,3.816358442237782,1.304,28.465495270963004,3.815300392961083,1.3040000000000007,28.114708802592048
2024-11-09 19:48:27,3.816522735605071,1.304,26.437220450515156,3.815392397245859,1.3040000000000007,28.074143306183096
2024-11-09 19:48:27,3.8166870289726083,1.304,28.465495270963004,3.8154909732653373,1.3040000000000007,28.087330385559145
2024-11-09 19:48:27,3.8166870289726083,1.304,29.10927472714519,3.8156026927539104,1.3040000000000007,28.10020597468279
2024-11-09 19:48:28,3.8160298555039507,1.304,29.10927472714519,3.8156749818346425,1.3040000000000007,28.113081563806436
2024-11-09 19:48:28,3.817015615708429,1.304,28.465495270963004,3.815766986119838,1.3040000000000007,28.100205974682787
2024-11-09 19:48:28,3.816522735605071,1.304,28.465495270963004,3.815832703466307,1.3040000000000007,28.126908699218465
2024-11-09 19:48:28,3.817015615708429,1.304,29.10927472714519,3.815931279486085,1.3040000000000007,28.152971367718152
2024-11-09 19:48:28,3.817015615708429,1.304,27.80614130216054,3.816029855505862,1.3040000000000007,28.152971367718152
2024-11-09 19:48:29,3.817015615708429,1.304,27.13035904417916,3.8161152880564653,1.3040000000000007,28.139455722558523
2024-11-09 19:48:29,3.817015615708429,1.304,27.80614130216054,3.8161875771378537,1.3040000000000007,28.08851455489051
2024-11-09 19:48:29,3.8171799090767125,1.304,27.80614130216054,3.8162730096885853,1.3040000000000007,28.062451886390807
2024-11-09 19:48:30,3.8178370825523333,1.304,29.10927472714519,3.8163847291783424,1.3040000000000007,28.102030200050134
2024-11-09 19:48:30,3.8178370825523333,1.304,29.73826698279845,3.816470161729591,1.3040000000000007,28.102030200050134
2024-11-09 19:48:30,3.8175084958140255,1.304,27.80614130216054,3.8165621660152027,1.3040000000000007,28.063387686437377
2024-11-09 19:48:30,3.8173442024452444,1.304,27.80614130216054,3.8166278833621674,1.3040000000000007,28.06338768643738
2024-11-09 19:48:31,3.8175084958140255,1.304,27.80614130216054,3.8167067441785245,1.3040000000000007,28.024745172824623
2024-11-09 19:48:31,3.8175084958140255,1.304,29.10927472714519,3.8167790332602407,1.3040000000000007,28.037620761948265
2024-11-09 19:48:31,3.8181656692916364,1.304,27.13035904417916,3.8168447506077023,1.3040000000000007,28.051483533821546
2024-11-09 19:48:31,3.81800137592186,1.304,26.437220450515156,3.816930183159079,1.3040000000000007,28.010918037412594
2024-11-09 19:48:32,3.8178370825523333,1.304,28.465495270963004,3.817015615710328,1.3040000000000007,28.010918037412594
2024-11-09 19:48:32,3.8178370825523333,1.304,29.10927472714519,3.817101048261577,1.3040000000000007,28.06435912294519
2024-11-09 19:48:32,3.8178370825523333,1.304,29.73826698279845,3.817160193874159,1.3040000000000007,28.089814557181903
2024-11-09 19:48:32,3.817672789183055,1.304,25.72571420883662,3.81721276775197,1.3040000000000007,28.02214334681574
2024-11-09 19:48:33,3.817672789183055,1.304,26.437220450515156,3.8172653416297813,1.3040000000000007,27.994764929782832
2024-11-09 19:48:33,3.81800137592186,1.304,28.465495270963004,3.817331058977144,1.3040000000000007,27.99476492978282
2024-11-09 19:48:33,3.8188228427732276,1.304,29.10927472714519,3.8174230632638695,1.3040000000000007,28.062436140148996
2024-11-09 19:48:33,3.818658549402457,1.304,29.73826698279845,3.8175019240810637,1.3040000000000007,28.101078653761757
2024-11-09 19:48:34,3.8181656692916364,1.304,27.13035904417916,3.817561069693826,1.3040000000000007,28.07437592922608
2024-11-09 19:48:34,3.8191514295155167,1.304,28.465495270963004,3.817685932654289,1.3040000000000007,28.087563008602128
2024-11-09 19:48:34,3.8188228427732276,1.304,29.10927472714519,3.8177582217368795,1.3040000000000007,28.100438597725773
2024-11-09 19:48:34,3.818329962661661,1.304,27.80614130216054,3.8178305108191433,1.3040000000000007,28.087251518349728
2024-11-09 19:48:35,3.8191514295155167,1.304,29.10927472714519,3.8179159433714265,1.3040000000000007,28.100127107473362
2024-11-09 19:48:35,3.8181656692916364,1.304,27.80614130216054,3.8179619455147553,1.3040000000000007,28.15635522694137
2024-11-09 19:48:35,3.8191514295155167,1.304,28.465495270963004,3.81804737806704,1.3040000000000007,28.211150848183898
2024-11-09 19:48:35,3.8188228427732276,1.304,28.465495270963004,3.8181196671496314,1.3040000000000007,28.224337927559944
2024-11-09 19:48:36,3.818987136144248,1.304,28.465495270963004,3.8181919562323325,1.3040000000000007,28.211462338436295
2024-11-09 19:48:36,3.818494256031934,1.304,27.13035904417916,3.818218243171516,1.3040000000000007,28.171884024776972
2024-11-09 19:48:36,3.818987136144248,1.304,27.80614130216054,3.8182642453151927,1.3040000000000007,28.158696945400926
2024-11-09 19:48:36,3.8193157228870342,1.304,27.13035904417916,3.8183365343981133,1.3040000000000007,28.13199422086525
2024-11-09 19:48:37,3.819480016258801,1.304,27.80614130216054,3.818421966950656,1.3040000000000007,28.145509866024877
2024-11-09 19:48:37,3.818987136144248,1.304,29.73826698279845,3.8184811125638647,1.3040000000000007,28.197668024797263
2024-11-09 19:48:37,3.818987136144248,1.304,29.73826698279845,3.8185402581770727,1.3040000000000007,28.223123459033967
2024-11-09 19:48:37,3.819480016258801,1.304,27.13035904417916,3.81859283205576,1.3040000000000007,28.23698623090725
2024-11-09 19:48:38,3.8193157228870342,1.304,26.437220450515156,3.8186454059343675,1.3040000000000007,28.15866664620632
2024-11-09 19:48:38,3.820301483121367,1.304,28.465495270963004,3.8187439819571294,1.3040000000000007,28.14579105708267
2024-11-09 19:48:38,3.819480016258801,1.304,24.9947353287605,3.8188096993053886,1.3040000000000007,28.08956293761467
2024-11-09 19:48:38,3.81980860300308,1.304,28.465495270963004,3.818888560123418,1.3040000000000007,28.076687348491028
2024-11-09 19:48:39,3.81980860300308,1.304,27.13035904417916,3.8189739926762196,1.3040000000000007,28.076687348491024
2024-11-09 19:48:39,3.8201371897483556,1.304,26.437220450515156,3.8190725686988314,1.3040000000000007,28.06282457661775
2024-11-09 19:48:39,3.820301483121367,1.304,27.80614130216054,3.8191645729868124,1.3040000000000007,28.0496374972417
2024-11-09 19:48:39,3.820301483121367,1.304,26.437220450515156,3.819223718600737,1.3040000000000007,28.0496374972417
2024-11-09 19:48:40,3.820301483121367,1.304,27.80614130216054,3.819289435949494,1.3040000000000007,28.03645041786565
2024-11-09 19:48:40,3.81980860300308,1.304,29.73826698279845,3.819355153297952,1.3040000000000007,28.049030262978714
2024-11-09 19:48:40,3.820301483121367,1.304,27.80614130216054,3.819401155442186,1.3040000000000007,28.022967594479024
2024-11-09 19:48:40,3.820301483121367,1.304,28.465495270963004,3.8194603010561115,1.3040000000000007,28.022967594479024
2024-11-09 19:48:41,3.820301483121367,1.304,27.80614130216054,3.8195391618744994,1.3040000000000007,28.009780515102975
2024-11-09 19:48:41,3.8201371897483556,1.304,28.465495270963004,3.8195785922838126,1.3040000000000007,27.996904925979326
2024-11-09 19:48:41,3.8204657764946264,1.304,28.465495270963004,3.819670596571932,1.3040000000000007,28.01009200535537
2024-11-09 19:48:42,3.8206300698681357,1.304,29.73826698279845,3.8197297421860372,1.3040000000000007,28.062250164127764
2024-11-09 19:48:42,3.820301483121367,1.304,29.10927472714519,3.819788887799963,1.3040000000000007,28.08831283262746
2024-11-09 19:48:42,3.8211229499901562,1.304,29.73826698279845,3.8198743203537986,1.3040000000000007,28.126955346240216
2024-11-09 19:48:42,3.8204657764946264,1.304,30.35319968556172,3.8199531811723055,1.3040000000000007,28.151833845408543
2024-11-09 19:48:43,3.8211229499901562,1.304,28.465495270963004,3.820038613726142,1.3040000000000007,28.12637841117183
2024-11-09 19:48:43,3.8209586566159,1.304,28.465495270963004,3.820104331075296,1.3040000000000007,28.13956549054788
