Timestamp,Voltage,Current,Temperature,Avg Voltage,Avg Current,Avg Temperature
2024-11-04 17:03:18,3.8666322242865916,0.0,21.000806169342923,3.8666322242865916,0.0,21.000806169342923
2024-11-04 17:03:18,3.8654821701862314,0.0,24.2430730354219,3.8660571972364113,0.0,22.62193960238241
2024-11-04 17:03:18,3.864989289861288,0.0,21.84997632024192,3.86570122811137,0.0,22.36461850833558
2024-11-04 17:03:19,3.8651535833026833,0.0,22.672238853203226,3.865564316909198,0.0,22.441523594552493
2024-11-04 17:03:19,3.8651535833026833,0.0,24.2430730354219,3.865482170187895,0.0,22.801833482726373
2024-11-04 17:03:19,3.8651535833026833,0.0,18.270503504732346,3.865427405707027,0.0,22.04661181972737
2024-11-04 17:03:19,3.8651535833026833,0.0,20.12271823298272,3.8653882882206925,0.0,21.77176987876385
2024-11-04 17:03:20,3.864989289861288,0.0,24.2430730354219,3.8653384134257665,0.0,22.080682773346105
2024-11-04 17:03:20,3.864989289861288,0.0,21.000806169342923,3.865299621918602,0.0,21.960696484012416
2024-11-04 17:03:20,3.864989289861288,0.0,22.672238853203226,3.8652685887128704,0.0,22.031850720931498
2024-11-04 17:03:20,3.864496409538612,0.0,23.469396624933097,3.8651983906061202,0.0,22.16253671220437
2024-11-04 17:03:21,3.864660702979252,0.0,24.2430730354219,3.865153583303881,0.0,22.335914739139167
2024-11-04 17:03:21,3.864496409538612,0.0,21.84997632024192,3.8651030314757837,0.0,22.298534860762455
2024-11-04 17:03:21,3.864496409538612,0.0,24.2430730354219,3.865059701337415,0.0,22.4374304446667
2024-11-04 17:03:21,3.864989289861288,0.0,17.290980568862267,3.865055007239006,0.0,22.094333786279737
2024-11-04 17:03:22,3.864660702979252,0.0,23.469396624933097,3.8650303632227714,0.0,22.180275213695573
2024-11-04 17:03:22,3.864332116098224,0.0,21.000806169342923,3.8649892898625033,0.0,22.11089468167483
2024-11-04 17:03:22,3.864989289861288,0.0,14.098022351211,3.864989289862436,0.0,21.66573510776017
2024-11-04 17:03:22,3.864660702979252,0.0,20.12271823298272,3.8649719958159525,0.0,21.584523693298202
2024-11-04 17:03:23,3.864989289861288,0.0,24.2430730354219,3.864972860518219,0.0,21.717451160404387
2024-11-04 17:03:23,3.864660702979252,0.0,23.469396624933097,3.8649579958735063,0.0,21.800877134905754
2024-11-04 17:03:23,3.864167822658088,0.0,17.290980568862267,3.864922078909169,0.0,21.59588183644923
2024-11-04 17:03:23,3.864989289861288,0.0,17.290980568862267,3.8649250011244787,0.0,21.408712216119362
2024-11-04 17:03:23,3.864989289861288,0.0,24.2430730354219,3.8649276798218453,0.0,21.526810583590304
2024-11-04 17:03:24,3.864496409538612,0.0,16.271636627885016,3.864910429010516,0.0,21.316603625362095
2024-11-04 17:03:24,3.864660702979252,0.0,21.000806169342923,3.864831568158223,0.0,21.304457569361357
2024-11-04 17:03:24,3.864660702979252,0.0,19.213461507647196,3.8647987094699436,0.0,21.227013270779352
2024-11-04 17:03:24,3.864496409538612,0.0,19.213461507647196,3.8647789942570365,0.0,21.15510070781035
2024-11-04 17:03:25,3.864496409538612,0.0,19.213461507647196,3.8647527073064736,0.0,21.088147631942658
2024-11-04 17:03:25,3.864496409538612,0.0,23.469396624933097,3.864726420355911,0.0,21.167522598375673
2024-11-04 17:03:25,3.864496409538612,0.0,20.12271823298272,3.864700133405348,0.0,21.133819231750092
2024-11-04 17:03:25,3.8648249964201438,0.0,16.271636627885016,3.864686989930047,0.0,20.981876025379307
2024-11-04 17:03:26,3.864496409538612,0.0,18.270503504732346,3.8646672747171396,0.0,20.89971322172334
2024-11-04 17:03:26,3.864332116098224,0.0,21.84997632024192,3.8646409877666166,0.0,20.92766213638565
2024-11-04 17:03:26,3.864989289861288,0.0,19.213461507647196,3.8646409877666166,0.0,20.87868497556455
2024-11-04 17:03:26,3.864660702979252,0.0,22.672238853203226,3.864647559504242,0.0,20.928505916610067
2024-11-04 17:03:27,3.864660702979252,0.0,16.271636627885016,3.864647559504242,0.0,20.802644584482366
2024-11-04 17:03:27,3.8651535833026833,0.0,19.213461507647196,3.864673846454805,0.0,20.76082397719723
2024-11-04 17:03:27,3.864660702979252,0.0,17.290980568862267,3.864680418192431,0.0,20.671853633393773
2024-11-04 17:03:27,3.864989289861288,0.0,21.000806169342923,3.8646804181924312,0.0,20.680077446792502
2024-11-04 17:03:28,3.8648249964201438,0.0,18.270503504732346,3.864686989930066,0.0,20.621307350644692
2024-11-04 17:03:28,3.8648249964201438,0.0,19.213461507647196,3.8647067051429436,0.0,20.587787211525704
2024-11-04 17:03:28,3.864496409538612,0.0,20.12271823298272,3.864686989930037,0.0,20.576971653885167
2024-11-04 17:03:28,3.864167822658088,0.0,19.213461507647196,3.86466727471719,0.0,20.54598278692521
2024-11-04 17:03:29,3.864167822658088,0.0,17.290980568862267,3.8646344160290624,0.0,20.473649404301593
2024-11-04 17:03:29,3.864332116098224,0.0,19.213461507647196,3.8646212725538205,0.0,20.44625401524389
2024-11-04 17:03:29,3.8648249964201438,0.0,21.84997632024192,3.864647559504302,0.0,20.476120447265124
2024-11-04 17:03:29,3.864496409538612,0.0,20.12271823298272,3.864627844291395,0.0,20.468757901134243
2024-11-04 17:03:30,3.864660702979252,0.0,19.213461507647196,3.8646147008161136,0.0,20.443139607389607
2024-11-04 17:03:30,3.864660702979252,0.0,17.290980568862267,3.864621272553739,0.0,20.380096426619062
2024-11-04 17:03:30,3.8648249964201438,0.0,15.208746963448675,3.8646278442913746,0.0,20.26425524250117
2024-11-04 17:03:30,3.8648249964201438,0.0,16.271636627885016,3.86463441602901,0.0,20.104826514350435
2024-11-04 17:03:31,3.864660702979252,0.0,21.84997632024192,3.8646409877666357,0.0,20.104826514350435
2024-11-04 17:03:31,3.864660702979252,0.0,21.000806169342923,3.8646475595042618,0.0,20.07139786067323
2024-11-04 17:03:31,3.864496409538612,0.0,16.271636627885016,3.8646475595042626,0.0,19.91196913252249
2024-11-04 17:03:31,3.864332116098224,0.0,20.12271823298272,3.8646409877666463,0.0,19.9490134270875
2024-11-04 17:03:31,3.864496409538612,0.0,21.000806169342923,3.8646278442913853,0.0,19.966575185814705
2024-11-04 17:03:32,3.864332116098224,0.0,21.84997632024192,3.86462127255377,0.0,19.918713251511107
2024-11-04 17:03:32,3.864496409538612,0.0,19.213461507647196,3.8646278442913853,0.0,19.88296635827719
2024-11-04 17:03:32,3.864332116098224,0.0,21.84997632024192,3.8646015573408623,0.0,19.866521107617963
2024-11-04 17:03:33,3.8648249964201438,0.0,21.000806169342923,3.864608129078498,0.0,19.81714929850616
2024-11-04 17:03:33,3.864496409538612,0.0,19.213461507647196,3.864601557340872,0.0,19.716557067950667
2024-11-04 17:03:33,3.864660702979252,0.0,18.270503504732346,3.8645818421279348,0.0,19.644967611640475
2024-11-04 17:03:33,3.864496409538612,0.0,23.469396624933097,3.86457527039031,0.0,19.629494083430696
2024-11-04 17:03:33,3.864989289861288,0.0,19.213461507647196,3.86457527039031,0.0,19.667943702206394
2024-11-04 17:03:34,3.864660702979252,0.0,16.271636627885016,3.864568698652675,0.0,19.52398850226544
2024-11-04 17:03:34,3.864660702979252,0.0,23.469396624933097,3.8645621269150388,0.0,19.573360311377236
2024-11-04 17:03:34,3.864167822658088,0.0,19.213461507647196,3.864548983439819,0.0,19.675669094505967
2024-11-04 17:03:34,3.864496409538612,0.0,18.270503504732346,3.8645621269150405,0.0,19.638624799940956
2024-11-04 17:03:35,3.864332116098224,0.0,23.469396624933097,3.8645686986526453,0.0,19.623151271731178
2024-11-04 17:03:35,3.864496409538612,0.0,20.12271823298272,3.864575270390261,0.0,19.55621770389217
2024-11-04 17:03:35,3.864332116098224,0.0,23.469396624933097,3.8645555551773834,0.0,19.679786025013588
2024-11-04 17:03:35,3.864167822658088,0.0,21.000806169342923,3.8645424117021623,0.0,19.753982537023198
2024-11-04 17:03:36,3.864660702979252,0.0,22.672238853203226,3.8645424117021623,0.0,19.72256585337883
2024-11-04 17:03:36,3.864989289861288,0.0,22.672238853203226,3.8645555551774438,0.0,19.85057789788519
2024-11-04 17:03:36,3.8651535833026833,0.0,24.2430730354219,3.8645686986527448,0.0,19.915423235206774
2024-11-04 17:03:36,3.864660702979252,0.0,23.469396624933097,3.8645621269151094,0.0,20.000541937552487
2024-11-04 17:03:37,3.8640035292182042,0.0,22.672238853203226,3.8645358399646677,0.0,20.06971748446361
2024-11-04 17:03:37,3.8651535833026833,0.0,20.12271823298272,3.8645555551776045,0.0,20.087902618970322
2024-11-04 17:03:37,3.864332116098224,0.0,23.469396624933097,3.8645489834399895,0.0,20.087902618970322
2024-11-04 17:03:37,3.864496409538612,0.0,21.000806169342923,3.8645555551776045,0.0,20.105464377697523
2024-11-04 17:03:38,3.8638392357785727,0.0,24.2430730354219,3.8645292682272037,0.0,20.26489310584826
2024-11-04 17:03:38,3.864496409538612,0.0,22.672238853203226,3.8645358399648195,0.0,20.35292781281768
2024-11-04 17:03:38,3.864167822658088,0.0,23.469396624933097,3.8645226964895985,0.0,20.385316218911502
2024-11-04 17:03:38,3.8640035292182042,0.0,23.469396624933097,3.864509553014398,0.0,20.47043492125722
2024-11-04 17:03:39,3.864332116098224,0.0,23.469396624933097,3.8644898378015204,0.0,20.486378076691818
2024-11-04 17:03:39,3.8640035292182042,0.0,22.672238853203226,3.8644701225887035,0.0,20.61439012119818
2024-11-04 17:03:39,3.8640035292182042,0.0,23.469396624933097,3.8644438356382613,0.0,20.699508823543898
2024-11-04 17:03:39,3.864496409538612,0.0,22.672238853203226,3.8644438356382618,0.0,20.807133989230714
2024-11-04 17:03:40,3.864167822658088,0.0,23.469396624933097,3.864410976950134,0.0,20.856505798342518
2024-11-04 17:03:40,3.864167822658088,0.0,21.84997632024192,3.8643912617372873,0.0,20.928095254652714
2024-11-04 17:03:40,3.8648249964201438,0.0,20.12271823298272,3.8643978334749227,0.0,20.94628038915942
2024-11-04 17:03:40,3.864332116098224,0.0,20.12271823298272,3.864404405212528,0.0,20.94628038915942
2024-11-04 17:03:40,3.864332116098224,0.0,20.12271823298272,3.8643978334749125,0.0,20.96446552366613
2024-11-04 17:03:41,3.8648249964201438,0.0,19.213461507647196,3.8644175486877894,0.0,21.00291514244183
2024-11-04 17:03:41,3.8638392357785727,0.0,18.270503504732346,3.864391261737389,0.0,20.984055982383534
2024-11-04 17:03:41,3.864332116098224,0.0,21.84997632024192,3.864391261737388,0.0,20.98405598238353
2024-11-04 17:03:42,3.864167822658088,0.0,20.12271823298272,3.864391261737388,0.0,20.984055982383534
2024-11-04 17:03:42,3.864660702979252,0.0,19.213461507647196,3.864391261737388,0.0,20.984055982383534
2024-11-04 17:03:42,3.8638392357785727,0.0,22.672238853203226,3.8643452595740797,0.0,21.09168114807035
2024-11-04 17:03:42,3.864332116098224,0.0,21.000806169342923,3.8643124008859013,0.0,21.207522332188237
2024-11-04 17:03:42,3.864332116098224,0.0,20.12271823298272,3.8642992574106603,0.0,21.284543964290187
2024-11-04 17:03:43,3.864660702979252,0.0,16.271636627885016,3.8643255443611024,0.0,21.172977170443055
2024-11-04 17:03:43,3.864332116098224,0.0,18.270503504732346,3.8642926856729223,0.0,21.118371117150847
2024-11-04 17:03:43,3.864496409538612,0.0,21.000806169342923,3.864299257410538,0.0,21.21295450798
2024-11-04 17:03:43,3.8640035292182042,0.0,21.84997632024192,3.8642795421977216,0.0,21.24749966972518
2024-11-04 17:03:44,3.864496409538612,0.0,24.9947353287605,3.864305829148124,0.0,21.327378252913537
2024-11-04 17:03:44,3.864660702979252,0.0,21.000806169342923,3.864312400885749,0.0,21.310394849895555
2024-11-04 17:03:44,3.864167822658088,0.0,20.12271823298272,3.8643124008857495,0.0,21.328579984402268
2024-11-04 17:03:44,3.8640035292182042,0.0,21.000806169342923,3.8643124008857495,0.0,21.311596581384283
2024-11-04 17:03:45,3.864660702979252,0.0,16.271636627885016,3.864325544360991,0.0,21.217013190555132
2024-11-04 17:03:45,3.864332116098224,0.0,24.2430730354219,3.8643386878361916,0.0,21.317605421110624
2024-11-04 17:03:45,3.864496409538612,0.0,15.208746963448675,3.864358403049008,0.0,21.25637029028495
2024-11-04 17:03:45,3.864167822658088,0.0,19.213461507647196,3.8643452595737875,0.0,21.17125158793923
2024-11-04 17:03:46,3.864332116098224,0.0,21.84997632024192,3.8643518313113923,0.0,21.22398188419113
2024-11-04 17:03:46,3.864660702979252,0.0,23.469396624933097,3.8643715465242394,0.0,21.36793708413209
2024-11-04 17:03:46,3.8651535833026833,0.0,23.469396624933097,3.864384689999541,0.0,21.36793708413209
2024-11-04 17:03:46,3.864167822658088,0.0,18.270503504732346,3.8643781182619357,0.0,21.34907792407379
2024-11-04 17:03:47,3.864332116098224,0.0,23.469396624933097,3.8643781182619357,0.0,21.45305578647781
2024-11-04 17:03:47,3.864332116098224,0.0,20.12271823298272,3.8643584030490588,0.0,21.386122218638803
2024-11-04 17:03:47,3.864332116098224,0.0,21.84997632024192,3.864378118261844,0.0,21.42066738038398
2024-11-04 17:03:47,3.864167822658088,0.0,23.469396624933097,3.864371546524238,0.0,21.420667380383986
2024-11-04 17:03:48,3.864332116098224,0.0,24.9947353287605,3.8643781182618437,0.0,21.500545963572335
2024-11-04 17:03:48,3.864167822658088,0.0,22.672238853203226,3.8643584030489975,0.0,21.500545963572335
2024-11-04 17:03:48,3.864167822658088,0.0,17.290980568862267,3.8643715465241772,0.0,21.392920797885516
2024-11-04 17:03:48,3.864496409538612,0.0,19.213461507647196,3.864378118261793,0.0,21.292328567330024
2024-11-04 17:03:49,3.864496409538612,0.0,22.672238853203226,3.8643846899994094,0.0,21.276385411895426
2024-11-04 17:03:49,3.864496409538612,0.0,22.672238853203226,3.8643781182617847,0.0,21.27638541189543
2024-11-04 17:03:49,3.864332116098224,0.0,18.270503504732346,3.8643781182617847,0.0,21.239341117330422
2024-11-04 17:03:49,3.8640035292182042,0.0,22.672238853203226,3.8643584030489677,0.0,21.22339796189582
2024-11-04 17:03:49,3.864496409538612,0.0,24.2430730354219,3.864378118261785,0.0,21.288243299217406
2024-11-04 17:03:50,3.864989289861288,0.0,21.000806169342923,3.864397833474692,0.0,21.22339796189582
2024-11-04 17:03:50,3.864660702979252,0.0,24.2430730354219,3.864397833474692,0.0,21.254814645540197
2024-11-04 17:03:50,3.864167822658088,0.0,21.000806169342923,3.864397833474692,0.0,21.205442836428393
2024-11-04 17:03:50,3.864496409538612,0.0,22.672238853203226,3.8644175486875083,0.0,21.189499680993794
2024-11-04 17:03:51,3.8648249964201438,0.0,20.12271823298272,3.8644241204251437,0.0,21.12256611315479
2024-11-04 17:03:51,3.864332116098224,0.0,22.672238853203226,3.8644241204251437,0.0,21.122566113154786
2024-11-04 17:03:51,3.8640035292182042,0.0,23.469396624933097,3.8644044052123276,0.0,21.122566113154786
2024-11-04 17:03:51,3.864332116098224,0.0,22.672238853203226,3.8644109769499324,0.0,21.122566113154786
2024-11-04 17:03:52,3.864496409538612,0.0,21.000806169342923,3.8644175486875487,0.0,21.073194304042982
2024-11-04 17:03:52,3.864496409538612,0.0,20.12271823298272,3.864410976949923,0.0,21.03864914229779
2024-11-04 17:03:52,3.864332116098224,0.0,18.270503504732346,3.864378118261744,0.0,21.00160484773279
2024-11-04 17:03:52,3.864167822658088,0.0,18.270503504732346,3.864378118261744,0.0,20.964560553167786
2024-11-04 17:03:53,3.864167822658088,0.0,22.672238853203226,3.864371546524138,0.0,21.015550965572192
2024-11-04 17:03:53,3.8638392357785727,0.0,21.84997632024192,3.8643518313113527,0.0,21.068281261824087
2024-11-04 17:03:53,3.864496409538612,0.0,21.000806169342923,3.864358403048969,0.0,21.1228873151163
2024-11-04 17:03:53,3.8638392357785727,0.0,20.12271823298272,3.864345259573789,0.0,21.088342153371112
2024-11-04 17:03:54,3.8638392357785727,0.0,20.12271823298272,3.864325544361003,0.0,21.088342153371112
2024-11-04 17:03:54,3.864332116098224,0.0,19.213461507647196,3.8643321160986086,0.0,21.088342153371112
2024-11-04 17:03:54,3.8640035292182042,0.0,21.000806169342923,3.8643255443610127,0.0,21.054913499693907
2024-11-04 17:03:54,3.8638392357785727,0.0,21.000806169342923,3.864299257410612,0.0,21.054913499693907
2024-11-04 17:03:55,3.8640035292182042,0.0,19.213461507647196,3.864279542197795,0.0,21.0367283651872
2024-11-04 17:03:55,3.864167822658088,0.0,18.270503504732346,3.8642663987225747,0.0,21.076705702724148
2024-11-04 17:03:55,3.8640035292182042,0.0,20.12271823298272,3.8642532552473727,0.0,21.11374999728915
2024-11-04 17:03:55,3.864332116098224,0.0,20.12271823298272,3.864266398722573,0.0,21.096188238561954
2024-11-04 17:03:56,3.864167822658088,0.0,17.290980568862267,3.864253255247351,0.0,21.00500832353436
2024-11-04 17:03:56,3.864660702979252,0.0,20.12271823298272,3.864240111772069,0.0,20.907567981618794
2024-11-04 17:03:56,3.8640035292182042,0.0,21.84997632024192,3.8642138248216273,0.0,20.924551384636775
2024-11-04 17:03:56,3.864167822658088,0.0,22.672238853203226,3.8642138248216273,0.0,20.975541797041192
2024-11-04 17:03:56,3.8640035292182042,0.0,19.213461507647196,3.8641941096088113,0.0,20.939794903807275
2024-11-04 17:03:57,3.864332116098224,0.0,21.84997632024192,3.8641743943959335,0.0,21.05136169765441
2024-11-04 17:03:57,3.8638392357785727,0.0,23.469396624933097,3.8641546791831485,0.0,21.035888169444632
2024-11-04 17:03:57,3.863674942339193,0.0,21.000806169342923,3.864141535707989,0.0,21.15172935356252
2024-11-04 17:03:57,3.8638392357785727,0.0,22.672238853203226,3.8641218204952037,0.0,21.220904900473638
2024-11-04 17:03:58,3.864167822658088,0.0,22.672238853203226,3.8641086770199826,0.0,21.237350151132866
2024-11-04 17:03:58,3.8638392357785727,0.0,21.84997632024192,3.8640823900695818,0.0,21.20496174503904
2024-11-04 17:03:58,3.864167822658088,0.0,22.672238853203226,3.8640758183319766,0.0,21.189018589604444
2024-11-04 17:03:58,3.8640035292182042,0.0,17.290980568862267,3.864069246594381,0.0,21.169428130887045
2024-11-04 17:03:59,3.8640035292182042,0.0,22.672238853203226,3.864062674856786,0.0,21.153484975452447
2024-11-04 17:03:59,3.864167822658088,0.0,21.84997632024192,3.8640758183319663,0.0,21.18803013719763
2024-11-04 17:03:59,3.8640035292182042,0.0,19.213461507647196,3.8640561031191485,0.0,21.135299840945734
2024-11-04 17:03:59,3.864660702979252,0.0,21.000806169342923,3.8640889618071754,0.0,21.085928031833934
2024-11-04 17:04:00,3.864167822658088,0.0,20.12271823298272,3.864102105282356,0.0,20.988487689918376
2024-11-04 17:04:00,3.8638392357785727,0.0,21.000806169342923,3.8640823900695698,0.0,20.955059036241174
2024-11-04 17:04:00,3.864167822658088,0.0,20.12271823298272,3.864088961807165,0.0,21.01169378952358
2024-11-04 17:04:00,3.864167822658088,0.0,21.000806169342923,3.864102105282346,0.0,21.047440682757497
2024-11-04 17:04:01,3.8640035292182042,0.0,21.000806169342923,3.864102105282346,0.0,21.01401202908029
2024-11-04 17:04:01,3.8640035292182042,0.0,20.12271823298272,3.86409553354475,0.0,20.963021616675878
2024-11-04 17:04:01,3.864167822658088,0.0,20.12271823298272,3.8641021052823463,0.0,21.00006591124088
2024-11-04 17:04:01,3.8640035292182042,0.0,20.12271823298272,3.8640889618071457,0.0,20.949075498836475
2024-11-04 17:04:02,3.864496409538612,0.0,18.270503504732346,3.8641021052823668,0.0,20.82962410822269
2024-11-04 17:04:02,3.8640035292182042,0.0,20.12271823298272,3.864075818331924,0.0,20.81206234949548
2024-11-04 17:04:02,3.864167822658088,0.0,16.271636627885016,3.864082390069519,0.0,20.652633621344744
2024-11-04 17:04:02,3.8638392357785727,0.0,19.213461507647196,3.864069246594339,0.0,20.61688672811083
2024-11-04 17:04:03,3.8640035292182042,0.0,24.2430730354219,3.864069246594339,0.0,20.648303411755204
2024-11-04 17:04:03,3.8640035292182042,0.0,20.12271823298272,3.864056103119138,0.0,20.648303411755204
2024-11-04 17:04:03,3.8640035292182042,0.0,22.672238853203226,3.864062674856723,0.0,20.648303411755204
2024-11-04 17:04:03,3.864167822658088,0.0,22.672238853203226,3.8640823900694796,0.0,20.63236025632061
2024-11-04 17:04:03,3.863346355461189,0.0,23.469396624933097,3.864062674856783,0.0,20.648303411755204
2024-11-04 17:04:04,3.8640035292182042,0.0,21.84997632024192,3.8640561031191885,0.0,20.665286814773182
2024-11-04 17:04:04,3.864167822658088,0.0,21.84997632024192,3.8640692465943687,0.0,20.69983197651837
2024-11-04 17:04:04,3.8640035292182042,0.0,23.469396624933097,3.864062674856773,0.0,20.80380983892238
2024-11-04 17:04:04,3.8640035292182042,0.0,20.12271823298272,3.864062674856773,0.0,20.84085413348739
2024-11-04 17:04:05,3.864167822658088,0.0,18.270503504732346,3.8640692465943687,0.0,20.752819426517974
2024-11-04 17:04:05,3.8640035292182042,0.0,20.12271823298272,3.8640626748567737,0.0,20.71827426477279
2024-11-04 17:04:05,3.8638392357785727,0.0,19.213461507647196,3.8640561031191885,0.0,20.682527371538878
2024-11-04 17:04:05,3.8640035292182042,0.0,22.672238853203226,3.8640298161687463,0.0,20.733517783943284
2024-11-04 17:04:06,3.8638392357785727,0.0,24.2430730354219,3.8640166726935665,0.0,20.81592487999207
2024-11-04 17:04:06,3.864167822658088,0.0,21.84997632024192,3.8640298161687467,0.0,20.868655176243966
2024-11-04 17:04:06,3.864167822658088,0.0,23.469396624933097,3.864029816168748,0.0,20.91802698535577
2024-11-04 17:04:06,3.8640035292182042,0.0,19.213461507647196,3.8640232444311526,0.0,20.882280092121857
2024-11-04 17:04:07,3.863674942339193,0.0,19.213461507647196,3.864010100955992,0.0,20.882280092121857
2024-11-04 17:04:07,3.8638392357785727,0.0,21.000806169342923,3.864003529218408,0.0,20.936886145414068
2024-11-04 17:04:07,3.863674942339193,0.0,21.000806169342923,3.863983814005652,0.0,20.954447904141272
2024-11-04 17:04:07,3.8638392357785727,0.0,21.000806169342923,3.8639772422680676,0.0,20.972009662868476
2024-11-04 17:04:08,3.8638392357785727,0.0,22.672238853203226,3.8639509553176663,0.0,21.079634828555296
2024-11-04 17:04:08,3.8640035292182042,0.0,19.213461507647196,3.863950955317665,0.0,21.061449694048587
2024-11-04 17:04:08,3.8640035292182042,0.0,19.213461507647196,3.8639443835800695,0.0,21.00871939779669
2024-11-04 17:04:08,3.864167822658088,0.0,16.271636627885016,3.8639575270552506,0.0,20.880707353290326
2024-11-04 17:04:09,3.863674942339193,0.0,20.12271823298272,3.86394438358009,0.0,20.89889248779704
2024-11-04 17:04:09,3.864167822658088,0.0,20.12271823298272,3.8639509553176845,0.0,20.864347326051853
2024-11-04 17:04:09,3.8640035292182042,0.0,20.12271823298272,3.863950955317684,0.0,20.79741375821284
2024-11-04 17:04:09,3.864167822658088,0.0,23.469396624933097,3.863950955317683,0.0,20.846785567324652
2024-11-04 17:04:10,3.864167822658088,0.0,21.000806169342923,3.8639838140055582,0.0,20.81335691364744
2024-11-04 17:04:10,3.8638392357785727,0.0,22.672238853203226,3.863977242267974,0.0,20.81335691364744
2024-11-04 17:04:10,3.863674942339193,0.0,22.672238853203226,3.8639575270552187,0.0,20.829802164306667
2024-11-04 17:04:10,3.8640035292182042,0.0,24.2430730354219,3.8639575270552187,0.0,20.86121884795104
2024-11-04 17:04:10,3.863674942339193,0.0,22.672238853203226,3.863944383580058,0.0,20.96884401363786
2024-11-04 17:04:11,3.8638392357785727,0.0,22.672238853203226,3.863931240104878,0.0,20.96884401363786
2024-11-04 17:04:11,3.863674942339193,0.0,21.84997632024192,3.863918096629719,0.0,20.96884401363786
2024-11-04 17:04:11,3.8638392357785727,0.0,22.672238853203226,3.8639180966297193,0.0,21.038019560548978
2024-11-04 17:04:11,3.864167822658088,0.0,19.213461507647196,3.863924668367315,0.0,21.002272667315065
2024-11-04 17:04:12,3.8640035292182042,0.0,18.270503504732346,3.8639312401048995,0.0,20.96522837275006
2024-11-04 17:04:12,3.8640035292182042,0.0,22.672238853203226,3.8639246683673023,0.0,20.998657026427267
2024-11-04 17:04:12,3.863674942339193,0.0,21.000806169342923,3.863904953154547,0.0,21.016218785154468
2024-11-04 17:04:12,3.8638392357785727,0.0,21.84997632024192,3.8638983814169627,0.0,21.03320218817245
2024-11-04 17:04:13,3.863674942339193,0.0,21.84997632024192,3.8638983814169627,0.0,21.050185591190424
2024-11-04 17:04:13,3.864332116098224,0.0,21.000806169342923,3.8639180966297477,0.0,21.067747349917628
2024-11-04 17:04:13,3.863674942339193,0.0,23.469396624933097,3.8639180966297473,0.0,21.134680917756636
2024-11-04 17:04:13,3.864332116098224,0.0,22.672238853203226,3.8639378118425323,0.0,21.185671330161043
2024-11-04 17:04:14,3.864167822658088,0.0,21.000806169342923,3.8639509553177134,0.0,21.240277383453257
2024-11-04 17:04:14,3.8640035292182042,0.0,18.270503504732346,3.8639509553177134,0.0,21.203233088888254
2024-11-04 17:04:14,3.863674942339193,0.0,22.672238853203226,3.8639378118425536,0.0,21.331245133394617
2024-11-04 17:04:14,3.863510648900065,0.0,21.84997632024192,3.863911524892232,0.0,21.383975429646508
2024-11-04 17:04:15,3.864332116098224,0.0,20.12271823298272,3.863937811842592,0.0,21.301568333597725
2024-11-04 17:04:15,3.863674942339193,0.0,21.84997632024192,3.8639180966298374,0.0,21.33611349534291
2024-11-04 17:04:15,3.863674942339193,0.0,16.271636627885016,3.863904953154677,0.0,21.208101450836548
2024-11-04 17:04:15,3.864660702979252,0.0,21.84997632024192,3.8639246683675244,0.0,21.191656200177317
2024-11-04 17:04:15,3.864167822658088,0.0,18.270503504732346,3.8639246683675244,0.0,21.087678337773305
2024-11-04 17:04:16,3.863510648900065,0.0,15.208746963448675,3.8639115248923845,0.0,20.954853750637437
2024-11-04 17:04:16,3.864167822658088,0.0,19.213461507647196,3.8639312401051398,0.0,20.902123454385542
2024-11-04 17:04:16,3.8638392357785727,0.0,15.208746963448675,3.863924668367555,0.0,20.736910461155855
2024-11-04 17:04:16,3.863510648900065,0.0,21.000806169342923,3.86391809662999,0.0,20.754472219883056
2024-11-04 17:04:17,3.864660702979252,0.0,20.12271823298272,3.8639509553180176,0.0,20.791516514448066
2024-11-04 17:04:17,3.8638392357785727,0.0,21.000806169342923,3.863957527055593,0.0,20.809078273175263
2024-11-04 17:04:17,3.864167822658088,0.0,20.12271823298272,3.8639706705307737,0.0,20.82726340768198
2024-11-04 17:04:17,3.8640035292182042,0.0,22.672238853203226,3.863964098793178,0.0,20.82726340768198
2024-11-04 17:04:18,3.863674942339193,0.0,21.000806169342923,3.863950955318017,0.0,20.7624180703604
2024-11-04 17:04:20,4.068220473168734,0.994,24.9947353287605,3.872119633076038,0.03976,20.825313250530773
2024-11-04 17:04:20,4.130980709717249,0.99,27.13035904417916,3.88281186377116,0.07936,20.898532498915692
2024-11-04 17:04:20,4.116687144540686,0.99,24.2430730354219,3.892925780121644,0.11896000000000001,20.999124729471188
2024-11-04 17:04:21,4.114058443121399,0.99,24.9947353287605,3.9029411201529327,0.15856,21.114750205893458
2024-11-04 17:04:21,4.1201373152582494,1.199,25.72571420883662,3.913173328119334,0.20652,21.209248366683333
2024-11-04 17:04:21,4.129337771087167,1.199,27.13035904417916,3.9237998412692523,0.25448,21.331839424180057
2024-11-04 17:04:21,4.129173477225646,1.296,24.9947353287605,3.9343934957143496,0.30632,21.411718007368403
2024-11-04 17:04:22,4.12983065267335,1.296,26.437220450515156,3.94502000891496,0.35816,21.487017639314644
2024-11-04 17:04:22,4.129502064948957,1.303,26.437220450515156,3.9556399503441897,0.41028,21.63149281817201
2024-11-04 17:04:22,4.129994946535953,1.303,24.9947353287605,3.9662927505120598,0.46240000000000003,21.74711829459427
2024-11-04 17:04:22,4.130487828125383,1.303,22.672238853203226,3.9769718376810728,0.5145200000000001,21.875130339100632
2024-11-04 17:04:23,4.130652121989067,1.303,26.437220450515156,3.9876246379167073,0.56664,22.001420383451286
2024-11-04 17:04:23,4.1308164158530225,1.303,24.9947353287605,3.9983102968572597,0.6187600000000001,22.098860725366833
2024-11-04 17:04:23,4.130487828125383,1.303,24.2430730354219,4.008982812288707,0.67088,22.181267821415624
2024-11-04 17:04:23,4.131473591311549,1.303,24.2430730354219,4.019655327821999,0.723,22.1967413496254
2024-11-04 17:04:24,4.131473591311549,1.303,24.9947353287605,4.030347558568139,0.7751199999999998,22.27661993281375
2024-11-04 17:04:24,4.131802179042436,1.303,24.2430730354219,4.041079219773834,0.8272399999999998,22.308036616458125
2024-11-04 17:04:24,4.131966472908285,1.303,25.72571420883662,4.051791165783842,0.8793599999999997,22.36910612357079
2024-11-04 17:04:24,4.132295060640797,1.303,25.72571420883662,4.06252939877833,0.9314799999999995,22.398758947039088
2024-11-04 17:04:25,4.13262364837439,1.303,23.469396624933097,4.073293918757304,0.9835999999999995,22.41470210247368
2024-11-04 17:04:25,4.13262364837439,1.303,23.469396624933097,4.084012436573109,1.0357199999999993,22.43064525790828
2024-11-04 17:04:25,4.132295060640797,1.303,24.9947353287605,4.094750669567597,1.0878399999999993,22.49354043807865
2024-11-04 17:04:25,4.132952236109068,1.303,24.9947353287605,4.105502046105637,1.1399599999999992,22.539990367589798
2024-11-04 17:04:26,4.133280823844827,1.303,29.10927472714519,4.1162731378907,1.192079999999999,22.737906631979758
2024-11-04 17:04:26,4.133116529976812,1.303,24.9947353287605,4.127050801396205,1.2441999999999989,22.872391268460323
2024-11-04 17:04:26,4.133937999319596,1.303,24.2430730354219,4.129679502442238,1.256559999999999,22.9038079521047
2024-11-04 17:04:26,4.133937999319596,1.303,25.72571420883662,4.129797794026332,1.2690799999999989,22.99830611289457
2024-11-04 17:04:27,4.133773705450497,1.304,25.72571420883662,4.1304812564627245,1.281639999999999,23.075820870666465
2024-11-04 17:04:27,4.134430880928515,1.304,23.469396624933097,4.131296153975009,1.2941999999999994,23.108209276760284
2024-11-04 17:04:27,4.134595174798697,1.304,25.72571420883662,4.131874468356627,1.2983999999999996,23.20270743755016
2024-11-04 17:04:27,4.135088056410868,1.304,22.672238853203226,4.132104479769575,1.3025999999999995,23.18676428211556
2024-11-04 17:04:28,4.135252350282133,1.304,27.80614130216054,4.132347634691835,1.3029199999999996,23.289442331094712
2024-11-04 17:04:28,4.135416644153669,1.304,24.9947353287605,4.132571074351048,1.3032399999999997,23.369320914283062
2024-11-04 17:04:28,4.135745231897554,1.304,24.9947353287605,4.132820801028993,1.30328,23.503805550763623
2024-11-04 17:04:28,4.135745231897554,1.304,22.672238853203226,4.133050812443456,1.3033200000000003,23.503805550763627
2024-11-04 17:04:29,4.136238113515414,1.304,24.2430730354219,4.133280823859058,1.3033600000000005,23.551667485067224
2024-11-04 17:04:29,4.136238113515414,1.304,27.80614130216054,4.133504263520113,1.3034000000000006,23.705335946450777
2024-11-04 17:04:29,4.136566701262008,1.304,22.672238853203226,4.133734274936473,1.3034400000000008,23.72178119711001
2024-11-04 17:04:29,4.136402407388575,1.304,24.9947353287605,4.133970858107001,1.303480000000001,23.896243171127523
2024-11-04 17:04:30,4.136402407388575,1.304,24.9947353287605,4.1341680107500824,1.3035200000000011,23.959138351297888
2024-11-04 17:04:30,4.137059582883932,1.304,24.9947353287605,4.134391450412976,1.3035600000000012,24.093622987778453
2024-11-04 17:04:30,4.137223876758449,1.304,23.469396624933097,4.134608318321616,1.303600000000001,24.258835981008144
2024-11-04 17:04:30,4.137552464508295,1.304,23.469396624933097,4.134831757985616,1.3036400000000008,24.343954683353854
2024-11-04 17:04:31,4.137552464508295,1.304,24.2430730354219,4.135042054140317,1.3036800000000008,24.52464120479332
2024-11-04 17:04:31,4.137388170633236,1.304,26.437220450515156,4.135232635030672,1.3037200000000007,24.63336949041676
2024-11-04 17:04:31,4.138373933887656,1.304,23.469396624933097,4.135462646451202,1.3037600000000007,24.700303058255773
2024-11-04 17:04:31,4.1380453461350974,1.304,24.2430730354219,4.135692657870974,1.3038000000000005,24.765148395577352
2024-11-04 17:04:32,4.13853822776434,1.304,26.437220450515156,4.135916097537185,1.3038400000000008,24.891438439928006
2024-11-04 17:04:32,4.138866815518525,1.304,24.9947353287605,4.136139537204134,1.3038800000000006,24.937888369439147
2024-11-04 17:04:32,4.139031109396024,1.304,25.72571420883662,4.136376120380903,1.3039200000000006,25.032386530229022
2024-11-04 17:04:32,4.139031109396024,1.304,23.469396624933097,4.13657984478396,1.3039600000000007,25.00187975615248
2024-11-04 17:04:33,4.139523991030147,1.304,26.437220450515156,4.136803284452383,1.3040000000000007,24.98801698427919
2024-11-04 17:04:33,4.140181166546109,1.304,24.9947353287605,4.137059582896207,1.3040000000000007,25.00305023014597
2024-11-04 17:04:33,4.139852578787585,1.304,24.9947353287605,4.137276450810568,1.3040000000000007,25.003050230145963
2024-11-04 17:04:33,4.1400168726667115,1.304,25.72571420883662,4.137493318725288,1.3040000000000007,25.003050230145956
2024-11-04 17:04:34,4.140181166546109,1.304,24.9947353287605,4.137697043130697,1.3040000000000007,24.960337755837585
2024-11-04 17:04:34,4.140674048185928,1.304,25.72571420883662,4.137913911046849,1.3040000000000007,24.974957333439107
2024-11-04 17:04:34,4.140181166546109,1.304,25.72571420883662,4.138104491942547,1.3040000000000007,24.96072720860554
2024-11-04 17:04:34,4.141002635947164,1.304,22.672238853203226,4.138314788104531,1.3040000000000007,24.8854275766593
2024-11-04 17:04:35,4.141331223709485,1.304,24.9947353287605,4.138538227777008,1.3040000000000007,24.885427576659303
2024-11-04 17:04:35,4.141331223709485,1.304,25.72571420883662,4.138741952184771,1.3040000000000007,24.946497083771973
2024-11-04 17:04:35,4.141495517591053,1.304,25.72571420883662,4.138952248347795,1.3040000000000007,24.93226695893839
2024-11-04 17:04:35,4.141988399237383,1.304,24.9947353287605,4.139169116266811,1.3040000000000007,24.932266958938396
2024-11-04 17:04:36,4.142152693120036,1.304,24.9947353287605,4.13939912769607,1.3040000000000007,24.94730020480516
2024-11-04 17:04:36,4.141988399237383,1.304,24.9947353287605,4.139622567370022,1.3040000000000007,24.962333450671935
2024-11-04 17:04:36,4.142152693120036,1.304,24.9947353287605,4.139826291779467,1.3040000000000007,24.96233345067194
2024-11-04 17:04:36,4.142152693120036,1.304,24.2430730354219,4.14002344443393,1.3040000000000007,24.962333450671945
2024-11-04 17:04:37,4.142809868653362,1.304,24.9947353287605,4.140233740599732,1.3040000000000007,24.947713873070416
2024-11-04 17:04:37,4.143138456421653,1.304,25.72571420883662,4.140457180276266,1.3040000000000007,24.947713873070416
2024-11-04 17:04:37,4.143302750306206,1.304,24.9947353287605,4.140693763463186,1.3040000000000007,24.97822064714697
2024-11-04 17:04:37,4.143631338076126,1.304,22.672238853203226,4.140904059630725,1.3040000000000007,24.962277491712374
2024-11-04 17:04:38,4.143138456421653,1.304,24.9947353287605,4.141107784042187,1.3040000000000007,24.96227749171237
2024-11-04 17:04:38,4.143631338076126,1.304,25.72571420883662,4.141311508454658,1.3040000000000007,24.9768970693139
2024-11-04 17:04:38,4.144124219733042,1.304,25.72571420883662,4.141521804623238,1.3040000000000007,24.90922585894772
2024-11-04 17:04:38,4.143959925847132,1.304,25.72571420883662,4.141718957281282,1.3040000000000007,24.923845436549247
2024-11-04 17:04:39,4.144288513619224,1.304,24.9947353287605,4.1419292534502095,1.3040000000000007,24.93887868241601
2024-11-04 17:04:39,4.144781395279399,1.304,25.72571420883662,4.142139549620181,1.3040000000000007,24.938878682416018
2024-11-04 17:04:39,4.144781395279399,1.304,24.2430730354219,4.142323558769513,1.3040000000000007,24.909225858947718
2024-11-04 17:04:39,4.144945689166667,1.304,25.72571420883662,4.142527283184676,1.3040000000000007,24.954352210625792
2024-11-04 17:04:40,4.144945689166667,1.304,25.72571420883662,4.1427244358446735,1.3040000000000007,24.954352210625792
2024-11-04 17:04:40,4.145274276942018,1.304,24.9947353287605,4.14292816026051,1.3040000000000007,25.000802140136933
2024-11-04 17:04:40,4.145602864718455,1.304,24.2430730354219,4.1431253129218115,1.3040000000000007,24.929540774802163
2024-11-04 17:04:40,4.145602864718455,1.304,25.72571420883662,4.143342180848705,1.3040000000000007,24.94416035240369
2024-11-04 17:04:41,4.146095746385147,1.304,25.72571420883662,4.143545905266225,1.3040000000000007,24.95877993000521
2024-11-04 17:04:41,4.145602864718455,1.304,24.2430730354219,4.143716770906584,1.3040000000000007,24.990196613649584
2024-11-04 17:04:41,4.1459314524959785,1.304,23.469396624933097,4.143900780058044,1.3040000000000007,24.97472308543981
2024-11-04 17:04:41,4.146424334164301,1.304,24.2430730354219,4.144097932720973,1.3040000000000007,24.903461720105028
2024-11-04 17:04:42,4.146095746385147,1.304,25.72571420883662,4.144262226606884,1.3040000000000007,24.964531227217705
2024-11-04 17:04:42,4.146095746385147,1.304,24.9947353287605,4.144419948737489,1.3040000000000007,24.96453122721771
2024-11-04 17:04:42,4.146260040274589,1.304,25.72571420883662,4.144590814378978,1.3040000000000007,24.979150804819227
2024-11-04 17:04:42,4.146588628054285,1.304,25.72571420883662,4.1447682517763464,1.3040000000000007,24.993770382420752
2024-11-04 17:04:43,4.146917215835069,1.304,23.469396624933097,4.1449588326849485,1.3040000000000007,24.99377038242075
2024-11-04 17:04:43,4.147081509725869,1.304,22.672238853203226,4.145129698327848,1.3040000000000007,24.977827226986154
2024-11-04 17:04:43,4.147738685291784,1.304,24.2430730354219,4.145313707482653,1.3040000000000007,24.97782722698615
2024-11-04 17:04:43,4.147574391399898,1.304,24.9947353287605,4.1454845731264,1.3040000000000007,24.948977524551065
2024-11-04 17:04:44,4.147902979183942,1.304,25.72571420883662,4.145655438770714,1.3040000000000007,24.99410387622913
2024-11-04 17:04:44,4.147738685291784,1.304,23.469396624933097,4.145839447925519,1.3040000000000007,24.978630348019355
2024-11-04 17:04:44,4.147902979183942,1.304,24.2430730354219,4.146010313569832,1.3040000000000007,24.93474739971749
2024-11-04 17:04:44,4.147738685291784,1.304,25.72571420883662,4.146154892192182,1.3040000000000007,24.949366977319013
2024-11-04 17:04:45,4.148395860862047,1.304,24.2430730354219,4.146332329592777,1.3040000000000007,24.919714153850713
2024-11-04 17:04:45,4.14905303643666,1.304,24.2430730354219,4.146522910505476,1.3040000000000007,24.935187682060494
2024-11-04 17:04:45,4.148560154755293,1.304,26.437220450515156,4.1466740608845125,1.3040000000000007,24.935187682060494
2024-11-04 17:04:45,4.148560154755293,1.304,23.469396624933097,4.1468252112635495,1.3040000000000007,24.904680907983952
2024-11-04 17:04:46,4.149545918120475,1.304,25.72571420883662,4.147009220421702,1.3040000000000007,24.919300485585474
2024-11-04 17:04:46,4.14905303643666,1.304,23.469396624933097,4.1471735143125015,1.3040000000000007,24.874174133907403
2024-11-04 17:04:46,4.149217330330993,1.304,27.80614130216054,4.147331236448061,1.3040000000000007,24.9304022533754
2024-11-04 17:04:46,4.148888742542599,1.304,24.2430730354219,4.147462671561026,1.3040000000000007,24.90074942990711
2024-11-04 17:04:47,4.149545918120475,1.304,24.2430730354219,4.147620393697107,1.3040000000000007,24.871096606438808
2024-11-04 17:04:47,4.149217330330993,1.304,24.9947353287605,4.1477452570549405,1.3040000000000007,24.91754653594996
2024-11-04 17:04:47,4.149545918120475,1.304,25.72571420883662,4.147902979191022,1.3040000000000007,24.932166113551474
2024-11-04 17:04:47,4.149710212015623,1.304,24.9947353287605,4.148054129571808,1.3040000000000007,24.917546535949946
2024-11-04 17:04:48,4.149874505911043,1.304,27.13035904417916,4.1481921364416765,1.3040000000000007,24.945639432656797
2024-11-04 17:04:48,4.150038799806736,1.304,23.469396624933097,4.148349858578539,1.3040000000000007,24.915132658580255
2024-11-04 17:04:48,4.149710212015623,1.304,24.9947353287605,4.148494437203759,1.3040000000000007,24.91513265858025
2024-11-04 17:04:48,4.150203093702699,1.304,23.469396624933097,4.148652159340882,1.3040000000000007,24.884625884503706
2024-11-04 17:04:49,4.150203093702699,1.304,24.9947353287605,4.148796737966818,1.3040000000000007,24.884625884503702
2024-11-04 17:04:49,4.150531681495444,1.304,25.72571420883662,4.148941316593233,1.3040000000000007,24.914278707972
2024-11-04 17:04:49,4.150860269289276,1.304,24.9947353287605,4.14909246697577,1.3040000000000007,24.914278707972002
2024-11-04 17:04:49,4.150367387598935,1.304,24.9947353287605,4.149197615068056,1.3040000000000007,24.899659130370484
2024-11-04 17:04:50,4.150860269289276,1.304,24.2430730354219,4.149329050183631,1.3040000000000007,24.884625884503706
2024-11-04 17:04:50,4.1510245631866,1.304,25.72571420883662,4.149453913543737,1.3040000000000007,24.945695391616372
2024-11-04 17:04:50,4.150695975392224,1.304,24.9947353287605,4.149572205147754,1.3040000000000007,24.94569539161638
2024-11-04 17:04:50,4.1513531509820645,1.304,24.2430730354219,4.149710212019679,1.3040000000000007,24.916042568148086
2024-11-04 17:04:51,4.1510245631866,1.304,24.9947353287605,4.149841647135472,1.3040000000000007,24.901422990546557
2024-11-04 17:04:51,4.1513531509820645,1.304,24.9947353287605,4.149959938740272,1.3040000000000007,24.88680341294504
2024-11-04 17:04:51,4.151517444880204,1.304,24.2430730354219,4.1500585150780145,1.3040000000000007,24.87177016707827
2024-11-04 17:04:51,4.1520103265762565,1.304,25.72571420883662,4.1501965219508525,1.3040000000000007,24.871770167078274
2024-11-04 17:04:52,4.1520103265762565,1.304,24.9947353287605,4.150334528823692,1.3040000000000007,24.886803412945042
2024-11-04 17:04:52,4.151846032677301,1.304,24.2430730354219,4.150426533405964,1.3040000000000007,24.85715058947675
2024-11-04 17:04:52,4.152174620475486,1.304,24.9947353287605,4.150551396767518,1.3040000000000007,24.84253101187522
2024-11-04 17:04:52,4.151517444880204,1.304,24.2430730354219,4.150643401349485,1.3040000000000007,24.827497766008445
2024-11-04 17:04:53,4.152174620475486,1.304,24.2430730354219,4.150774836466801,1.3040000000000007,24.82749776600845
2024-11-04 17:04:53,4.1520103265762565,1.304,23.469396624933097,4.150873412805033,1.3040000000000007,24.78237141433038
2024-11-04 17:04:53,4.152338914374986,1.304,24.2430730354219,4.150998276166791,1.3040000000000007,24.75271859086209
2024-11-04 17:04:53,4.152338914374986,1.304,28.465495270963004,4.151109996016972,1.3040000000000007,24.837167035572907
2024-11-04 17:04:54,4.152174620475486,1.304,24.9947353287605,4.151208572355365,1.3040000000000007,24.867673809649453
2024-11-04 17:04:54,4.1520103265762565,1.304,24.9947353287605,4.151294005181974,1.3040000000000007,24.882707055516224
2024-11-04 17:04:54,4.152503208274758,1.304,24.2430730354219,4.151392581520695,1.3040000000000007,24.85305423204793
2024-11-04 17:04:54,4.152503208274758,1.304,24.9947353287605,4.1515043013710615,1.3040000000000007,24.85305423204793
2024-11-04 17:04:55,4.1528317960751195,1.304,24.2430730354219,4.151609449465959,1.3040000000000007,24.823401408579638
2024-11-04 17:04:55,4.152667502174802,1.304,26.437220450515156,4.151708025804844,1.3040000000000007,24.837631533413205
2024-11-04 17:04:55,4.152996089975709,1.304,25.72571420883662,4.151806602144055,1.3040000000000007,24.882757885091277
2024-11-04 17:04:55,4.152996089975709,1.304,24.9947353287605,4.151892034971513,1.3040000000000007,24.929207814602417
2024-11-04 17:04:56,4.1528317960751195,1.304,24.9947353287605,4.151990611310561,1.3040000000000007,24.944241060469196
2024-11-04 17:04:56,4.1528317960751195,1.304,25.72571420883662,4.152069472381995,1.3040000000000007,24.95886063807071
2024-11-04 17:04:56,4.152996089975709,1.304,24.2430730354219,4.15214833345356,1.3040000000000007,24.929207814602417
2024-11-04 17:04:56,4.153160383876569,1.304,26.437220450515156,4.152246909792934,1.3040000000000007,24.988564291114063
2024-11-04 17:04:56,4.152996089975709,1.304,23.469396624933097,4.152312627352679,1.3040000000000007,24.97309076290428
2024-11-04 17:04:57,4.153488971679107,1.304,23.469396624933097,4.152411203692379,1.3040000000000007,24.927964411226213
2024-11-04 17:04:57,4.153817559482735,1.304,24.2430730354219,4.152509780032406,1.3040000000000007,24.927964411226217
2024-11-04 17:04:57,4.152996089975709,1.304,24.2430730354219,4.152568925836226,1.3040000000000007,24.92796441122622
2024-11-04 17:04:57,4.154146147287451,1.304,24.9947353287605,4.152654358664676,1.3040000000000007,24.899114708791124
2024-11-04 17:04:58,4.1543104411902165,1.304,27.80614130216054,4.152746363249233,1.3040000000000007,24.98584960233568
2024-11-04 17:04:58,4.153653265580785,1.304,22.672238853203226,4.152818652565371,1.3040000000000007,24.924780095223003
2024-11-04 17:04:58,4.153981853384956,1.304,24.2430730354219,4.15289094188175,1.3040000000000007,24.940253623432785
2024-11-04 17:04:58,4.153981853384956,1.304,23.469396624933097,4.15298951822194,1.3040000000000007,24.853518729888236
2024-11-04 17:04:59,4.1543104411902165,1.304,24.2430730354219,4.153074951050528,1.3040000000000007,24.853518729888243
2024-11-04 17:04:59,4.153981853384956,1.304,24.2430730354219,4.153153812122875,1.3040000000000007,24.853518729888236
2024-11-04 17:04:59,4.154474735093255,1.304,24.2430730354219,4.153239244951606,1.3040000000000007,24.838485484021465
2024-11-04 17:04:59,4.153981853384956,1.304,24.9947353287605,4.153304962512004,1.3040000000000007,24.823865906419943
2024-11-04 17:05:00,4.154639028996566,1.304,25.72571420883662,4.153403538852847,1.3040000000000007,24.838485484021465
2024-11-04 17:05:00,4.154639028996566,1.304,24.9947353287605,4.1535086869496585,1.3040000000000007,24.795773009713088
2024-11-04 17:05:00,4.1548033229001495,1.304,25.72571420883662,4.153600691534674,1.3040000000000007,24.840899361391166
2024-11-04 17:05:00,4.154639028996566,1.304,24.9947353287605,4.1536861243635474,1.3040000000000007,24.840899361391163
2024-11-04 17:05:01,4.154967616804004,1.304,23.469396624933097,4.153771557192703,1.3040000000000007,24.840899361391166
2024-11-04 17:05:01,4.155131910708132,1.304,24.2430730354219,4.153870133534037,1.3040000000000007,24.82586611552439
2024-11-04 17:05:01,4.155296204612532,1.304,24.9947353287605,4.15396213811951,1.3040000000000007,24.81124653792287
2024-11-04 17:05:01,4.155131910708132,1.304,23.469396624933097,4.154047570948808,1.3040000000000007,24.780739763846316
2024-11-04 17:05:02,4.154967616804004,1.304,23.469396624933097,4.154133003777964,1.3040000000000007,24.750232989769774
2024-11-04 17:05:02,4.155460498517204,1.304,22.672238853203226,4.1542381518756475,1.3040000000000007,24.718816306125394
2024-11-04 17:05:02,4.156117674138616,1.304,23.469396624933097,4.154363015242164,1.3040000000000007,24.673689954447326
2024-11-04 17:05:02,4.155460498517204,1.304,26.437220450515156,4.15445501982779,1.3040000000000007,24.70253965688242
2024-11-04 17:05:03,4.155953380232854,1.304,24.9947353287605,4.154573311438075,1.3040000000000007,24.717572902749193
2024-11-04 17:05:03,4.155953380232854,1.304,25.72571420883662,4.154671887780226,1.3040000000000007,24.732192480350715
2024-11-04 17:05:03,4.155953380232854,1.304,24.9947353287605,4.15475732061023,1.3040000000000007,24.73219248035072
2024-11-04 17:05:03,4.155624792422149,1.304,23.469396624933097,4.154862468708088,1.3040000000000007,24.716718952140944
2024-11-04 17:05:04,4.155953380232854,1.304,24.2430730354219,4.154934758025903,1.3040000000000007,24.687066128672644
2024-11-04 17:05:04,4.156446261950956,1.304,25.72571420883662,4.155020190856333,1.3040000000000007,24.701685706274176
2024-11-04 17:05:04,4.15628196804465,1.304,26.437220450515156,4.155125338954886,1.3040000000000007,24.745568654576036
2024-11-04 17:05:04,4.156117674138616,1.304,23.469396624933097,4.155210771785033,1.3040000000000007,24.715061880499494
2024-11-04 17:05:05,4.156446261950956,1.304,21.000806169342923,4.1553093481276715,1.3040000000000007,24.65021654317791
2024-11-04 17:05:05,4.15628196804465,1.304,24.9947353287605,4.155388209201848,1.3040000000000007,24.665249789044683
2024-11-04 17:05:05,4.156446261950956,1.304,23.469396624933097,4.155486785544488,1.3040000000000007,24.66524978904468
2024-11-04 17:05:05,4.1567748497643855,1.304,23.469396624933097,4.155578790131334,1.3040000000000007,24.649776260834905
2024-11-04 17:05:06,4.1567748497643855,1.304,23.469396624933097,4.155690509986512,1.3040000000000007,24.5498542879143
2024-11-04 17:05:06,4.156610555857535,1.304,24.9947353287605,4.15576937106095,1.3040000000000007,24.549854287914304
2024-11-04 17:05:06,4.156939143671509,1.304,22.672238853203226,4.155861375647947,1.3040000000000007,24.503404358403156
2024-11-04 17:05:06,4.1567748497643855,1.304,24.2430730354219,4.155940236722517,1.3040000000000007,24.503404358403156
2024-11-04 17:05:07,4.157103437578904,1.304,27.80614130216054,4.156038813065812,1.3040000000000007,24.559632477871155
2024-11-04 17:05:07,4.157267731486573,1.304,24.9947353287605,4.156130817653114,1.3040000000000007,24.574665723737926
2024-11-04 17:05:07,4.157432025394513,1.304,24.2430730354219,4.1562228222405695,1.3040000000000007,24.53078277543606
2024-11-04 17:05:07,4.157432025394513,1.304,22.672238853203226,4.156308255071848,1.3040000000000007,24.469713268323392
2024-11-04 17:05:08,4.157760613211212,1.304,24.2430730354219,4.156413403171973,1.3040000000000007,24.454680022456625
2024-11-04 17:05:08,4.157432025394513,1.304,24.2430730354219,4.156511979515593,1.3040000000000007,24.439646776589854
2024-11-04 17:05:08,4.157596319302726,1.304,27.13035904417916,4.156597412347014,1.3040000000000007,24.467739673296702
2024-11-04 17:05:08,4.157596319302726,1.304,24.2430730354219,4.15665655815358,1.3040000000000007,24.467739673296705
2024-11-04 17:05:09,4.157596319302726,1.304,23.469396624933097,4.156741990985001,1.3040000000000007,24.408383196785064
2024-11-04 17:05:09,4.157596319302726,1.304,25.72571420883662,4.156807708547797,1.3040000000000007,24.453509548463135
2024-11-04 17:05:09,4.157760613211212,1.304,22.672238853203226,4.156879997866931,1.3040000000000007,24.437566393028533
2024-11-04 17:05:09,4.15792490711997,1.304,25.72571420883662,4.156958858942415,1.3040000000000007,24.467219216496833
2024-11-04 17:05:10,4.158417788847879,1.304,22.672238853203226,4.157070578799445,1.3040000000000007,24.435802532852453
2024-11-04 17:05:10,4.158417788847879,1.304,22.672238853203226,4.157169155144046,1.3040000000000007,24.38935260334131
2024-11-04 17:05:10,4.158253494938304,1.304,23.469396624933097,4.157241444463539,1.3040000000000007,24.302617709796763
2024-11-04 17:05:10,4.158253494938304,1.304,23.469396624933097,4.157320305539284,1.3040000000000007,24.318560865231365
2024-11-04 17:05:11,4.158417788847879,1.304,22.672238853203226,4.157412310127654,1.3040000000000007,24.287144181586985
2024-11-04 17:05:11,4.158417788847879,1.304,24.2430730354219,4.157491171203531,1.3040000000000007,24.302617709796767
2024-11-04 17:05:11,4.158417788847879,1.304,24.2430730354219,4.157576604035659,1.3040000000000007,24.302617709796763
2024-11-04 17:05:11,4.158746376667848,1.304,24.2430730354219,4.157668608624334,1.3040000000000007,24.302617709796763
2024-11-04 17:05:12,4.158582082757728,1.304,24.9947353287605,4.157740897944068,1.3040000000000007,24.317650955663535
2024-11-04 17:05:12,4.159074964488907,1.304,25.72571420883662,4.157832902533048,1.3040000000000007,24.332270533265056
2024-11-04 17:05:12,4.159403552311056,1.304,25.72571420883662,4.15794462239119,1.3040000000000007,24.332270533265056
2024-11-04 17:05:12,4.159567846222539,1.304,25.72571420883662,4.15804977049323,1.3040000000000007,24.34689011086658
2024-11-04 17:05:13,4.159239258399845,1.304,24.9947353287605,4.158148346838649,1.3040000000000007,24.33227053326505
2024-11-04 17:05:13,4.159239258399845,1.304,23.469396624933097,4.158233779671488,1.3040000000000007,24.301763759188507
2024-11-04 17:05:13,4.159074964488907,1.304,24.9947353287605,4.158306068991581,1.3040000000000007,24.33227053326505
2024-11-04 17:05:13,4.159732140134294,1.304,24.9947353287605,4.158398073581171,1.3040000000000007,24.347303779131824
2024-11-04 17:05:14,4.159403552311056,1.304,23.469396624933097,4.158476934657834,1.3040000000000007,24.316797005055275
2024-11-04 17:05:14,4.159567846222539,1.304,25.72571420883662,4.158549223978286,1.3040000000000007,24.36192335673335
2024-11-04 17:05:14,4.159403552311056,1.304,24.9947353287605,4.158628085054948,1.3040000000000007,24.392430130809903
2024-11-04 17:05:14,4.159403552311056,1.304,24.2430730354219,4.158700374375282,1.3040000000000007,24.423846814454272
2024-11-04 17:05:15,4.159403552311056,1.304,24.9947353287605,4.158772663695616,1.3040000000000007,24.454353588530818
2024-11-04 17:05:15,4.159567846222539,1.304,24.9947353287605,4.158851524772408,1.3040000000000007,24.425503886095722
2024-11-04 17:05:15,4.159732140134294,1.304,24.2430730354219,4.15893695760567,1.3040000000000007,24.410470640228954
2024-11-04 17:05:15,4.159732140134294,1.304,24.2430730354219,4.159015818682593,1.3040000000000007,24.380817816760654
2024-11-04 17:05:16,4.159567846222539,1.304,24.9947353287605,4.1590815362466955,1.3040000000000007,24.380817816760658
2024-11-04 17:05:16,4.160060727958625,1.304,22.672238853203226,4.159147253811126,1.3040000000000007,24.364874661326063
2024-11-04 17:05:16,4.159567846222539,1.304,25.72571420883662,4.1591932561061125,1.3040000000000007,24.394527484794352
2024-11-04 17:05:16,4.159567846222539,1.304,24.9947353287605,4.159245830157481,1.3040000000000007,24.379907907192834
2024-11-04 17:05:17,4.159896434046323,1.304,24.2430730354219,4.159311547721802,1.3040000000000007,24.336024958890974
2024-11-04 17:05:17,4.1603893157840455,1.304,24.9947353287605,4.159390408799248,1.3040000000000007,24.36653173296752
2024-11-04 17:05:17,4.160225021871199,1.304,26.437220450515156,4.159462698120182,1.3040000000000007,24.475260018590962
2024-11-04 17:05:17,4.159896434046323,1.304,25.72571420883662,4.159521843928119,1.3040000000000007,24.489879596192488
2024-11-04 17:05:18,4.160553609697164,1.304,23.469396624933097,4.159594133249292,1.3040000000000007,24.48987959619248
2024-11-04 17:05:18,4.159732140134294,1.304,23.469396624933097,4.159640135544355,1.3040000000000007,24.489879596192477
2024-11-04 17:05:18,4.160225021871199,1.304,24.2430730354219,4.159686137839646,1.3040000000000007,24.50535312440226
2024-11-04 17:05:18,4.160060727958625,1.304,22.672238853203226,4.15971242486555,1.3040000000000007,24.458903194891118
2024-11-04 17:05:19,4.160225021871199,1.304,24.9947353287605,4.159738711891497,1.3040000000000007,24.50535312440226
2024-11-04 17:05:19,4.160060727958625,1.304,25.72571420883662,4.159771570673849,1.3040000000000007,24.53500594787055
2024-11-04 17:05:19,4.160060727958625,1.304,23.469396624933097,4.1598044294562,1.3040000000000007,24.448271054326
2024-11-04 17:05:19,4.1603893157840455,1.304,24.2430730354219,4.159857003508006,1.3040000000000007,24.433237808459236
2024-11-04 17:05:20,4.1603893157840455,1.304,24.2430730354219,4.159883290533995,1.3040000000000007,24.43323780845923
2024-11-04 17:05:20,4.1603893157840455,1.304,24.9947353287605,4.159922721072914,1.3040000000000007,24.47968773797038
2024-11-04 17:05:20,4.160553609697164,1.304,24.9947353287605,4.1599621516119,1.3040000000000007,24.494720983837148
2024-11-04 17:05:20,4.1603893157840455,1.304,23.469396624933097,4.160001582150819,1.3040000000000007,24.479247455627373
2024-11-04 17:05:21,4.160553609697164,1.304,24.2430730354219,4.160047584446263,1.3040000000000007,24.421501735452235
2024-11-04 17:05:21,4.1610464914381575,1.304,25.72571420883662,4.160113302011346,1.3040000000000007,24.451154558920525
2024-11-04 17:05:21,4.16088219752422,1.304,23.469396624933097,4.160165876063413,1.3040000000000007,24.45115455892052
2024-11-04 17:05:21,4.1603893157840455,1.304,24.2430730354219,4.160192163089403,1.3040000000000007,24.421501735452228
2024-11-04 17:05:22,4.1613750792668505,1.304,24.2430730354219,4.160257880654705,1.3040000000000007,24.4529184190966
2024-11-04 17:05:22,4.16088219752422,1.304,25.72571420883662,4.160310454706773,1.3040000000000007,24.452918419096605
2024-11-04 17:05:22,4.16088219752422,1.304,24.2430730354219,4.160343313489396,1.3040000000000007,24.484335102740985
2024-11-04 17:05:22,4.1613750792668505,1.304,26.437220450515156,4.160415602811169,1.3040000000000007,24.559634734687215
2024-11-04 17:05:23,4.16088219752422,1.304,26.437220450515156,4.160468176863236,1.3040000000000007,24.618991211198864
2024-11-04 17:05:23,4.160553609697164,1.304,24.9947353287605,4.16049446388927,1.3040000000000007,24.649497985275406
2024-11-04 17:05:23,4.161210785352368,1.304,26.437220450515156,4.160527322672003,1.3040000000000007,24.72479761722164
2024-11-04 17:05:23,4.161539373181605,1.304,25.72571420883662,4.160579896724419,1.3040000000000007,24.754450440689933
2024-11-04 17:05:24,4.1620322549275075,1.304,25.72571420883662,4.1606653295596665,1.3040000000000007,24.78410326415822
2024-11-04 17:05:24,4.161867961011935,1.304,25.72571420883662,4.160717903612257,1.3040000000000007,24.813756087626516
2024-11-04 17:05:24,4.161539373181605,1.304,21.84997632024192,4.160790192934149,1.3040000000000007,24.75086090745614
2024-11-04 17:05:24,4.161703667096634,1.304,25.72571420883662,4.160849338743167,1.3040000000000007,24.750860907456143
2024-11-04 17:05:25,4.161867961011935,1.304,26.437220450515156,4.1609216280652985,1.3040000000000007,24.76509103228972
2024-11-04 17:05:25,4.1613750792668505,1.304,24.9947353287605,4.1609676303611245,1.3040000000000007,24.7504714546882
2024-11-04 17:05:25,4.161539373181605,1.304,23.469396624933097,4.1610267761700435,1.3040000000000007,24.719964680611646
2024-11-04 17:05:25,4.161867961011935,1.304,24.9947353287605,4.161099065492175,1.3040000000000007,24.7504714546882
2024-11-04 17:05:26,4.161703667096634,1.304,24.2430730354219,4.161151639544679,1.3040000000000007,24.735438208821435
2024-11-04 17:05:26,4.161539373181605,1.304,24.2430730354219,4.161197641840581,1.3040000000000007,24.720404962954657
2024-11-04 17:05:26,4.1620322549275075,1.304,24.9947353287605,4.161263359406321,1.3040000000000007,24.75091173703121
2024-11-04 17:05:26,4.161867961011935,1.304,24.2430730354219,4.161315933458911,1.3040000000000007,24.72125891356292
2024-11-04 17:05:27,4.162360842759473,1.304,25.72571420883662,4.161394794537929,1.3040000000000007,24.73587849116443
2024-11-04 17:05:27,4.161703667096634,1.304,26.437220450515156,4.161440796833908,1.3040000000000007,24.779761439466302
2024-11-04 17:05:27,4.1621965488433545,1.304,25.72571420883662,4.161486799130117,1.3040000000000007,24.794381017067817
2024-11-04 17:05:27,4.1620322549275075,1.304,26.437220450515156,4.161532801426248,1.3040000000000007,24.823230719502916
2024-11-04 17:05:28,4.161867961011935,1.304,23.469396624933097,4.1615919472353635,1.3040000000000007,24.807757191293145
2024-11-04 17:05:28,4.1621965488433545,1.304,25.72571420883662,4.161624806018424,1.3040000000000007,24.837410014761435
2024-11-04 17:05:28,4.162525136675865,1.304,25.72571420883662,4.16169052358449,1.3040000000000007,24.85202959236296
2024-11-04 17:05:28,4.1620322549275075,1.304,24.2430730354219,4.161736525880622,1.3040000000000007,24.88344627600733
2024-11-04 17:05:29,4.1621965488433545,1.304,24.2430730354219,4.161769384663682,1.3040000000000007,24.85379345253904
2024-11-04 17:05:29,4.162360842759473,1.304,25.72571420883662,4.161828530473093,1.3040000000000007,24.868413030140555
2024-11-04 17:05:29,4.162525136675865,1.304,27.13035904417916,4.161907391552241,1.3040000000000007,24.926158750315704
2024-11-04 17:05:29,4.1620322549275075,1.304,24.9947353287605,4.161940250335245,1.3040000000000007,24.9261587503157
2024-11-04 17:05:30,4.16268943059253,1.304,24.2430730354219,4.161986252631682,1.3040000000000007,24.882275802013833
2024-11-04 17:05:30,4.163018018426678,1.304,26.437220450515156,4.16202568317165,1.3040000000000007,24.896505926847404
2024-11-04 17:05:30,4.1620322549275075,1.304,24.9947353287605,4.162032254928272,1.3040000000000007,24.927012700923957
2024-11-04 17:05:30,4.163018018426678,1.304,23.469396624933097,4.162091400738075,1.3040000000000007,24.927012700923953
2024-11-04 17:05:31,4.163182312344161,1.304,24.9947353287605,4.162150546547976,1.3040000000000007,24.942045946790728
2024-11-04 17:05:31,4.16268943059253,1.304,24.9947353287605,4.1621834053312,1.3040000000000007,24.988495876301876
2024-11-04 17:05:31,4.163018018426678,1.304,24.9947353287605,4.1622491228975935,1.3040000000000007,24.988495876301883
2024-11-04 17:05:31,4.16268943059253,1.304,26.437220450515156,4.16229512519403,1.3040000000000007,25.002726001135443
2024-11-04 17:05:32,4.162525136675865,1.304,24.2430730354219,4.162321412220587,1.3040000000000007,25.018199529345214
2024-11-04 17:05:32,4.16268943059253,1.304,24.9947353287605,4.162360842760423,1.3040000000000007,25.033232775211992
2024-11-04 17:05:32,4.163346606261917,1.304,22.672238853203226,4.162433132083636,1.3040000000000007,25.00181609156762
2024-11-04 17:05:32,4.162525136675865,1.304,24.9947353287605,4.1624528473535705,1.3040000000000007,25.001816091567626
2024-11-04 17:05:33,4.163018018426678,1.304,24.2430730354219,4.162498849650159,1.3040000000000007,24.98678284570085
2024-11-04 17:05:33,4.163346606261917,1.304,24.9947353287605,4.162538280190258,1.3040000000000007,25.0172896197774
2024-11-04 17:05:33,4.162853724509468,1.304,25.72571420883662,4.162584282486771,1.3040000000000007,25.04694244324569
2024-11-04 17:05:33,4.163346606261917,1.304,23.469396624933097,4.162630284783513,1.3040000000000007,25.00181609156762
2024-11-04 17:05:34,4.162853724509468,1.304,25.72571420883662,4.162663143566792,1.3040000000000007,25.04694244324569
2024-11-04 17:05:34,4.163346606261917,1.304,24.2430730354219,4.162722289376791,1.3040000000000007,25.046942443245694
2024-11-04 17:05:34,4.163346606261917,1.304,24.9947353287605,4.162768291673532,1.3040000000000007,25.061975689112458
2024-11-04 17:05:34,4.163510900179946,1.304,24.2430730354219,4.162807722213696,1.3040000000000007,25.03232286564417
2024-11-04 17:05:35,4.162853724509468,1.304,26.437220450515156,4.162840580996973,1.3040000000000007,25.076205813946036
2024-11-04 17:05:35,4.163182312344161,1.304,23.469396624933097,4.1628800115370055,1.3040000000000007,25.01684933743439
2024-11-04 17:05:35,4.163510900179946,1.304,25.72571420883662,4.162926013833824,1.3040000000000007,25.00261921260082
2024-11-04 17:05:35,4.163675194098248,1.304,23.469396624933097,4.162972016130721,1.3040000000000007,24.972112438524277
2024-11-04 17:05:36,4.16400378193567,1.304,26.437220450515156,4.163050877211046,1.3040000000000007,24.972112438524274
2024-11-04 17:05:36,4.163675194098248,1.304,23.469396624933097,4.1630903077512755,1.3040000000000007,24.926986086846206
2024-11-04 17:05:36,4.163675194098248,1.304,24.2430730354219,4.163116594778138,1.3040000000000007,24.897333263377913
2024-11-04 17:05:36,4.163839488016822,1.304,23.469396624933097,4.163188884101712,1.3040000000000007,24.852206911699838
2024-11-04 17:05:37,4.163839488016822,1.304,26.437220450515156,4.163221742885318,1.3040000000000007,24.943951794305303
2024-11-04 17:05:37,4.163839488016822,1.304,24.9947353287605,4.163248029912224,1.3040000000000007,24.929332216703774
2024-11-04 17:05:37,4.163675194098248,1.304,25.72571420883662,4.163287460452454,1.3040000000000007,24.915102091870214
2024-11-04 17:05:37,4.16416807585479,1.304,24.9947353287605,4.16333346274958,1.3040000000000007,24.915102091870207
2024-11-04 17:05:38,4.16466095761379,1.304,25.72571420883662,4.16341232383043,1.3040000000000007,24.960228443548285
2024-11-04 17:05:38,4.16416807585479,1.304,23.469396624933097,4.163478041397587,1.3040000000000007,24.929721669471743
2024-11-04 17:05:38,4.163839488016822,1.304,23.469396624933097,4.16352404369456,1.3040000000000007,24.91424814126196
2024-11-04 17:05:38,4.16400378193567,1.304,23.469396624933097,4.16355033072151,1.3040000000000007,24.89877461305218
2024-11-04 17:05:39,4.16466095761379,1.304,24.9947353287605,4.163635763559026,1.3040000000000007,24.898774613052183
2024-11-04 17:05:39,4.163839488016822,1.304,24.2430730354219,4.163668622342632,1.3040000000000007,24.89877461305218
2024-11-04 17:05:39,4.164332369774184,1.304,25.72571420883662,4.163708052883122,1.3040000000000007,24.898774613052183
2024-11-04 17:05:39,4.163839488016822,1.304,25.72571420883662,4.163747483423416,1.3040000000000007,24.88454448821861
2024-11-04 17:05:40,4.164989545454487,1.304,24.9947353287605,4.163813200991118,1.3040000000000007,24.869924910617087
2024-11-04 17:05:40,4.164825251534002,1.304,24.2430730354219,4.163892062072099,1.3040000000000007,24.826041962315212
2024-11-04 17:05:40,4.164825251534002,1.304,24.2430730354219,4.163951207882983,1.3040000000000007,24.841515490524994
2024-11-04 17:05:40,4.164825251534002,1.304,24.2430730354219,4.1640103536938655,1.3040000000000007,24.811862667056694
2024-11-04 17:05:41,4.164989545454487,1.304,24.2430730354219,4.164069499504848,1.3040000000000007,24.78220984358841
2024-11-04 17:05:41,4.16449666369385,1.304,24.2430730354219,4.164135217072223,1.3040000000000007,24.782209843588408
2024-11-04 17:05:41,4.164989545454487,1.304,25.72571420883662,4.164207506396637,1.3040000000000007,24.811862667056694
2024-11-04 17:05:41,4.165153839375245,1.304,27.13035904417916,4.164273223964448,1.3040000000000007,24.839955563763557
2024-11-04 17:05:42,4.165318133296276,1.304,26.437220450515156,4.164338941532369,1.3040000000000007,24.826092791890268
2024-11-04 17:05:42,4.165153839375245,1.304,21.84997632024192,4.164384943829952,1.3040000000000007,24.763197611719903
2024-11-04 17:05:42,4.16449666369385,1.304,24.9947353287605,4.164417802613777,1.3040000000000007,24.778230857586667
2024-11-04 17:05:42,4.165318133296276,1.304,24.9947353287605,4.164483520181697,1.3040000000000007,24.749381155151582
2024-11-04 17:05:43,4.165153839375245,1.304,23.469396624933097,4.164536094236033,1.3040000000000007,24.71887438107503
2024-11-04 17:05:43,4.16548242721758,1.304,24.2430730354219,4.164601811804062,1.3040000000000007,24.73434790928481
2024-11-04 17:05:43,4.165153839375245,1.304,24.2430730354219,4.1646543858584,1.3040000000000007,24.719314663418036
2024-11-04 17:05:43,4.164825251534002,1.304,24.9947353287605,4.16470038815583,1.3040000000000007,24.71931466341804
2024-11-04 17:05:44,4.165811015061007,1.304,24.9947353287605,4.164766105724079,1.3040000000000007,24.71931466341804
2024-11-04 17:05:44,4.164825251534002,1.304,24.9947353287605,4.1647726774808875,1.3040000000000007,24.69046496098295
2024-11-04 17:05:44,4.165811015061007,1.304,24.2430730354219,4.164838395049136,1.3040000000000007,24.69046496098295
2024-11-04 17:05:44,4.165811015061007,1.304,22.672238853203226,4.164917256130903,1.3040000000000007,24.644015031471803
2024-11-04 17:05:45,4.165318133296276,1.304,25.72571420883662,4.164969830185329,1.3040000000000007,24.70508453858447
2024-11-04 17:05:45,4.1661396029055275,1.304,25.72571420883662,4.165028975996998,1.3040000000000007,24.719704116185994
2024-11-04 17:05:45,4.166632484674355,1.304,25.72571420883662,4.1651406958632995,1.3040000000000007,24.74935693965428
2024-11-04 17:05:45,4.1661396029055275,1.304,25.72571420883662,4.165212985188553,1.3040000000000007,24.763976517255806
2024-11-04 17:05:46,4.166303896828197,1.304,23.469396624933097,4.165311561541008,1.3040000000000007,24.718850165577738
2024-11-04 17:05:46,4.166632484674355,1.304,24.9947353287605,4.165377279109802,1.3040000000000007,24.74935693965428
2024-11-04 17:05:46,4.166303896828197,1.304,25.72571420883662,4.16543642492157,1.3040000000000007,24.74935693965428
2024-11-04 17:05:46,4.166632484674355,1.304,25.72571420883662,4.165508714247184,1.3040000000000007,24.779009763122566
2024-11-04 17:05:46,4.165975308983131,1.304,24.9947353287605,4.165554716545149,1.3040000000000007,24.779009763122573
2024-11-04 17:05:47,4.166468190751139,1.304,23.469396624933097,4.165613862357015,1.3040000000000007,24.7635362349128
2024-11-04 17:05:47,4.166303896828197,1.304,24.9947353287605,4.165686151682389,1.3040000000000007,24.734686532477703
2024-11-04 17:05:47,4.166632484674355,1.304,24.2430730354219,4.165751869251184,1.3040000000000007,24.750160060687485
2024-11-04 17:05:47,4.166796778597843,1.304,24.9947353287605,4.165817586820088,1.3040000000000007,24.735540483085966
2024-11-04 17:05:48,4.166796778597843,1.304,24.2430730354219,4.16587673263215,1.3040000000000007,24.751014011295737
2024-11-04 17:05:48,4.166468190751139,1.304,23.469396624933097,4.165929306687187,1.3040000000000007,24.691657534784095
2024-11-04 17:05:48,4.166961072521604,1.304,24.9947353287605,4.1660278830402975,1.3040000000000007,24.72216430886064
2024-11-04 17:05:48,4.166961072521604,1.304,24.9947353287605,4.166093600609312,1.3040000000000007,24.737197554727416
2024-11-04 17:05:49,4.167289660369947,1.304,24.2430730354219,4.1661790334491,1.3040000000000007,24.752671082937194
2024-11-04 17:05:49,4.167289660369947,1.304,24.9947353287605,4.166251322775195,1.3040000000000007,24.7238213805021
2024-11-04 17:05:49,4.16712536644564,1.304,25.72571420883662,4.166330183858011,1.3040000000000007,24.73844095810362
2024-11-04 17:05:49,4.16778254214451,1.304,26.437220450515156,4.166448475482431,1.3040000000000007,24.752671082937194
2024-11-04 17:05:50,4.167618248219383,1.304,23.469396624933097,4.166520764808767,1.3040000000000007,24.722164308860652
2024-11-04 17:05:50,4.167453954294528,1.304,24.9947353287605,4.166625912919188,1.3040000000000007,24.707544731259123
2024-11-04 17:05:50,4.167289660369947,1.304,27.13035904417916,4.166685058731546,1.3040000000000007,24.78076397964405
2024-11-04 17:05:50,4.166632484674355,1.304,24.9947353287605,4.166717917516079,1.3040000000000007,24.811270753720592
2024-11-04 17:05:51,4.167618248219383,1.304,24.2430730354219,4.166809922113003,1.3040000000000007,24.826744281930374
2024-11-04 17:05:51,4.167618248219383,1.304,24.9947353287605,4.166869067925557,1.3040000000000007,24.82674428193037
2024-11-04 17:05:51,4.167289660369947,1.304,24.2430730354219,4.16689535495338,1.3040000000000007,24.826744281930374
2024-11-04 17:05:51,4.167618248219383,1.304,24.2430730354219,4.166954500765934,1.3040000000000007,24.797091458462074
2024-11-04 17:05:52,4.167453954294528,1.304,24.9947353287605,4.167000503064588,1.3040000000000007,24.78247188086055
2024-11-04 17:05:52,4.167946836069911,1.304,27.80614130216054,4.167053077120409,1.3040000000000007,24.838700000328554
2024-11-04 17:05:52,4.16778254214451,1.304,26.437220450515156,4.167112222933062,1.3040000000000007,24.882582948630414
2024-11-04 17:05:52,4.168768305701011,1.304,25.72571420883662,4.167197655774128,1.3040000000000007,24.91223577209871
2024-11-04 17:05:53,4.167946836069911,1.304,24.9947353287605,4.1672765168576,1.3040000000000007,24.927269017965486
2024-11-04 17:05:53,4.168275423921531,1.304,25.72571420883662,4.167348806184415,1.3040000000000007,24.95692184143378
2024-11-04 17:05:53,4.168111129995584,1.304,24.9947353287605,4.167421095511111,1.3040000000000007,24.971955087300554
2024-11-04 17:05:53,4.168768305701011,1.304,24.2430730354219,4.167506528352177,1.3040000000000007,24.94230226383226
2024-11-04 17:05:54,4.168439717847751,1.304,27.13035904417916,4.167572245922172,1.3040000000000007,24.942302263832257
2024-11-04 17:05:54,4.168604011774245,1.304,27.13035904417916,4.167644535249228,1.3040000000000007,24.956165035705535
2024-11-04 17:05:54,4.168768305701011,1.304,26.437220450515156,4.1677365398472235,1.3040000000000007,25.047909918311007
2024-11-04 17:05:54,4.168604011774245,1.304,25.72571420883662,4.167802257417329,1.3040000000000007,25.06252949591252
2024-11-04 17:05:55,4.169096893555364,1.304,26.437220450515156,4.16788769025868,1.3040000000000007,25.09137919834762
2024-11-04 17:05:55,4.169096893555364,1.304,24.9947353287605,4.167959979586096,1.3040000000000007,25.121885972424167
2024-11-04 17:05:55,4.168768305701011,1.304,24.2430730354219,4.168019125399339,1.3040000000000007,25.12188597242417
2024-11-04 17:05:55,4.168932599628051,1.304,24.9947353287605,4.168091414726636,1.3040000000000007,25.136919218290938
2024-11-04 17:05:56,4.168932599628051,1.304,24.9947353287605,4.168137417025977,1.3040000000000007,25.13691921829093
2024-11-04 17:05:56,4.168932599628051,1.304,26.437220450515156,4.168189991082324,1.3040000000000007,25.16576892072603
2024-11-04 17:05:56,4.169425481410809,1.304,24.2430730354219,4.168268852166974,1.3040000000000007,25.150735674859256
2024-11-04 17:05:56,4.169096893555364,1.304,24.2430730354219,4.168341141494391,1.3040000000000007,25.150735674859263
2024-11-04 17:05:57,4.169425481410809,1.304,24.9947353287605,4.168452861363849,1.3040000000000007,25.197185604370404
2024-11-04 17:05:57,4.1697540692673485,1.304,24.9947353287605,4.168538294205767,1.3040000000000007,25.182566026768882
2024-11-04 17:05:57,4.169096893555364,1.304,24.9947353287605,4.168597440019207,1.3040000000000007,25.167946449167353
2024-11-04 17:05:58,4.169096893555364,1.304,24.2430730354219,4.1686697293466235,1.3040000000000007,25.138293625699063
2024-11-04 17:05:58,4.169918363196029,1.304,24.2430730354219,4.168761733945689,1.3040000000000007,25.10864080223077
2024-11-04 17:05:59,4.1705755389134795,1.304,25.72571420883662,4.168886597330447,1.3040000000000007,25.153767153908838
2024-11-04 17:05:59,4.170082657124981,1.304,24.9947353287605,4.168972030172651,1.3040000000000007,25.153767153908845
2024-11-04 17:06:00,4.170082657124981,1.304,24.2430730354219,4.16906403477187,1.3040000000000007,25.124114330440545
2024-11-04 17:06:00,4.1705755389134795,1.304,24.2430730354219,4.16913632410037,1.3040000000000007,25.09446150697225
2024-11-04 17:06:00,4.169918363196029,1.304,24.2430730354219,4.169215185185413,1.3040000000000007,25.079428261105477
2024-11-04 17:06:00,4.1702469510542075,1.304,24.2430730354219,4.16929404627072,1.3040000000000007,25.09490178931526
2024-11-04 17:06:01,4.1702469510542075,1.304,27.13035904417916,4.169379479113065,1.3040000000000007,25.13761426362363
2024-11-04 17:06:01,4.1702469510542075,1.304,24.2430730354219,4.169438624927192,1.3040000000000007,25.137614263623632
2024-11-04 17:06:01,4.1702469510542075,1.304,23.469396624933097,4.169510914255449,1.3040000000000007,25.10710748954708
2024-11-04 17:06:01,4.170082657124981,1.304,23.469396624933097,4.169570060069479,1.3040000000000007,25.09163396133731
2024-11-04 17:06:02,4.170904126773845,1.304,24.2430730354219,4.169655492912393,1.3040000000000007,25.107107489547083
2024-11-04 17:06:02,4.1702469510542075,1.304,24.9947353287605,4.169721210483591,1.3040000000000007,25.10710748954708
2024-11-04 17:06:02,4.170411244983707,1.304,24.9947353287605,4.169773784540724,1.3040000000000007,25.10710748954708
2024-11-04 17:06:02,4.170411244983707,1.304,24.9947353287605,4.169826358597858,1.3040000000000007,25.122140735413854
2024-11-04 17:06:03,4.1715613024978575,1.304,27.13035904417916,4.169938078469732,1.3040000000000007,25.164853209722228
2024-11-04 17:06:03,4.1710684207044375,1.304,25.72571420883662,4.170023511312788,1.3040000000000007,25.164853209722224
2024-11-04 17:06:03,4.170739832843526,1.304,23.469396624933097,4.170095800641408,1.3040000000000007,25.10549673321059
2024-11-04 17:06:03,4.171397008566444,1.304,24.9947353287605,4.1701943769989445,1.3040000000000007,25.136003507287132
2024-11-04 17:06:04,4.170739832843526,1.304,24.9947353287605,4.170246951056254,1.3040000000000007,25.136003507287136
2024-11-04 17:06:04,4.1712327146353045,1.304,27.80614130216054,4.17033238389945,1.3040000000000007,25.14951915244676
2024-11-04 17:06:04,4.1712327146353045,1.304,27.13035904417916,4.170404673228429,1.3040000000000007,25.192231626755138
2024-11-04 17:06:04,4.1710684207044375,1.304,24.9947353287605,4.170457247285913,1.3040000000000007,25.207264872621906
2024-11-04 17:06:05,4.1715613024978575,1.304,26.437220450515156,4.170555823643613,1.3040000000000007,25.236114575056998
2024-11-04 17:06:05,4.1705755389134795,1.304,25.72571420883662,4.170614969457938,1.3040000000000007,25.265767398525284
2024-11-04 17:06:05,4.171889890361504,1.304,26.437220450515156,4.170693830544558,1.3040000000000007,25.309650346827155
2024-11-04 17:06:05,4.171397008566444,1.304,25.72571420883662,4.170726689330675,1.3040000000000007,25.32426992442868
2024-11-04 17:06:06,4.1712327146353045,1.304,25.72571420883662,4.170772691631088,1.3040000000000007,25.282661382562193
2024-11-04 17:06:06,4.171397008566444,1.304,24.9947353287605,4.170825265688746,1.3040000000000007,25.253811680127104
2024-11-04 17:06:06,4.1715613024978575,1.304,24.2430730354219,4.17086469623212,1.3040000000000007,25.224158856658814
2024-11-04 17:06:06,4.172054184293737,1.304,25.72571420883662,4.1709501290760285,1.3040000000000007,25.23877843426033
2024-11-04 17:06:07,4.172218478226244,1.304,26.437220450515156,4.1710289901629105,1.3040000000000007,25.253008559093907
2024-11-04 17:06:07,4.171725596429544,1.304,24.9947353287605,4.171088135977924,1.3040000000000007,25.25300855909391
2024-11-04 17:06:07,4.172054184293737,1.304,23.469396624933097,4.171160425307505,1.3040000000000007,25.23753503088413
2024-11-04 17:06:07,4.1715613024978575,1.304,25.72571420883662,4.171212999365252,1.3040000000000007,25.20944213417727
2024-11-04 17:06:07,4.172218478226244,1.304,24.9947353287605,4.171298432209301,1.3040000000000007,25.166729659868903
2024-11-04 17:06:08,4.171889890361504,1.304,25.72571420883662,4.17133786275281,1.3040000000000007,25.15249953503534
2024-11-04 17:06:08,4.1715613024978575,1.304,25.72571420883662,4.1713904368105545,1.3040000000000007,25.152499535035332
2024-11-04 17:06:08,4.171889890361504,1.304,25.72571420883662,4.171449582625667,1.3040000000000007,25.138269410201755
2024-11-04 17:06:08,4.172218478226244,1.304,24.9947353287605,4.1715218719553695,1.3040000000000007,25.13826941020176
2024-11-04 17:06:09,4.172054184293737,1.304,23.469396624933097,4.171541587227205,1.3040000000000007,25.12279588199198
2024-11-04 17:06:09,4.172218478226244,1.304,25.72571420883662,4.171587589528077,1.3040000000000007,25.1374154595935
2024-11-04 17:06:09,4.172218478226244,1.304,24.9947353287605,4.171646735343386,1.3040000000000007,25.137415459593498
2024-11-04 17:06:09,4.171725596429544,1.304,23.469396624933097,4.171659878857911,1.3040000000000007,25.078058983081863
2024-11-04 17:06:10,4.172382772159025,1.304,26.437220450515156,4.171725596430531,1.3040000000000007,25.121941931383727
2024-11-04 17:06:10,4.172382772159025,1.304,25.72571420883662,4.171771598731479,1.3040000000000007,25.15159475485202
2024-11-04 17:06:10,4.172547066092079,1.304,25.72571420883662,4.171824172789751,1.3040000000000007,25.16621433245354
2024-11-04 17:06:10,4.172382772159025,1.304,24.9947353287605,4.171876746847935,1.3040000000000007,25.166214332453542
2024-11-04 17:06:11,4.172875653959008,1.304,24.9947353287605,4.17192932090638,1.3040000000000007,25.166214332453546
2024-11-04 17:06:11,4.172218478226244,1.304,24.9947353287605,4.171995038478891,1.3040000000000007,25.181247578320313
2024-11-04 17:06:11,4.172875653959008,1.304,26.437220450515156,4.172034469022792,1.3040000000000007,25.22513052662218
2024-11-04 17:06:11,4.172711360025406,1.304,24.9947353287605,4.172087043081149,1.3040000000000007,25.210510949020648
2024-11-04 17:06:12,4.173697123631116,1.304,24.9947353287605,4.172185619440982,1.3040000000000007,25.210510949020655
2024-11-04 17:06:12,4.172382772159025,1.304,25.72571420883662,4.172225049984685,1.3040000000000007,25.24016377248895
2024-11-04 17:06:12,4.172875653959008,1.304,24.9947353287605,4.17227762404313,1.3040000000000007,25.255197018355727
2024-11-04 17:06:12,4.1732042418270305,1.304,23.469396624933097,4.172323626344461,1.3040000000000007,25.239723490145952
2024-11-04 17:06:13,4.172711360025406,1.304,24.2430730354219,4.172343341616428,1.3040000000000007,25.23972349014595
2024-11-04 17:06:13,4.172875653959008,1.304,27.13035904417916,4.1723893439176045,1.3040000000000007,25.239723490145952
2024-11-04 17:06:13,4.172875653959008,1.304,25.72571420883662,4.172422202704216,1.3040000000000007,25.26937631361425
2024-11-04 17:06:13,4.173368535761452,1.304,23.469396624933097,4.172494492034759,1.3040000000000007,25.269376313614245
2024-11-04 17:06:13,4.173039947892883,1.304,24.9947353287605,4.172527350821425,1.3040000000000007,25.299883087690795
2024-11-04 17:06:14,4.173039947892883,1.304,25.72571420883662,4.172573353122679,1.3040000000000007,25.329535911159084
2024-11-04 17:06:14,4.173368535761452,1.304,23.469396624933097,4.172645642453224,1.3040000000000007,25.299029137082538
2024-11-04 17:06:14,4.173697123631116,1.304,25.72571420883662,4.172717931784009,1.3040000000000007,25.313648714684067
2024-11-04 17:06:14,4.174025711501874,1.304,24.9947353287605,4.172790221115034,1.3040000000000007,25.313648714684064
2024-11-04 17:06:15,4.173532829696147,1.304,26.437220450515156,4.172849366931131,1.3040000000000007,25.299785942810786
2024-11-04 17:06:15,4.173532829696147,1.304,25.72571420883662,4.172901940989926,1.3040000000000007,25.299785942810775
2024-11-04 17:06:15,4.173861417566358,1.304,26.437220450515156,4.172967658563532,1.3040000000000007,25.359142419322424
2024-11-04 17:06:15,4.173861417566358,1.304,24.9947353287605,4.173053091409005,1.3040000000000007,25.359142419322428
2024-11-04 17:06:16,4.173532829696147,1.304,24.9947353287605,4.17309909371049,1.3040000000000007,25.359142419322424
2024-11-04 17:06:16,4.173697123631116,1.304,25.72571420883662,4.173151667769374,1.3040000000000007,25.317533877455944
2024-11-04 17:06:16,4.174025711501874,1.304,24.9947353287605,4.173210813585766,1.3040000000000007,25.274821403147566
2024-11-04 17:06:16,4.174025711501874,1.304,25.72571420883662,4.17327653115948,1.3040000000000007,25.289440980749095
2024-11-04 17:06:17,4.174190005437663,1.304,24.9947353287605,4.1733291052186265,1.3040000000000007,25.26059127831401
2024-11-04 17:06:17,4.174190005437663,1.304,24.2430730354219,4.173407966307082,1.3040000000000007,25.23093845484571
2024-11-04 17:06:17,4.173861417566358,1.304,24.2430730354219,4.173447396851376,1.3040000000000007,25.187055506543853
2024-11-04 17:06:17,4.174025711501874,1.304,25.72571420883662,4.173499970910435,1.3040000000000007,25.187055506543846
2024-11-04 17:06:18,4.173697123631116,1.304,25.72571420883662,4.173499970910434,1.3040000000000007,25.187055506543846
2024-11-04 17:06:18,4.174354299373726,1.304,24.2430730354219,4.173578831999023,1.3040000000000007,25.172022260677082
2024-11-04 17:06:18,4.174518593310063,1.304,24.2430730354219,4.173644549573064,1.3040000000000007,25.17202226067708
2024-11-04 17:06:18,4.174354299373726,1.304,26.437220450515156,4.173690551874932,1.3040000000000007,25.18625238551064
2024-11-04 17:06:19,4.174682887246673,1.304,23.469396624933097,4.173769412963782,1.3040000000000007,25.126895908999007
2024-11-04 17:06:19,4.174518593310063,1.304,27.80614130216054,4.1738351305378245,1.3040000000000007,25.183124028467006
2024-11-04 17:06:19,4.174682887246673,1.304,24.9947353287605,4.173907419869331,1.3040000000000007,25.21363080254356
2024-11-04 17:06:19,4.175175769058147,1.304,26.437220450515156,4.173979709201199,1.3040000000000007,25.227860927377122
2024-11-04 17:06:20,4.174682887246673,1.304,27.13035904417916,4.17404542677535,1.3040000000000007,25.2705734016855
2024-11-04 17:06:20,4.174847181183558,1.304,27.13035904417916,4.174117716106977,1.3040000000000007,25.298666298392355
2024-11-04 17:06:20,4.174847181183558,1.304,24.9947353287605,4.174176861923861,1.3040000000000007,25.284046720790826
2024-11-04 17:06:20,4.174682887246673,1.304,28.465495270963004,4.174216292468484,1.3040000000000007,25.338842342033352
2024-11-04 17:06:21,4.174847181183558,1.304,24.2430730354219,4.174249151255752,1.3040000000000007,25.323809096166578
2024-11-04 17:06:21,4.175011475120716,1.304,23.469396624933097,4.174308297072734,1.3040000000000007,25.323809096166585
2024-11-04 17:06:21,4.175011475120716,1.304,25.72571420883662,4.174367442889718,1.3040000000000007,25.323809096166578
2024-11-04 17:06:21,4.175011475120716,1.304,24.9947353287605,4.1744134451918935,1.3040000000000007,25.323809096166585
2024-11-04 17:06:22,4.175175769058147,1.304,24.9947353287605,4.1744660192515655,1.3040000000000007,25.354315870243127
2024-11-04 17:06:22,4.175340062995852,1.304,23.469396624933097,4.174538308583553,1.3040000000000007,25.294959393731492
2024-11-04 17:06:22,4.175011475120716,1.304,25.72571420883662,4.1745908826431375,1.3040000000000007,25.29495939373149
2024-11-04 17:06:22,4.175340062995852,1.304,24.9947353287605,4.174643456702895,1.3040000000000007,25.280339816129967
2024-11-04 17:06:22,4.175668650872083,1.304,23.469396624933097,4.1747091742777025,1.3040000000000007,25.249833042053424
2024-11-04 17:06:23,4.175668650872083,1.304,24.9947353287605,4.17476832009508,1.3040000000000007,25.24983304205342
2024-11-04 17:06:23,4.175504356933831,1.304,24.9947353287605,4.174820894154925,1.3040000000000007,25.249833042053414
2024-11-04 17:06:23,4.175668650872083,1.304,22.672238853203226,4.174893183487153,1.3040000000000007,25.174533410107184
2024-11-04 17:06:23,4.175175769058147,1.304,24.9947353287605,4.174939185789404,1.3040000000000007,25.174533410107177
2024-11-04 17:06:24,4.175832944810609,1.304,24.2430730354219,4.175024618636583,1.3040000000000007,25.159500164240413
2024-11-04 17:06:24,4.175504356933831,1.304,24.2430730354219,4.175070620938987,1.3040000000000007,25.129847340772113
2024-11-04 17:06:24,4.175504356933831,1.304,26.437220450515156,4.175110051483939,1.3040000000000007,25.1586970432072
2024-11-04 17:06:24,4.175997238749409,1.304,25.72571420883662,4.175175769058966,1.3040000000000007,25.203823394885276
2024-11-04 17:06:25,4.175832944810609,1.304,25.72571420883662,4.1752217713615245,1.3040000000000007,25.233476218353562
2024-11-04 17:06:25,4.1763258266278305,1.304,27.13035904417916,4.1752940606942355,1.3040000000000007,25.233476218353566
2024-11-04 17:06:25,4.175504356933831,1.304,24.9947353287605,4.175326919481722,1.3040000000000007,25.218856640752048
2024-11-04 17:06:25,4.176161532688483,1.304,25.72571420883662,4.175366350026937,1.3040000000000007,25.263982992430112
2024-11-04 17:06:26,4.175832944810609,1.304,24.9947353287605,4.175412352329494,1.3040000000000007,25.263982992430115
2024-11-04 17:06:26,4.175504356933831,1.304,24.2430730354219,4.175438639359505,1.3040000000000007,25.234330168961815
2024-11-04 17:06:26,4.176161532688483,1.304,22.672238853203226,4.1754912134197015,1.3040000000000007,25.21838701352722
2024-11-04 17:06:26,4.175997238749409,1.304,24.2430730354219,4.175543787479811,1.3040000000000007,25.18873419005893
2024-11-04 17:06:27,4.176818708447516,1.304,24.9947353287605,4.175622648570369,1.3040000000000007,25.188734190058934
2024-11-04 17:06:27,4.175832944810609,1.304,24.9947353287605,4.175655507357965,1.3040000000000007,25.15988448762384
2024-11-04 17:06:27,4.176654414507347,1.304,24.9947353287605,4.1757212249334295,1.3040000000000007,25.14526491002232
2024-11-04 17:06:27,4.176490120567451,1.304,24.9947353287605,4.1757803707513,1.3040000000000007,25.116415207587224
2024-11-04 17:06:28,4.175997238749409,1.304,24.9947353287605,4.17581322953895,1.3040000000000007,25.116415207587224
2024-11-04 17:06:28,4.176654414507347,1.304,24.2430730354219,4.175865803599409,1.3040000000000007,25.101381961720453
2024-11-04 17:06:28,4.176654414507347,1.304,26.437220450515156,4.175931521174874,1.3040000000000007,25.11561208655402
2024-11-04 17:06:28,4.176983002387958,1.304,23.469396624933097,4.175997238750559,1.3040000000000007,25.085105312477477
2024-11-04 17:06:29,4.176983002387958,1.304,24.9947353287605,4.176049812811193,1.3040000000000007,25.070485734875955
2024-11-04 17:06:29,4.176818708447516,1.304,23.469396624933097,4.176095815114211,1.3040000000000007,25.039978960799402
2024-11-04 17:06:29,4.177311590269665,1.304,25.72571420883662,4.176168104447644,1.3040000000000007,25.069631784267703
2024-11-04 17:06:29,4.176983002387958,1.304,26.437220450515156,4.17622067850828,1.3040000000000007,25.113514732569566
2024-11-04 17:06:30,4.177311590269665,1.304,23.469396624933097,4.176306111356739,1.3040000000000007,25.0683883808915
2024-11-04 17:06:30,4.176983002387958,1.304,25.72571420883662,4.176352113659834,1.3040000000000007,25.068388380891502
2024-11-04 17:06:30,4.177311590269665,1.304,24.9947353287605,4.176424402993266,1.3040000000000007,25.083421626758277
2024-11-04 17:06:30,4.177147296328674,1.304,26.437220450515156,4.176490120569061,1.3040000000000007,25.127304575060133
2024-11-04 17:06:31,4.177475884210929,1.304,24.2430730354219,4.176549266387522,1.3040000000000007,25.083421626758266
2024-11-04 17:06:31,4.177147296328674,1.304,24.2430730354219,4.176601840448245,1.3040000000000007,25.098895154968048
2024-11-04 17:06:31,4.177475884210929,1.304,25.72571420883662,4.176647842751568,1.3040000000000007,25.05728661310156
2024-11-04 17:06:31,4.177804472094278,1.304,24.9947353287605,4.176739847357986,1.3040000000000007,25.057286613101564
2024-11-04 17:06:32,4.177804472094278,1.304,25.72571420883662,4.176805564934218,1.3040000000000007,25.043056488267993
2024-11-04 17:06:32,4.177475884210929,1.304,22.672238853203226,4.1768712825102305,1.3040000000000007,24.95389408444847
2024-11-04 17:06:32,4.177804472094278,1.304,24.2430730354219,4.176963287116648,1.3040000000000007,24.89614836427333
2024-11-04 17:06:32,4.177475884210929,1.304,25.72571420883662,4.177015861177547,1.3040000000000007,24.910767941874848
2024-11-04 17:06:33,4.177640178152466,1.304,24.2430730354219,4.177081578753669,1.3040000000000007,24.826319497164025
2024-11-04 17:06:33,4.177968766036364,1.304,25.72571420883662,4.177127581057223,1.3040000000000007,24.855972320632326
2024-11-04 17:06:33,4.177475884210929,1.304,26.437220450515156,4.177193298633236,1.3040000000000007,24.915328797143967
2024-11-04 17:06:33,4.178461647864264,1.304,26.437220450515156,4.177265587967512,1.3040000000000007,24.92955892197754
2024-11-04 17:06:34,4.178133059978723,1.304,24.2430730354219,4.177331305543964,1.3040000000000007,24.914525676110767
2024-11-04 17:06:34,4.178133059978723,1.304,27.13035904417916,4.177416738393137,1.3040000000000007,24.957238150419144
2024-11-04 17:06:34,4.178133059978723,1.304,25.72571420883662,4.177475884211994,1.3040000000000007,25.00236450209721
2024-11-04 17:06:34,4.178461647864264,1.304,23.469396624933097,4.17754817354627,1.3040000000000007,24.95723815041914
2024-11-04 17:06:35,4.178297353921357,1.304,24.2430730354219,4.177600747607606,1.3040000000000007,24.942204904552362
2024-11-04 17:06:35,4.178297353921357,1.304,26.437220450515156,4.1776533216689415,1.3040000000000007,25.00156138106401
2024-11-04 17:06:35,4.1789545296946295,1.304,25.72571420883662,4.177738754518827,1.3040000000000007,25.016180958665526
2024-11-04 17:06:35,4.1789545296946295,1.304,24.9947353287605,4.177804472095825,1.3040000000000007,25.016180958665522
2024-11-04 17:06:36,4.178461647864264,1.304,27.13035904417916,4.177863617914877,1.3040000000000007,25.105343362485044
2024-11-04 17:06:36,4.178790235750901,1.304,26.437220450515156,4.177922763734126,1.3040000000000007,25.134193064920137
2024-11-04 17:06:36,4.178625941807446,1.304,24.9947353287605,4.177988481310905,1.3040000000000007,25.14922631078691
2024-11-04 17:06:36,4.178461647864264,1.304,24.2430730354219,4.178034483614688,1.3040000000000007,25.149226310786908
2024-11-04 17:06:37,4.178790235750901,1.304,24.2430730354219,4.178100201191577,1.3040000000000007,25.10534336248504
2024-11-04 17:06:37,4.178790235750901,1.304,24.9947353287605,4.178152775253176,1.3040000000000007,25.090723784883522
2024-11-04 17:06:37,4.17928311758291,1.304,24.9947353287605,4.1782382081033465,1.3040000000000007,25.076104207282
2024-11-04 17:06:37,4.1789545296946295,1.304,22.672238853203226,4.1782973539226935,1.3040000000000007,24.98694180346248
2024-11-04 17:06:37,4.179118823638634,1.304,24.9947353287605,4.178349927984468,1.3040000000000007,24.986941803462482
2024-11-04 17:06:38,4.179118823638634,1.304,24.2430730354219,4.178402502046243,1.3040000000000007,24.957288979994182
2024-11-04 17:06:38,4.1789545296946295,1.304,24.2430730354219,4.178461647865592,1.3040000000000007,24.942255734127414
2024-11-04 17:06:38,4.1789545296946295,1.304,24.2430730354219,4.178507650169606,1.3040000000000007,24.942255734127414
2024-11-04 17:06:38,4.17928311758291,1.304,27.13035904417916,4.178579939504485,1.3040000000000007,25.03141813794693
2024-11-04 17:06:39,4.179611705472286,1.304,25.72571420883662,4.178658800597279,1.3040000000000007,25.061070961415226
2024-11-04 17:06:39,4.179447411527461,1.304,24.2430730354219,4.178717946416923,1.3040000000000007,25.046037715548458
2024-11-04 17:06:39,4.17928311758291,1.304,25.72571420883662,4.178790235751801,1.3040000000000007,25.06065729314998
2024-11-04 17:06:39,4.179611705472286,1.304,26.437220450515156,4.178836238056122,1.3040000000000007,25.08950699558508
2024-11-04 17:06:40,4.1797759994173855,1.304,24.2430730354219,4.178901955633669,1.3040000000000007,25.074473749718305
2024-11-04 17:06:40,4.17928311758291,1.304,24.2430730354219,4.178947957937836,1.3040000000000007,25.059440503851537
2024-11-04 17:06:40,4.179611705472286,1.304,24.9947353287605,4.179007103757579,1.3040000000000007,25.074473749718305
2024-11-04 17:06:40,4.1797759994173855,1.304,23.469396624933097,4.179059677819703,1.3040000000000007,25.01511727320667
2024-11-04 17:06:41,4.179940293362757,1.304,26.437220450515156,4.17912539539736,1.3040000000000007,25.074473749718308
2024-11-04 17:06:41,4.180268881254326,1.304,24.9947353287605,4.179204256490679,1.3040000000000007,25.07447374971831
2024-11-04 17:06:41,4.180104587308405,1.304,23.469396624933097,4.179250258795229,1.3040000000000007,25.074473749718308
2024-11-04 17:06:41,4.179940293362757,1.304,25.72571420883662,4.179289689341954,1.3040000000000007,25.074473749718308
2024-11-04 17:06:42,4.179447411527461,1.304,24.9947353287605,4.179329119888482,1.3040000000000007,25.045624047283205
2024-11-04 17:06:42,4.179940293362757,1.304,25.72571420883662,4.1793751221929565,1.3040000000000007,25.09075039896128
2024-11-04 17:06:42,4.180433175200521,1.304,25.72571420883662,4.179447411528679,1.3040000000000007,25.09075039896128
2024-11-04 17:06:42,4.179940293362757,1.304,24.2430730354219,4.179506557348619,1.3040000000000007,25.075717153094505
2024-11-04 17:06:43,4.180104587308405,1.304,24.9947353287605,4.179559131410917,1.3040000000000007,25.04686745065941
2024-11-04 17:06:43,4.1797759994173855,1.304,25.72571420883662,4.179598561957577,1.3040000000000007,25.076520274127706
2024-11-04 17:06:43,4.18059746914699,1.304,24.9947353287605,4.179651136020141,1.3040000000000007,25.09155351999448
2024-11-04 17:06:43,4.180433175200521,1.304,26.437220450515156,4.179710281840377,1.3040000000000007,25.105783644828044
2024-11-04 17:06:44,4.18059746914699,1.304,23.469396624933097,4.179769427660711,1.3040000000000007,25.075276870751498
2024-11-04 17:06:44,4.180268881254326,1.304,24.9947353287605,4.179815429965339,1.3040000000000007,25.06065729314997
2024-11-04 17:06:44,4.180433175200521,1.304,24.9947353287605,4.1798745757855755,1.3040000000000007,25.10710722266112
2024-11-04 17:06:44,4.180433175200521,1.304,24.2430730354219,4.179933721605812,1.3040000000000007,25.107107222661124
2024-11-04 17:06:45,4.181090350988042,1.304,25.72571420883662,4.180006010942016,1.3040000000000007,25.107107222661124
2024-11-04 17:06:45,4.180104587308405,1.304,24.2430730354219,4.18002572621546,1.3040000000000007,25.10710722266112
2024-11-04 17:06:45,4.181583232831561,1.304,25.72571420883662,4.180111159067625,1.3040000000000007,25.107107222661124
2024-11-04 17:06:45,4.181418938883447,1.304,25.72571420883662,4.180196591919646,1.3040000000000007,25.092877097827557
2024-11-04 17:06:46,4.181418938883447,1.304,25.72571420883662,4.180268881256092,1.3040000000000007,25.078646972993983
2024-11-04 17:06:46,4.1807617630937335,1.304,24.9947353287605,4.180308311803145,1.3040000000000007,25.093680218860758
2024-11-04 17:06:46,4.18092605704075,1.304,23.469396624933097,4.180374029381458,1.3040000000000007,25.020460970475835
2024-11-04 17:06:46,4.181583232831561,1.304,25.72571420883662,4.180452890475829,1.3040000000000007,25.020460970475835
2024-11-04 17:06:47,4.181090350988042,1.304,24.9947353287605,4.180505464538654,1.3040000000000007,25.050967744552377
2024-11-04 17:06:47,4.181254644935607,1.304,26.437220450515156,4.180558038601568,1.3040000000000007,25.094850692854244
2024-11-04 17:06:47,4.181254644935607,1.304,25.72571420883662,4.180597469148821,1.3040000000000007,25.08062056802066
2024-11-04 17:06:47,4.181418938883447,1.304,26.437220450515156,4.1806500432118225,1.3040000000000007,25.094850692854234
2024-11-04 17:06:48,4.181254644935607,1.304,26.437220450515156,4.180702617274736,1.3040000000000007,25.123700395289333
2024-11-04 17:06:48,4.181254644935607,1.304,27.13035904417916,4.180774906611064,1.3040000000000007,25.123700395289337
2024-11-04 17:06:48,4.181254644935607,1.304,23.469396624933097,4.180827480673979,1.3040000000000007,25.064343918777695
2024-11-04 17:06:48,4.181583232831561,1.304,25.72571420883662,4.18087348297922,1.3040000000000007,25.07896349637922
2024-11-04 17:06:49,4.182076114677546,1.304,25.72571420883662,4.180958915831813,1.3040000000000007,25.108616319847513
2024-11-04 17:06:49,4.181747526779949,1.304,23.469396624933097,4.181024633410675,1.3040000000000007,25.09314279163773
2024-11-04 17:06:49,4.181911820728611,1.304,24.9947353287605,4.181110066263123,1.3040000000000007,25.09314279163774
2024-11-04 17:06:49,4.181747526779949,1.304,23.469396624933097,4.181156068568442,1.3040000000000007,25.062636017561186
2024-11-04 17:06:50,4.181747526779949,1.304,24.9947353287605,4.181208642631619,1.3040000000000007,25.109085947072334
2024-11-04 17:06:50,4.181583232831561,1.304,26.437220450515156,4.1812480731790025,1.3040000000000007,25.137935649507426
2024-11-04 17:06:50,4.181911820728611,1.304,25.72571420883662,4.181313790757972,1.3040000000000007,25.167588472975723
2024-11-04 17:06:50,4.181911820728611,1.304,23.469396624933097,4.181372936579096,1.3040000000000007,25.15211494476594
2024-11-04 17:06:51,4.181911820728611,1.304,24.9947353287605,4.181432082400218,1.3040000000000007,25.167148190632716
2024-11-04 17:06:51,4.182240408626757,1.304,25.72571420883662,4.181478084705766,1.3040000000000007,25.139055293925857
2024-11-04 17:06:51,4.181911820728611,1.304,24.2430730354219,4.1815503740425735,1.3040000000000007,25.109402470457567
2024-11-04 17:06:51,4.182076114677546,1.304,26.437220450515156,4.181570089316413,1.3040000000000007,25.153285418759435
2024-11-04 17:06:52,4.182076114677546,1.304,27.13035904417916,4.181596376348178,1.3040000000000007,25.181378315466286
2024-11-04 17:06:52,4.182404702576241,1.304,24.2430730354219,4.181635806895889,1.3040000000000007,25.13749536716442
2024-11-04 17:06:52,4.182076114677546,1.304,24.2430730354219,4.181688380959241,1.3040000000000007,25.137495367164423
2024-11-04 17:06:52,4.182733290476032,1.304,26.437220450515156,4.181760670296652,1.3040000000000007,25.181378315466283
2024-11-04 17:06:53,4.182568996526,1.304,27.80614130216054,4.18180010084443,1.3040000000000007,25.237606434934285
2024-11-04 17:06:53,4.182568996526,1.304,25.72571420883662,4.181859246665948,1.3040000000000007,25.28273278661235
2024-11-04 17:06:53,4.18289758442634,1.304,24.9947353287605,4.181924964245578,1.3040000000000007,25.253883084177264
2024-11-04 17:06:53,4.182568996526,1.304,24.9947353287605,4.181977538309193,1.3040000000000007,25.253883084177268
2024-11-04 17:06:54,4.18289758442634,1.304,25.72571420883662,4.182036684130909,1.3040000000000007,25.299009435855332
2024-11-04 17:06:54,4.183390466278906,1.304,24.2430730354219,4.18212211698464,1.3040000000000007,25.269356612387043
2024-11-04 17:06:54,4.183226172327776,1.304,24.9947353287605,4.182200978080327,1.3040000000000007,25.269356612387035
2024-11-04 17:06:54,4.183226172327776,1.304,24.2430730354219,4.182279839176013,1.3040000000000007,25.239703788918746
2024-11-04 17:06:55,4.183390466278906,1.304,23.469396624933097,4.182352128513906,1.3040000000000007,25.194577437240678
2024-11-04 17:06:55,4.18289758442634,1.304,24.9947353287605,4.182384987303858,1.3040000000000007,25.209610683107442
2024-11-04 17:06:55,4.183390466278906,1.304,24.9947353287605,4.182450704883816,1.3040000000000007,25.20961068310745
2024-11-04 17:06:55,4.183061878376921,1.304,24.2430730354219,4.182496707189749,1.3040000000000007,25.179957859639156
2024-11-04 17:06:56,4.183061878376921,1.304,24.9947353287605,4.182549281253627,1.3040000000000007,25.179957859639163
2024-11-04 17:06:56,4.183554760230311,1.304,25.72571420883662,4.182621570591643,1.3040000000000007,25.165727734805586
2024-11-04 17:06:56,4.183719054181989,1.304,24.9947353287605,4.18270700344566,1.3040000000000007,25.19623450888213
2024-11-04 17:06:56,4.184047642086169,1.304,25.72571420883662,4.182792436299963,1.3040000000000007,25.21085408648366
2024-11-04 17:06:57,4.183390466278906,1.304,24.2430730354219,4.182851582121975,1.3040000000000007,25.195820840616886
2024-11-04 17:06:57,4.183883348133942,1.304,24.2430730354219,4.182930443218188,1.3040000000000007,25.19582084061689
2024-11-04 17:06:57,4.183554760230311,1.304,24.9947353287605,4.182983017282331,1.3040000000000007,25.181201263015367
2024-11-04 17:06:57,4.183719054181989,1.304,24.9947353287605,4.183055306620466,1.3040000000000007,25.196234508882135
2024-11-04 17:06:58,4.184211936038669,1.304,25.72571420883662,4.183140739474912,1.3040000000000007,25.196234508882135
2024-11-04 17:06:58,4.183883348133942,1.304,25.72571420883662,4.183213028813168,1.3040000000000007,25.196234508882135
2024-11-04 17:06:58,4.183883348133942,1.304,23.469396624933097,4.183272174635476,1.3040000000000007,25.151108157204067
2024-11-04 17:06:58,4.183883348133942,1.304,23.469396624933097,4.183344463973732,1.3040000000000007,25.120601383127514
2024-11-04 17:06:59,4.184376229991445,1.304,25.72571420883662,4.183410181554348,1.3040000000000007,25.165727734805586
2024-11-04 17:06:59,4.183883348133942,1.304,25.72571420883662,4.183462755618667,1.3040000000000007,25.165727734805586
2024-11-04 17:06:59,4.184376229991445,1.304,25.72571420883662,4.183535044957284,1.3040000000000007,25.180347312407104
2024-11-04 17:06:59,4.184047642086169,1.304,24.9947353287605,4.183581047263678,1.3040000000000007,25.151497609972008
2024-11-04 17:07:00,4.184376229991445,1.304,25.72571420883662,4.183653336602295,1.3040000000000007,25.15149760997201
2024-11-04 17:07:00,4.184540523944495,1.304,23.469396624933097,4.183719054183022,1.3040000000000007,25.09214113346037
2024-11-04 17:07:00,4.184540523944495,1.304,24.9947353287605,4.183765056489644,1.3040000000000007,25.06329143102528
2024-11-04 17:07:00,4.184540523944495,1.304,22.672238853203226,4.183817630554312,1.3040000000000007,24.97412902720576
2024-11-04 17:07:01,4.184376229991445,1.304,25.72571420883662,4.183863632860859,1.3040000000000007,25.019255378883837
2024-11-04 17:07:01,4.184376229991445,1.304,24.9947353287605,4.183903063409361,1.3040000000000007,25.004635801282316
2024-11-04 17:07:01,4.184869111851418,1.304,25.72571420883662,4.183981924506364,1.3040000000000007,25.00463580128232
2024-11-04 17:07:01,4.184540523944495,1.304,24.2430730354219,4.184027926812987,1.3040000000000007,25.020109329492094
2024-11-04 17:07:02,4.184869111851418,1.304,24.9947353287605,4.1841002161519665,1.3040000000000007,25.020109329492087
2024-11-04 17:07:02,4.1851976997594384,1.304,24.2430730354219,4.184185649007268,1.3040000000000007,25.03558285770187
2024-11-04 17:07:02,4.184540523944495,1.304,24.2430730354219,4.1842250795558344,1.3040000000000007,25.020549611835094
2024-11-04 17:07:02,4.1851976997594384,1.304,25.72571420883662,4.184284225378932,1.3040000000000007,25.00631948700153
2024-11-04 17:07:03,4.184704817897819,1.304,24.9947353287605,4.184310512411399,1.3040000000000007,24.991699909399998
2024-11-04 17:07:03,4.184704817897819,1.304,24.9947353287605,4.184363086476155,1.3040000000000007,25.02220668347655
2024-11-04 17:07:03,4.1850334058052905,1.304,24.2430730354219,4.184409088783009,1.3040000000000007,25.007173437609776
2024-11-04 17:07:03,4.18536199371386,1.304,25.72571420883662,4.184481378122351,1.3040000000000007,25.00717343760978
2024-11-04 17:07:04,4.1851976997594384,1.304,24.2430730354219,4.184540523945449,1.3040000000000007,25.007173437609787
2024-11-04 17:07:04,4.185690581623526,1.304,25.72571420883662,4.1845996697688435,1.3040000000000007,24.992943312776216
2024-11-04 17:07:04,4.185690581623526,1.304,25.72571420883662,4.184671959108427,1.3040000000000007,24.964850416069357
2024-11-04 17:07:04,4.185854875578771,1.304,26.437220450515156,4.1847508202062205,1.3040000000000007,25.008733364371228
2024-11-04 17:07:05,4.1851976997594384,1.304,24.2430730354219,4.18480339427124,1.3040000000000007,25.008733364371224
2024-11-04 17:07:05,4.185854875578771,1.304,27.13035904417916,4.184862540094733,1.3040000000000007,25.022596136244502
2024-11-04 17:07:05,4.185690581623526,1.304,24.9947353287605,4.184934829434317,1.3040000000000007,24.9663680167765
2024-11-04 17:07:05,4.186183463490084,1.304,23.469396624933097,4.185007118774263,1.3040000000000007,24.92124166509843
2024-11-04 17:07:06,4.186183463490084,1.304,25.72571420883662,4.185092551630421,1.3040000000000007,24.935861242699946
2024-11-04 17:07:06,4.185526287668556,1.304,26.437220450515156,4.185138553937505,1.3040000000000007,24.96471094513504
2024-11-04 17:07:06,4.186183463490084,1.304,25.72571420883662,4.1852042715193285,1.3040000000000007,24.96471094513504
2024-11-04 17:07:06,4.186183463490084,1.304,25.72571420883662,4.185269989101153,1.3040000000000007,24.994363768603336
2024-11-04 17:07:07,4.185690581623526,1.304,25.72571420883662,4.185315991408316,1.3040000000000007,25.00898334620485
2024-11-04 17:07:07,4.186512051402495,1.304,24.9947353287605,4.185401424264756,1.3040000000000007,25.024016592071625
2024-11-04 17:07:07,4.186512051402495,1.304,24.2430730354219,4.185486857121199,1.3040000000000007,25.0394901202814
2024-11-04 17:07:07,4.186512051402495,1.304,27.13035904417916,4.185552574703243,1.3040000000000007,25.082202594589777
2024-11-04 17:07:08,4.1863477574461525,1.304,25.72571420883662,4.185624864043309,1.3040000000000007,25.096822172191295
2024-11-04 17:07:08,4.186183463490084,1.304,24.2430730354219,4.185677438108855,1.3040000000000007,25.0968221721913
2024-11-04 17:07:08,4.186676345359112,1.304,24.9947353287605,4.185736583932842,1.3040000000000007,25.096822172191295
2024-11-04 17:07:08,4.186512051402495,1.304,25.72571420883662,4.185815445031162,1.3040000000000007,25.096822172191295
2024-11-04 17:07:09,4.186183463490084,1.304,23.469396624933097,4.185854875580387,1.3040000000000007,25.066315398114753
2024-11-04 17:07:09,4.186840639316004,1.304,27.80614130216054,4.1859403084371145,1.3040000000000007,25.107923939981234
2024-11-04 17:07:09,4.187169227230611,1.304,25.72571420883662,4.186038884810426,1.3040000000000007,25.137576763449523
2024-11-04 17:07:09,4.186676345359112,1.304,24.9947353287605,4.186104602392578,1.3040000000000007,25.15261000931629
2024-11-04 17:07:10,4.187169227230611,1.304,24.2430730354219,4.186176891733249,1.3040000000000007,25.137576763449523
2024-11-04 17:07:10,4.186676345359112,1.304,24.9947353287605,4.186236037557235,1.3040000000000007,25.13757676344953
2024-11-04 17:07:10,4.186512051402495,1.304,25.72571420883662,4.186268896348394,1.3040000000000007,25.137576763449523
2024-11-04 17:07:10,4.187169227230611,1.304,26.437220450515156,4.186328042172677,1.3040000000000007,25.1518068882831
2024-11-04 17:07:11,4.186840639316004,1.304,25.72571420883662,4.186367472722168,1.3040000000000007,25.196933239961172
2024-11-04 17:07:11,4.187497815146315,1.304,24.9947353287605,4.1864594773376425,1.3040000000000007,25.227440014037715
2024-11-04 17:07:11,4.18700493327317,1.304,23.469396624933097,4.186505479645417,1.3040000000000007,25.182313662359647
2024-11-04 17:07:11,4.187497815146315,1.304,24.9947353287605,4.186577768986328,1.3040000000000007,25.167694084758118
2024-11-04 17:07:12,4.187497815146315,1.304,24.2430730354219,4.1866303430525775,1.3040000000000007,25.13804126128983
2024-11-04 17:07:12,4.187169227230611,1.304,25.72571420883662,4.1866697736021985,1.3040000000000007,25.15266083889135
2024-11-04 17:07:12,4.18700493327317,1.304,25.72571420883662,4.186728919426383,1.3040000000000007,25.152660838891343
2024-11-04 17:07:12,4.187333521188326,1.304,24.2430730354219,4.186774921734313,1.3040000000000007,25.168134367101125
2024-11-04 17:07:13,4.187826403063118,1.304,25.72571420883662,4.186840639317234,1.3040000000000007,25.182753944702643
2024-11-04 17:07:13,4.188154990981021,1.304,25.72571420883662,4.186939215691534,1.3040000000000007,25.243823451815317
2024-11-04 17:07:13,4.187826403063118,1.304,24.9947353287605,4.1869917897579585,1.3040000000000007,25.229203874213795
2024-11-04 17:07:13,4.18766210910458,1.304,24.9947353287605,4.187037792066042,1.3040000000000007,25.22920387421379
2024-11-04 17:07:14,4.188154990981021,1.304,23.469396624933097,4.187103509649184,1.3040000000000007,25.184077522535723
2024-11-04 17:07:14,4.187990697021932,1.304,25.72571420883662,4.187169227232215,1.3040000000000007,25.213730346004024
2024-11-04 17:07:14,4.187990697021932,1.304,26.437220450515156,4.18724151657349,1.3040000000000007,25.242580048439113
2024-11-04 17:07:14,4.1886478728599315,1.304,27.13035904417916,4.1873203776735215,1.3040000000000007,25.30032576861426
2024-11-04 17:07:15,4.188154990981021,1.304,24.2430730354219,4.187386095256663,1.3040000000000007,25.300325768614258
2024-11-04 17:07:15,4.188319284940382,1.304,26.437220450515156,4.187471528114674,1.3040000000000007,25.31455589344783
2024-11-04 17:07:15,4.188812166820118,1.304,25.72571420883662,4.18755038921484,1.3040000000000007,25.329175471049357
2024-11-04 17:07:15,4.1886478728599315,1.304,27.80614130216054,4.1876095350400115,1.3040000000000007,25.385403590517353
2024-11-04 17:07:16,4.1886478728599315,1.304,23.469396624933097,4.187688396140044,1.3040000000000007,25.36993006230758
2024-11-04 17:07:16,4.1886478728599315,1.304,22.672238853203226,4.187747541965215,1.3040000000000007,25.308860555194904
2024-11-04 17:07:16,4.188976460780579,1.304,25.72571420883662,4.187839546582073,1.3040000000000007,25.3385133786632
2024-11-04 17:07:16,4.188976460780579,1.304,23.469396624933097,4.187938122957195,1.3040000000000007,25.293387026985123
2024-11-04 17:07:17,4.188976460780579,1.304,25.72571420883662,4.188010412299193,1.3040000000000007,25.29338702698513
2024-11-04 17:07:17,4.18848357890002,1.304,24.9947353287605,4.188076129882555,1.3040000000000007,25.264537324550034
2024-11-04 17:07:17,4.189140754741315,1.304,24.2430730354219,4.188141847466356,1.3040000000000007,25.264537324550037
2024-11-04 17:07:17,4.188812166820118,1.304,27.80614130216054,4.188214136808233,1.3040000000000007,25.27805296970967
2024-11-04 17:07:18,4.189305048702326,1.304,25.72571420883662,4.188286426150473,1.3040000000000007,25.292672547311184
2024-11-04 17:07:18,4.188976460780579,1.304,24.9947353287605,4.188345571975844,1.3040000000000007,25.323179321387737
2024-11-04 17:07:18,4.188976460780579,1.304,24.2430730354219,4.188417861317842,1.3040000000000007,25.293526497919448
2024-11-04 17:07:18,4.188976460780579,1.304,24.9947353287605,4.188496722418139,1.3040000000000007,25.264676795484352
2024-11-04 17:07:19,4.189140754741315,1.304,26.437220450515156,4.188569011760259,1.3040000000000007,25.27890692031791
2024-11-04 17:07:19,4.189140754741315,1.304,25.72571420883662,4.188621585827388,1.3040000000000007,25.27890692031791
2024-11-04 17:07:19,4.18946934266361,1.304,24.2430730354219,4.188674159894692,1.3040000000000007,25.249254096849622
2024-11-04 17:07:19,4.18946934266361,1.304,24.2430730354219,4.188739877478712,1.3040000000000007,25.234220850982855
2024-11-04 17:07:20,4.18946934266361,1.304,24.9947353287605,4.188812166821073,1.3040000000000007,25.249254096849622
2024-11-04 17:07:20,4.189797930587004,1.304,25.72571420883662,4.188877884405311,1.3040000000000007,25.221161200142777
2024-11-04 17:07:20,4.189962224549114,1.304,24.9947353287605,4.188956745506399,1.3040000000000007,25.20654162254126
2024-11-04 17:07:20,4.190126518511497,1.304,25.72571420883662,4.189042178365982,1.3040000000000007,25.23619444600955
2024-11-04 17:07:21,4.189797930587004,1.304,24.9947353287605,4.189088180675065,1.3040000000000007,25.236194446009552
2024-11-04 17:07:21,4.18963363662517,1.304,25.72571420883662,4.189147326500831,1.3040000000000007,25.23619444600955
2024-11-04 17:07:21,4.189797930587004,1.304,23.469396624933097,4.1892064723266955,1.3040000000000007,25.236194446009552
2024-11-04 17:07:21,4.190455106437089,1.304,25.72571420883662,4.1892721899113745,1.3040000000000007,25.19458590414308
2024-11-04 17:07:22,4.189797930587004,1.304,24.9947353287605,4.189318192220457,1.3040000000000007,25.179966326541557
2024-11-04 17:07:22,4.18946934266361,1.304,24.2430730354219,4.189351051012604,1.3040000000000007,25.164933080674782
2024-11-04 17:07:22,4.189797930587004,1.304,25.72571420883662,4.189397053321687,1.3040000000000007,25.194585904143068
2024-11-04 17:07:22,4.189962224549114,1.304,25.72571420883662,4.189436483872428,1.3040000000000007,25.209205481744593
2024-11-04 17:07:23,4.190126518511497,1.304,25.72571420883662,4.1894824861816655,1.3040000000000007,25.209205481744583
2024-11-04 17:07:23,4.190455106437089,1.304,25.72571420883662,4.189541632007927,1.3040000000000007,25.19497535691102
2024-11-04 17:07:23,4.190126518511497,1.304,25.72571420883662,4.189607349592386,1.3040000000000007,25.19497535691101
2024-11-04 17:07:23,4.190126518511497,1.304,27.13035904417916,4.189646780143195,1.3040000000000007,25.23768783121938
2024-11-04 17:07:24,4.190290812474156,1.304,24.9947353287605,4.189705925969356,1.3040000000000007,25.268194605295932
2024-11-04 17:07:24,4.190619400400298,1.304,25.72571420883662,4.189758500037275,1.3040000000000007,25.282814182897454
2024-11-04 17:07:24,4.190290812474156,1.304,24.9947353287605,4.189811074105018,1.3040000000000007,25.29784742876422
2024-11-04 17:07:24,4.190619400400298,1.304,24.2430730354219,4.189876791689807,1.3040000000000007,25.268194605295932
2024-11-04 17:07:25,4.190619400400298,1.304,27.13035904417916,4.189942509274596,1.3040000000000007,25.296287502002784
2024-11-04 17:07:25,4.190455106437089,1.304,25.72571420883662,4.189995083342428,1.3040000000000007,25.325940325471084
2024-11-04 17:07:25,4.190947988327538,1.304,25.72571420883662,4.190067372685876,1.3040000000000007,25.325940325471084
2024-11-04 17:07:25,4.190947988327538,1.304,24.9947353287605,4.190126518512432,1.3040000000000007,25.311320747869562
2024-11-04 17:07:26,4.190619400400298,1.304,24.9947353287605,4.190172520821899,1.3040000000000007,25.31132074786957
2024-11-04 17:07:26,4.190619400400298,1.304,27.80614130216054,4.1902185231313664,1.3040000000000007,25.367548867337565
2024-11-04 17:07:26,4.190455106437089,1.304,24.2430730354219,4.19024481016537,1.3040000000000007,25.383022395547346
2024-11-04 17:07:26,4.190947988327538,1.304,24.9947353287605,4.190284240716506,1.3040000000000007,25.368402817945817
2024-11-04 17:07:27,4.191276576255878,1.304,24.2430730354219,4.190330243026282,1.3040000000000007,25.32451986964395
2024-11-04 17:07:27,4.19078369436378,1.304,27.80614130216054,4.1903696735773535,1.3040000000000007,25.338035514803583
2024-11-04 17:07:27,4.190947988327538,1.304,24.9947353287605,4.190422247645447,1.3040000000000007,25.35306876067035
2024-11-04 17:07:27,4.19111228229157,1.304,24.9947353287605,4.19047482171363,1.3040000000000007,25.32421905823526
2024-11-04 17:07:28,4.191276576255878,1.304,24.2430730354219,4.190507680506382,1.3040000000000007,25.294566234766968
2024-11-04 17:07:28,4.191605164185316,1.304,24.9947353287605,4.190579969850314,1.3040000000000007,25.238338115298966
2024-11-04 17:07:28,4.191276576255878,1.304,28.465495270963004,4.190652259194005,1.3040000000000007,25.338260088219563
2024-11-04 17:07:28,4.191276576255878,1.304,24.2430730354219,4.19071140502076,1.3040000000000007,25.369676771863936
2024-11-04 17:07:29,4.191769458150448,1.304,25.72571420883662,4.190783694364813,1.3040000000000007,25.369676771863944
2024-11-04 17:07:29,4.191276576255878,1.304,25.72571420883662,4.190829696674589,1.3040000000000007,25.414803123542004
2024-11-04 17:07:29,4.1924266340137235,1.304,24.2430730354219,4.190908557777654,1.3040000000000007,25.385150300073715
2024-11-04 17:07:29,4.191276576255878,1.304,24.9947353287605,4.19095456008743,1.3040000000000007,25.38515030007371
2024-11-04 17:07:30,4.191769458150448,1.304,25.72571420883662,4.191020277672988,1.3040000000000007,25.414803123542004
2024-11-04 17:07:30,4.191605164185316,1.304,23.469396624933097,4.191072851741435,1.3040000000000007,25.328068229997456
2024-11-04 17:07:30,4.192262340047492,1.304,24.2430730354219,4.191138569327321,1.3040000000000007,25.298415406529166
2024-11-04 17:07:30,4.1924266340137235,1.304,25.72571420883662,4.191224002188904,1.3040000000000007,25.31303498413068
2024-11-04 17:07:31,4.191605164185316,1.304,25.72571420883662,4.191263432740304,1.3040000000000007,25.342687807598978
2024-11-04 17:07:31,4.192098046081536,1.304,24.9947353287605,4.191322578567553,1.3040000000000007,25.342687807598974
2024-11-04 17:07:31,4.19275522194701,1.304,25.72571420883662,4.19141458318795,1.3040000000000007,25.32845768276541
2024-11-04 17:07:31,4.191933752115855,1.304,26.437220450515156,4.191454013739483,1.3040000000000007,25.342687807598985
2024-11-04 17:07:32,4.192098046081536,1.304,27.13035904417916,4.191500016049642,1.3040000000000007,25.400433527774126
2024-11-04 17:07:32,4.192919515914066,1.304,24.9947353287605,4.1915920206701935,1.3040000000000007,25.4154667736409
2024-11-04 17:07:32,4.1924266340137235,1.304,24.9947353287605,4.191664310014729,1.3040000000000007,25.415466773640905
2024-11-04 17:07:32,4.192262340047492,1.304,25.72571420883662,4.191736599359145,1.3040000000000007,25.4154667736409
2024-11-04 17:07:33,4.192590927980229,1.304,24.9947353287605,4.191802316945254,1.3040000000000007,25.415466773640905
2024-11-04 17:07:33,4.192919515914066,1.304,25.72571420883662,4.191868034531583,1.3040000000000007,25.4154667736409
2024-11-04 17:07:33,4.193083809881397,1.304,27.13035904417916,4.1919600391522875,1.3040000000000007,25.45817924794928
2024-11-04 17:07:33,4.192590927980229,1.304,24.9947353287605,4.192025756738396,1.3040000000000007,25.44355967034776
2024-11-04 17:07:34,4.192590927980229,1.304,24.9947353287605,4.1920849025659415,1.3040000000000007,25.474066444424302
2024-11-04 17:07:34,4.193083809881397,1.304,24.9947353287605,4.192157191910963,1.3040000000000007,25.459446866822773
2024-11-04 17:07:34,4.192919515914066,1.304,25.72571420883662,4.192209765980112,1.3040000000000007,25.4740664444243
2024-11-04 17:07:34,4.192919515914066,1.304,24.2430730354219,4.192275483566441,1.3040000000000007,25.47406644442429
2024-11-04 17:07:35,4.193083809881397,1.304,24.2430730354219,4.192347772911461,1.3040000000000007,25.444413620956002
2024-11-04 17:07:35,4.192919515914066,1.304,25.72571420883662,4.192393775222006,1.3040000000000007,25.44441362095599
2024-11-04 17:07:35,4.192919515914066,1.304,26.437220450515156,4.192459492808334,1.3040000000000007,25.458643745789576
2024-11-04 17:07:35,4.192919515914066,1.304,24.9947353287605,4.192479208084348,1.3040000000000007,25.444024168188047
2024-11-04 17:07:36,4.193412397816883,1.304,25.72571420883662,4.192564640946788,1.3040000000000007,25.44402416818805
2024-11-04 17:07:36,4.193412397816883,1.304,27.13035904417916,4.192630358533444,1.3040000000000007,25.444024168188047
2024-11-04 17:07:36,4.193412397816883,1.304,23.469396624933097,4.192702647878707,1.3040000000000007,25.413517394111505
2024-11-04 17:07:36,4.193412397816883,1.304,24.2430730354219,4.192748650189482,1.3040000000000007,25.383864570643212
2024-11-04 17:07:37,4.193576691785038,1.304,24.2430730354219,4.192794652500335,1.3040000000000007,25.368831324776437
2024-11-04 17:07:37,4.193740985753469,1.304,24.9947353287605,4.19288008536306,1.3040000000000007,25.383864570643212
2024-11-04 17:07:37,4.193412397816883,1.304,26.437220450515156,4.192932659432475,1.3040000000000007,25.370001798769927
2024-11-04 17:07:37,4.193740985753469,1.304,24.2430730354219,4.192972089984733,1.3040000000000007,25.340348975301637
2024-11-04 17:07:38,4.193740985753469,1.304,23.469396624933097,4.193044379330236,1.3040000000000007,25.295222623623566
2024-11-04 17:07:38,4.193905279722174,1.304,22.672238853203226,4.193116668675862,1.3040000000000007,25.248772694112418
2024-11-04 17:07:38,4.194398161629941,1.304,24.9947353287605,4.193175814504498,1.3040000000000007,25.24877269411242
2024-11-04 17:07:38,4.193905279722174,1.304,24.9947353287605,4.193234960332836,1.3040000000000007,25.192544574644423
2024-11-04 17:07:39,4.194069573691155,1.304,22.672238853203226,4.1933072496785835,1.3040000000000007,25.161127891000042
2024-11-04 17:07:39,4.194562455599747,1.304,24.9947353287605,4.193386110783364,1.3040000000000007,25.161127891000046
2024-11-04 17:07:39,4.193740985753469,1.304,24.9947353287605,4.19341896957694,1.3040000000000007,25.176161136866813
2024-11-04 17:07:39,4.194398161629941,1.304,25.72571420883662,4.193471543646882,1.3040000000000007,25.134552595000333
2024-11-04 17:07:40,4.194233867660411,1.304,23.469396624933097,4.1935372612340895,1.3040000000000007,25.104045820923787
2024-11-04 17:07:40,4.194726749569827,1.304,24.2430730354219,4.193622694097674,1.3040000000000007,25.089012575057012
2024-11-04 17:07:40,4.194398161629941,1.304,24.2430730354219,4.193675268167616,1.3040000000000007,25.08901257505702
2024-11-04 17:07:40,4.193740985753469,1.304,24.2430730354219,4.193708126961192,1.3040000000000007,25.07397932919024
2024-11-04 17:07:41,4.194891043540183,1.304,24.9947353287605,4.193786988066237,1.3040000000000007,25.004564130346193
2024-11-04 17:07:41,4.194726749569827,1.304,22.672238853203226,4.193852705653775,1.3040000000000007,24.973147446701823
2024-11-04 17:07:41,4.195055337510814,1.304,25.72571420883662,4.193938138517644,1.3040000000000007,24.973147446701823
2024-11-04 17:07:41,4.194398161629941,1.304,25.72571420883662,4.193997284346279,1.3040000000000007,24.973147446701816
2024-11-04 17:07:42,4.194891043540183,1.304,27.13035904417916,4.194076145451325,1.3040000000000007,25.030893166876965
2024-11-04 17:07:42,4.195055337510814,1.304,24.9947353287605,4.194141863039082,1.3040000000000007,25.030893166876968
2024-11-04 17:07:42,4.195219631481719,1.304,24.9947353287605,4.194214152385675,1.3040000000000007,25.01627358927544
2024-11-04 17:07:42,4.193740985753469,1.304,26.437220450515156,4.194227295903137,1.3040000000000007,25.07563006578708
2024-11-04 17:07:43,4.195055337510814,1.297,25.72571420883662,4.194293013490895,1.3037200000000007,25.105282889255367
2024-11-04 17:07:43,4.195055337510814,1.297,24.9947353287605,4.194352159319925,1.3034400000000006,25.09066331165385
2024-11-04 17:07:43,4.194069573691155,1.297,25.72571420883662,4.194365302837432,1.3031600000000003,25.090663311653852
2024-11-04 17:07:43,4.195383925452901,1.304,24.9947353287605,4.1944441639428724,1.30316,25.090663311653856
2024-11-04 17:07:44,4.1955482194243565,1.304,25.72571420883662,4.194516453289707,1.30316,25.090663311653863
2024-11-04 17:07:44,4.193412397816883,1.304,25.72571420883662,4.1945033097722435,1.30316,25.076433186820285
2024-11-04 17:07:44,4.194233867660411,1.304,25.72571420883662,4.194516453289772,1.30316,25.04834029011343
2024-11-04 17:07:44,4.195383925452901,1.304,25.72571420883662,4.19455588384269,1.30316,25.06295986771495
2024-11-04 17:07:45,4.1955482194243565,1.304,26.437220450515156,4.194621601430778,1.30316,25.091809570150044
2024-11-04 17:07:45,4.194069573691155,1.304,26.437220450515156,4.194621601430779,1.30316,25.106039694983618
2024-11-04 17:07:45,4.195876807368094,1.295,23.469396624933097,4.194674175501513,1.3028,25.075532920907076
2024-11-04 17:07:45,4.196041101340375,1.295,25.72571420883662,4.194766180124989,1.30244,25.075532920907072
2024-11-04 17:07:46,4.193740985753469,1.304,26.437220450515156,4.194739893089929,1.30244,25.061670149033798
2024-11-04 17:07:46,4.195712513396088,1.304,24.9947353287605,4.1947990389193555,1.3024400000000003,25.061670149033795
2024-11-04 17:07:46,4.195876807368094,1.304,27.13035904417916,4.194845041231288,1.3024400000000005,25.104382623342172
2024-11-04 17:07:46,4.194069573691155,1.304,28.465495270963004,4.194831897713738,1.302440000000001,25.173797822186224
2024-11-04 17:07:47,4.196205395312932,1.299,24.9947353287605,4.194930474096116,1.302240000000001,25.159178244584695
2024-11-04 17:07:47,4.1968625712059096,1.299,26.437220450515156,4.195009335202746,1.302040000000001,25.20306119288656
2024-11-04 17:07:47,4.194398161629941,1.299,25.72571420883662,4.194996191685152,1.3018400000000006,25.232714016354848
2024-11-04 17:07:47,4.196698277232252,1.293,24.2430730354219,4.195061909274009,1.3014000000000003,25.203061192886558
2024-11-04 17:07:48,4.195876807368094,1.293,27.13035904417916,4.195121055103535,1.3009600000000003,25.216923964759836
2024-11-04 17:07:48,4.194233867660411,1.3,23.469396624933097,4.195094768068344,1.3008000000000002,25.186417190683283
2024-11-04 17:07:48,4.196369689285763,1.3,24.9947353287605,4.195147342139343,1.30064,25.17179761308176
2024-11-04 17:07:48,4.196205395312932,1.3,27.13035904417916,4.195186772692592,1.3004799999999996,25.171797613081768
2024-11-04 17:07:49,4.194398161629941,1.304,26.437220450515156,4.19521305972765,1.3004799999999996,25.231154089593403
2024-11-04 17:07:49,4.200312744716299,1.304,23.469396624933097,4.195423356015868,1.3007599999999997,25.21568056138363
2024-11-04 17:07:49,4.19653398325887,1.305,24.2430730354219,4.195482501845791,1.3010799999999998,25.215680561383632
2024-11-04 17:07:49,4.194233867660411,1.305,24.2430730354219,4.19548907360456,1.3014,25.200647315516868
2024-11-04 17:07:50,4.200477038696013,1.305,24.9947353287605,4.195692798134286,1.3014399999999995,25.17179761308177
2024-11-04 17:07:50,4.197355453128532,1.291,26.437220450515156,4.195765087482453,1.3009199999999992,25.215680561383643
2024-11-04 17:07:50,4.194069573691155,1.291,27.13035904417916,4.195791374517424,1.3003999999999993,25.28889980976856
2024-11-04 17:07:50,4.200312744716299,1.291,24.9947353287605,4.196034529599658,1.299879999999999,25.3353497392797
2024-11-04 17:07:51,4.1968625712059096,1.291,24.9947353287605,4.196093675429778,1.2993599999999992,25.335349739279703
2024-11-04 17:07:51,4.194562455599747,1.293,24.9947353287605,4.196054244876794,1.2989199999999992,25.33534973927971
2024-11-04 17:07:51,4.199819862778808,1.293,24.9947353287605,4.196284256440299,1.2984799999999992,25.38179966879084
2024-11-04 17:07:51,4.1978483350536315,1.304,24.9947353287605,4.196363117547722,1.2988399999999996,25.381799668790844
2024-11-04 17:07:52,4.194562455599747,1.304,24.2430730354219,4.196303971718096,1.2991999999999997,25.36676642292407
2024-11-04 17:07:52,4.197026865179842,1.304,25.72571420883662,4.1964354068951515,1.2991999999999997,25.366766422924073
2024-11-04 17:07:52,4.197684041078324,1.304,26.437220450515156,4.19651426800244,1.2991999999999997,25.426122899435722
2024-11-04 17:07:52,4.194726749569827,1.304,26.437220450515156,4.19646826569051,1.2991999999999997,25.470005847737585
2024-11-04 17:07:53,4.19751974710329,1.304,24.2430730354219,4.196606272626995,1.2991999999999997,25.47000584773759
2024-11-04 17:07:53,4.197684041078324,1.289,25.72571420883662,4.196665418457612,1.2988,25.49965867120588
2024-11-04 17:07:53,4.194562455599747,1.289,24.9947353287605,4.196573413833366,1.2984,25.499658671205886
2024-11-04 17:07:53,4.198012629029216,1.289,24.9947353287605,4.1967179925293365,1.2980000000000005,25.546108600717034
2024-11-04 17:07:54,4.1978483350536315,1.289,22.672238853203226,4.1967639948421915,1.2978400000000005,25.48503909360436
2024-11-04 17:07:54,4.195055337510814,1.297,25.72571420883662,4.196731136047901,1.2980000000000007,25.485039093604364
2024-11-04 17:07:54,4.194726749569827,1.297,24.9947353287605,4.196750851324278,1.2978800000000006,25.442326619295986
2024-11-04 17:07:54,4.199819862778808,1.297,26.437220450515156,4.196888858264,1.2977600000000005,25.471176321731072
2024-11-04 17:07:55,4.19751974710329,1.288,25.72571420883662,4.196941432335613,1.29728,25.485795899332597
2024-11-04 17:07:55,4.194891043540183,1.288,25.72571420883662,4.196961147612023,1.2966399999999998,25.471565774499012
2024-11-04 17:07:55,4.201298508598716,1.287,25.72571420883662,4.1970005781673185,1.2959599999999998,25.471565774499012
2024-11-04 17:07:55,4.198341216981209,1.287,25.72571420883662,4.197072867516212,1.2952399999999995,25.486185352100527
2024-11-04 17:07:56,4.195383925452901,1.289,26.437220450515156,4.197118869827912,1.2945999999999993,25.500415476934105
2024-11-04 17:07:56,4.1955482194243565,1.289,26.437220450515156,4.1969217170570445,1.2939599999999993,25.529265179369194
2024-11-04 17:07:56,4.195383925452901,1.287,26.437220450515156,4.19684285595002,1.2937999999999994,25.54349530420278
2024-11-04 17:07:56,4.195219631481719,1.287,24.9947353287605,4.196888858261642,1.2936399999999995,25.52887572660125
2024-11-04 17:07:57,4.195055337510814,1.287,26.437220450515156,4.196678561973422,1.2934799999999995,25.54310585143482
2024-11-04 17:07:57,4.195383925452901,1.286,26.437220450515156,4.196619416143301,1.2932799999999995,25.557335976268394
2024-11-04 17:07:57,4.195383925452901,1.286,22.672238853203226,4.196652274937427,1.293,25.482036344322164
2024-11-04 17:07:57,4.195383925452901,1.286,24.9947353287605,4.19647483744439,1.2927199999999999,25.45318664188707
2024-11-04 17:07:58,4.195055337510814,1.286,24.9947353287605,4.196363117542677,1.2920000000000003,25.48369341596362
2024-11-04 17:07:58,4.194891043540183,1.286,24.2430730354219,4.196376261060293,1.2912800000000002,25.45404059249532
2024-11-04 17:07:58,4.201298508598716,1.285,24.9947353287605,4.196547126797049,1.2905200000000001,25.425190890060225
2024-11-04 17:07:58,4.199162686866011,1.285,25.72571420883662,4.196606272628556,1.28976,25.439810467661754
2024-11-04 17:07:59,4.194726749569827,1.304,25.72571420883662,4.196606272628558,1.28976,25.4117175709549
2024-11-04 17:07:59,4.198998392888499,1.304,24.2430730354219,4.196665418459967,1.28976,25.327269126244076
2024-11-04 17:07:59,4.199326980843797,1.304,24.2430730354219,4.196731136050587,1.2903600000000004,25.3122358803773
2024-11-04 17:07:59,4.196041101340375,1.304,25.72571420883662,4.1967902818802125,1.2909600000000003,25.298005755543738
2024-11-04 17:08:00,4.195876807368094,1.304,24.2430730354219,4.196704849013769,1.2915600000000003,25.268352932075437
2024-11-04 17:08:00,4.195712513396088,1.284,24.9947353287605,4.196619416147467,1.2913600000000003,25.283386177942212
2024-11-04 17:08:00,4.195712513396088,1.284,24.2430730354219,4.196645703182877,1.2908400000000002,25.225640457767064
2024-11-04 17:08:00,4.196205395312932,1.284,25.72571420883662,4.196704849012601,1.2903200000000001,25.27076680944514
2024-11-04 17:08:01,4.195712513396088,1.284,22.672238853203226,4.196540555037291,1.2898000000000003,25.22431687993399
2024-11-04 17:08:01,4.195219631481719,1.284,25.72571420883662,4.196448550412429,1.28964,25.196223983227146
2024-11-04 17:08:01,4.196041101340375,1.283,24.2430730354219,4.1964945527244355,1.2894400000000001,25.15234103492529
2024-11-04 17:08:01,4.195712513396088,1.283,24.2430730354219,4.196271112916329,1.2892800000000002,25.16781456313506
2024-11-04 17:08:02,4.195712513396088,1.283,24.9947353287605,4.1961659647729235,1.2891200000000003,25.18284780900184
2024-11-04 17:08:02,4.195383925452901,1.283,24.9947353287605,4.1961659647729235,1.2888800000000002,25.197881054868603
2024-11-04 17:08:02,4.196205395312932,1.283,24.9947353287605,4.1961922518084664,1.28864,25.1978810548686
2024-11-04 17:08:02,4.195876807368094,1.283,25.72571420883662,4.196211967085074,1.2884799999999998,25.183650930035036
2024-11-04 17:08:03,4.196205395312932,1.282,25.72571420883662,4.196251397638325,1.2882799999999996,25.15555803332818
2024-11-04 17:08:03,4.195712513396088,1.282,28.465495270963004,4.196277684673735,1.2880799999999997,25.224973232172225
2024-11-04 17:08:03,4.195876807368094,1.282,25.72571420883662,4.1962973999503435,1.2879199999999995,25.23959280977375
2024-11-04 17:08:03,4.196041101340375,1.281,24.9947353287605,4.196323686985843,1.2877199999999995,25.239592809773743
2024-11-04 17:08:04,4.196369689285763,1.281,24.9947353287605,4.196363117539159,1.2875199999999996,25.23959280977375
2024-11-04 17:08:04,4.196205395312932,1.281,23.469396624933097,4.196409119851244,1.2873199999999994,25.209086035697197
2024-11-04 17:08:04,4.195876807368094,1.281,23.469396624933097,4.196448550404361,1.2871199999999996,25.193612507487423
2024-11-04 17:08:04,4.196205395312932,1.281,22.672238853203226,4.196244825872931,1.2869599999999994,25.132543000374756
2024-11-04 17:08:05,4.196205395312932,1.281,26.437220450515156,4.1961265342108085,1.2867999999999995,25.132543000374753
2024-11-04 17:08:05,4.196205395312932,1.281,25.72571420883662,4.196185680040531,1.2858799999999997,25.118312875541186
2024-11-04 17:08:05,4.196041101340375,1.28,24.2430730354219,4.196067388378607,1.2849199999999996,25.118312875541182
2024-11-04 17:08:05,4.196041101340375,1.28,24.9947353287605,4.195935953198469,1.2839599999999995,25.103693297939664
2024-11-04 17:08:06,4.196205395312932,1.28,25.72571420883662,4.195942524957372,1.283,25.118312875541186
2024-11-04 17:08:06,4.196369689285763,1.28,26.437220450515156,4.195962240234079,1.2820399999999998,25.147162577976278
2024-11-04 17:08:06,4.196041101340375,1.28,24.9947353287605,4.19597538375185,1.28188,25.19361250748743
2024-11-04 17:08:06,4.196369689285763,1.28,23.469396624933097,4.196001670787436,1.28172,25.14848615580935
2024-11-04 17:08:07,4.19653398325887,1.28,25.72571420883662,4.196014814305274,1.28156,25.163105733410877
2024-11-04 17:08:07,4.196205395312932,1.279,25.72571420883662,4.196034529581947,1.28136,25.1488756085773
2024-11-04 17:08:07,4.196698277232252,1.279,23.469396624933097,4.196093675411968,1.2811599999999999,25.10374925689923
2024-11-04 17:08:07,4.196369689285763,1.279,25.72571420883662,4.196106818929784,1.2809999999999997,25.103749256899235
2024-11-04 17:08:08,4.196369689285763,1.279,26.437220450515156,4.196133105965372,1.2808399999999995,25.117979381732802
2024-11-04 17:08:08,4.19653398325887,1.279,24.9947353287605,4.196165964759882,1.2806799999999994,25.103359804131284
2024-11-04 17:08:08,4.1968625712059096,1.279,25.72571420883662,4.196225110590003,1.2805199999999994,25.089129679297713
2024-11-04 17:08:08,4.196698277232252,1.279,25.72571420883662,4.196244825866775,1.280359999999999,25.074899554464135
2024-11-04 17:08:09,4.1968625712059096,1.278,27.13035904417916,4.196284256420287,1.280159999999999,25.088762326337424
2024-11-04 17:08:09,4.1968625712059096,1.278,25.72571420883662,4.196310543456007,1.2799999999999991,25.103381903938942
2024-11-04 17:08:09,4.19653398325887,1.278,27.13035904417916,4.196343402250518,1.2798399999999992,25.11724467581222
2024-11-04 17:08:09,4.197026865179842,1.278,24.9947353287605,4.1963894045629875,1.279679999999999,25.088394973377135
2024-11-04 17:08:10,4.196369689285763,1.278,27.13035904417916,4.196402548080804,1.2795599999999991,25.17755737719665
2024-11-04 17:08:10,4.1968625712059096,1.277,24.2430730354219,4.19642226335761,1.2793999999999992,25.162524131329874
2024-11-04 17:08:10,4.19653398325887,1.277,26.437220450515156,4.196435406875446,1.2792399999999993,25.191373833764974
2024-11-04 17:08:10,4.196698277232252,1.277,25.72571420883662,4.196468265670013,1.2790799999999993,25.22102665723327
2024-11-04 17:08:11,4.196698277232252,1.277,26.437220450515156,4.196487980946787,1.2789199999999996,25.24987635966836
2024-11-04 17:08:11,4.197355453128532,1.277,25.72571420883662,4.19653398325941,1.2787599999999997,25.24987635966836
2024-11-04 17:08:11,4.197191159154049,1.276,23.469396624933097,4.196573413813055,1.27856,25.20475000799029
2024-11-04 17:08:11,4.1968625712059096,1.276,25.72571420883662,4.196606272607676,1.2784,25.23440283145858
2024-11-04 17:08:12,4.196698277232252,1.276,26.437220450515156,4.196632559643351,1.2782400000000005,25.278285779760452
2024-11-04 17:08:12,4.197191159154049,1.276,25.72571420883662,4.196671990196996,1.2780800000000005,25.278285779760445
2024-11-04 17:08:12,4.19653398325887,1.276,26.437220450515156,4.1966785619559195,1.2779200000000006,25.322168728062316
2024-11-04 17:08:12,4.197026865179842,1.275,24.9947353287605,4.196717992509498,1.2777200000000006,25.322168728062312
2024-11-04 17:08:13,4.197026865179842,1.275,25.72571420883662,4.196744279545262,1.2775200000000004,25.351821551530612
2024-11-04 17:08:13,4.197026865179842,1.275,24.2430730354219,4.196763994822101,1.2773200000000005,25.32216872806232
2024-11-04 17:08:13,4.197026865179842,1.275,26.437220450515156,4.196796853616778,1.2771600000000003,25.397468360008553
2024-11-04 17:08:13,4.197026865179842,1.275,25.72571420883662,4.196809997134682,1.2770000000000004,25.397468360008553
2024-11-04 17:08:14,4.197191159154049,1.275,27.13035904417916,4.196842855929414,1.2768400000000004,25.45521408018369
2024-11-04 17:08:14,4.197026865179842,1.275,27.80614130216054,4.196869142965177,1.2766800000000003,25.526475445518468
2024-11-04 17:08:14,4.196698277232252,1.274,24.2430730354219,4.196875714724113,1.2764800000000003,25.5114421996517
2024-11-04 17:08:14,4.197026865179842,1.274,25.72571420883662,4.196882286483071,1.2762800000000003,25.52606177725322
2024-11-04 17:08:15,4.19751974710329,1.274,25.72571420883662,4.196915145277912,1.27608,25.540681354854733
2024-11-04 17:08:15,4.197191159154049,1.274,24.9947353287605,4.196928288795837,1.27592,25.52606177725321
2024-11-04 17:08:15,4.1968625712059096,1.273,25.72571420883662,4.196928288795835,1.27572,25.52606177725322
2024-11-04 17:08:15,4.197684041078324,1.273,25.72571420883662,4.196974291108614,1.27552,25.47126615601069
2024-11-04 17:08:16,4.197026865179842,1.273,24.9947353287605,4.196974291108614,1.27532,25.456646578409167
2024-11-04 17:08:16,4.19751974710329,1.273,22.672238853203226,4.197020293421314,1.2751200000000003,25.41019664889802
2024-11-04 17:08:16,4.19751974710329,1.273,25.72571420883662,4.197046580457209,1.2749600000000003,25.424816226499544
2024-11-04 17:08:16,4.19751974710329,1.272,24.9947353287605,4.197086011010985,1.2747600000000003,25.455323000576087
2024-11-04 17:08:17,4.198012629029216,1.272,26.437220450515156,4.197138585082864,1.2745600000000004,25.51467947708773
2024-11-04 17:08:17,4.198012629029216,1.272,26.437220450515156,4.197191159154743,1.2743600000000002,25.589979109033965
2024-11-04 17:08:17,4.197684041078324,1.272,25.72571420883662,4.197204302672735,1.2741600000000002,25.5757489842004
2024-11-04 17:08:17,4.197684041078324,1.272,24.2430730354219,4.197224017949706,1.2740000000000002,25.546096160732098
2024-11-04 17:08:18,4.197355453128532,1.272,24.9947353287605,4.197243733226611,1.27384,25.561129406598877
2024-11-04 17:08:18,4.197684041078324,1.272,27.80614130216054,4.197283163780454,1.2736800000000001,25.61735752606688
2024-11-04 17:08:18,4.197684041078324,1.271,25.72571420883662,4.197302879057425,1.2734800000000002,25.61735752606688
2024-11-04 17:08:18,4.197355453128532,1.271,22.672238853203226,4.197335737852211,1.2732800000000002,25.54205789412064
2024-11-04 17:08:19,4.197191159154049,1.271,25.72571420883662,4.197342309611179,1.27312,25.556677471722168
2024-11-04 17:08:19,4.197684041078324,1.271,25.72571420883662,4.197368596647118,1.2729599999999999,25.601803823400243
2024-11-04 17:08:19,4.197684041078324,1.271,24.9947353287605,4.197394883683058,1.2728,25.587184245798714
2024-11-04 17:08:19,4.19751974710329,1.271,24.9947353287605,4.1974145989599965,1.2726399999999998,25.57256466819719
2024-11-04 17:08:20,4.197684041078324,1.271,26.437220450515156,4.197440885995936,1.2724799999999998,25.63192114470883
2024-11-04 17:08:20,4.19751974710329,1.271,27.13035904417916,4.197454029513905,1.27232,25.660014041415685
2024-11-04 17:08:20,4.197355453128532,1.27,25.72571420883662,4.1974671730318525,1.27212,25.645783916582122
2024-11-04 17:08:20,4.198176923005075,1.27,26.437220450515156,4.1975263188627645,1.2719600000000002,25.674633619017214
2024-11-04 17:08:21,4.198012629029216,1.27,25.72571420883662,4.19756574941674,1.2718000000000003,25.674633619017214
2024-11-04 17:08:21,4.1978483350536315,1.27,24.9947353287605,4.197578892934754,1.2716400000000003,25.660014041415685
2024-11-04 17:08:21,4.197684041078324,1.269,24.2430730354219,4.197598608211725,1.2714400000000003,25.602268321240544
2024-11-04 17:08:21,4.198176923005075,1.269,24.2430730354219,4.19765118228369,1.2712800000000002,25.572615497772244
2024-11-04 17:08:22,4.197355453128532,1.269,25.72571420883662,4.197638038765698,1.2711200000000002,25.5445226010654
2024-11-04 17:08:22,4.198176923005075,1.269,24.2430730354219,4.197684041078706,1.2709600000000003,25.529489355198624
2024-11-04 17:08:22,4.197026865179842,1.269,25.72571420883662,4.197664325801769,1.2708000000000004,25.501396458491783
2024-11-04 17:08:22,4.198176923005075,1.268,24.9947353287605,4.197690612837841,1.2706000000000004,25.516429704358547
2024-11-04 17:08:23,4.1978483350536315,1.268,27.13035904417916,4.197703756355854,1.2704400000000005,25.530292476231825
2024-11-04 17:08:23,4.198012629029216,1.268,24.2430730354219,4.197703756355855,1.2702800000000005,25.500639652763535
2024-11-04 17:08:23,4.198669804934304,1.268,24.9947353287605,4.197730043392059,1.2701200000000004,25.47178995032844
2024-11-04 17:08:23,4.198176923005075,1.268,22.672238853203226,4.197749758669129,1.2699600000000002,25.410720443215773
2024-11-04 17:08:24,4.198012629029216,1.267,24.2430730354219,4.197762902187164,1.2697600000000002,25.426193971425548
2024-11-04 17:08:24,4.198012629029216,1.267,26.437220450515156,4.197789189223193,1.2695600000000002,25.44042409625912
2024-11-04 17:08:24,4.198341216981209,1.267,23.469396624933097,4.19781547625931,1.2693600000000003,25.381067619747476
2024-11-04 17:08:24,4.198012629029216,1.267,23.469396624933097,4.197828619777345,1.2692000000000003,25.3359412680694
2024-11-04 17:08:25,4.1978483350536315,1.267,24.9947353287605,4.197848335054349,1.2690400000000004,25.307091565634305
2024-11-04 17:08:25,4.197355453128532,1.267,25.72571420883662,4.197854906813328,1.2688800000000005,25.321711143235834
2024-11-04 17:08:25,4.198176923005075,1.267,24.2430730354219,4.1978746220903975,1.2687200000000005,25.292058319767534
2024-11-04 17:08:25,4.198176923005075,1.267,27.13035904417916,4.197894337367468,1.2685600000000006,25.349804039942683
2024-11-04 17:08:26,4.198176923005075,1.267,24.9947353287605,4.1979206244035385,1.2684000000000006,25.320954337507587
2024-11-04 17:08:26,4.198341216981209,1.266,24.2430730354219,4.197946911439654,1.2682000000000009,25.291301514039297
2024-11-04 17:08:26,4.198012629029216,1.266,25.72571420883662,4.197966626716691,1.268000000000001,25.26320861733245
2024-11-04 17:08:26,4.198505510957618,1.266,24.2430730354219,4.198012629029856,1.267840000000001,25.191947251997668
2024-11-04 17:08:27,4.198341216981209,1.266,27.13035904417916,4.198019200788901,1.2676800000000008,25.249692972172816
2024-11-04 17:08:27,4.198505510957618,1.266,22.672238853203226,4.198038916066038,1.2675200000000006,25.18862346506014
2024-11-04 17:08:27,4.198669804934304,1.265,26.437220450515156,4.198071774861265,1.2673200000000004,25.20285358989372
2024-11-04 17:08:27,4.198834098911264,1.265,24.9947353287605,4.198117777174583,1.2671600000000003,25.202853589893717
2024-11-04 17:08:28,4.198505510957618,1.265,24.2430730354219,4.198130920692686,1.2670000000000001,25.173200766425424
2024-11-04 17:08:28,4.198834098911264,1.265,24.9947353287605,4.1981900665239955,1.2668400000000002,25.158581188823906
2024-11-04 17:08:28,4.199162686866011,1.265,24.9947353287605,4.198229497078433,1.26668,25.158581188823902
2024-11-04 17:08:28,4.198176923005075,1.265,24.9947353287605,4.198275499391441,1.2665199999999999,25.20503111833505
2024-11-04 17:08:29,4.198341216981209,1.265,23.469396624933097,4.198282071150486,1.2663999999999997,25.15990476665697
2024-11-04 17:08:29,4.198669804934304,1.264,24.9947353287605,4.198314929945712,1.2662399999999998,25.15990476665698
2024-11-04 17:08:29,4.198998392888499,1.264,25.72571420883662,4.198354360500083,1.2660799999999999,25.14567464182341
2024-11-04 17:08:29,4.198505510957618,1.264,25.72571420883662,4.1983477887410166,1.26592,25.13144451698984
2024-11-04 17:08:30,4.198505510957618,1.264,27.80614130216054,4.198360932259118,1.2657600000000002,25.17305305885631
2024-11-04 17:08:30,4.199326980843797,1.264,25.72571420883662,4.198413506331701,1.2656400000000003,25.202705882324608
2024-11-04 17:08:30,4.198341216981209,1.263,24.9947353287605,4.1984266498497815,1.2654800000000004,25.202705882324604
2024-11-04 17:08:30,4.199162686866011,1.263,26.437220450515156,4.198459508645172,1.2653200000000002,25.175327465291694
2024-11-04 17:08:31,4.198669804934304,1.264,24.9947353287605,4.198485795681376,1.2652000000000003,25.160707887690172
2024-11-04 17:08:31,4.198176923005075,1.264,24.9947353287605,4.198498939199434,1.2650800000000006,25.207157817201313
2024-11-04 17:08:31,4.198834098911264,1.263,25.72571420883662,4.198558085030743,1.2649200000000007,25.207157817201313
2024-11-04 17:08:31,4.198505510957618,1.263,25.72571420883662,4.198571228548845,1.2647600000000008,25.207157817201306
2024-11-04 17:08:32,4.198834098911264,1.263,24.9947353287605,4.198597515585092,1.2646000000000006,25.20715781720131
2024-11-04 17:08:32,4.198834098911264,1.263,24.2430730354219,4.1986238026213405,1.2644400000000005,25.192124571334542
2024-11-04 17:08:32,4.198834098911264,1.262,25.72571420883662,4.198643517898542,1.2642800000000003,25.177894446500968
2024-11-04 17:08:32,4.198998392888499,1.262,25.72571420883662,4.198682948452913,1.2641200000000001,25.14980154979412
2024-11-04 17:08:33,4.198505510957618,1.262,24.9947353287605,4.198682948452914,1.26396,25.135181972192598
2024-11-04 17:08:33,4.199326980843797,1.262,22.672238853203226,4.1987223790074175,1.2637999999999998,25.059882340246357
2024-11-04 17:08:33,4.198998392888499,1.262,24.9947353287605,4.198742094284654,1.2636399999999997,25.04526276264484
2024-11-04 17:08:33,4.199162686866011,1.262,21.000806169342923,4.198761809561923,1.26352,24.965384179456493
2024-11-04 17:08:34,4.198834098911264,1.262,22.672238853203226,4.198761809561923,1.2633999999999999,24.933967495812123
2024-11-04 17:08:34,4.198998392888499,1.262,26.437220450515156,4.198781524839157,1.2632799999999995,24.977850444113983
2024-11-04 17:08:34,4.199162686866011,1.261,27.80614130216054,4.198794668357348,1.2631199999999998,25.019458985980464
2024-11-04 17:08:34,4.198998392888499,1.261,26.437220450515156,4.198788096598246,1.2629599999999999,25.063341934282334
2024-11-04 17:08:35,4.199655568800195,1.261,26.437220450515156,4.198847242430051,1.2628,25.07757205911591
2024-11-04 17:08:35,4.199162686866011,1.261,24.9947353287605,4.198880101225442,1.2626400000000002,25.077572059115905
2024-11-04 17:08:35,4.199162686866011,1.261,24.9947353287605,4.198899816502709,1.2625200000000003,25.034859584807528
2024-11-04 17:08:35,4.199491274821859,1.26,26.437220450515156,4.198919531780043,1.2623600000000004,25.0787425331094
2024-11-04 17:08:36,4.198998392888499,1.26,25.72571420883662,4.198939247057279,1.2622000000000002,25.093362110710924
2024-11-04 17:08:36,4.199162686866011,1.26,23.469396624933097,4.198965534093614,1.2620400000000003,25.109305266145515
2024-11-04 17:08:36,4.198834098911264,1.26,24.9947353287605,4.198945818816313,1.2618800000000003,25.12433851201229
2024-11-04 17:08:36,4.198834098911264,1.26,26.437220450515156,4.198965534093515,1.2617600000000002,25.12433851201229
2024-11-04 17:08:37,4.199162686866011,1.26,27.13035904417916,4.198965534093515,1.26164,25.197557760397206
2024-11-04 17:08:37,4.199326980843797,1.259,27.13035904417916,4.198991821129894,1.2614400000000001,25.270777008782126
2024-11-04 17:08:37,4.199162686866011,1.259,24.9947353287605,4.199031251684333,1.2612400000000001,25.27077700878212
2024-11-04 17:08:37,4.198998392888499,1.259,25.72571420883662,4.1990378234434225,1.26108,25.270777008782133
2024-11-04 17:08:38,4.199162686866011,1.259,26.437220450515156,4.199064110479758,1.2609199999999998,25.314659957083997
2024-11-04 17:08:38,4.198998392888499,1.259,25.72571420883662,4.1990706822388475,1.2607599999999997,25.28656706037715
2024-11-04 17:08:38,4.199655568800195,1.259,25.72571420883662,4.199103541034403,1.2605999999999995,25.301186637978663
2024-11-04 17:08:38,4.199326980843797,1.258,24.2430730354219,4.199123256311705,1.2604399999999998,25.301186637978667
2024-11-04 17:08:39,4.199491274821859,1.258,25.72571420883662,4.19914297158904,1.26028,25.301186637978663
2024-11-04 17:08:39,4.199326980843797,1.258,25.72571420883662,4.199175830384487,1.2601200000000004,25.330839461446956
2024-11-04 17:08:39,4.199819862778808,1.258,24.9947353287605,4.199195545661888,1.2599600000000004,25.28812698713858
2024-11-04 17:08:39,4.199655568800195,1.258,25.72571420883662,4.199221832698354,1.2598000000000007,25.349196494251256
2024-11-04 17:08:40,4.199819862778808,1.258,24.2430730354219,4.199248119734866,1.259640000000001,25.30531354594939
2024-11-04 17:08:40,4.199491274821859,1.258,28.465495270963004,4.19927440677129,1.259480000000001,25.374728744793433
2024-11-04 17:08:40,4.199162686866011,1.257,24.2430730354219,4.199280978530391,1.259280000000001,25.374728744793437
2024-11-04 17:08:40,4.199819862778808,1.257,24.2430730354219,4.199307265566902,1.2591200000000007,25.359695498926673
2024-11-04 17:08:41,4.199655568800195,1.257,24.9947353287605,4.19933355260337,1.2589600000000007,25.359695498926666
2024-11-04 17:08:41,4.199984156757696,1.257,25.72571420883662,4.19934669612167,1.2588000000000006,25.37431507652819
2024-11-04 17:08:41,4.199819862778808,1.257,25.72571420883662,4.199372983158182,1.2586400000000004,25.419441428206255
2024-11-04 17:08:41,4.199491274821859,1.257,24.2430730354219,4.199386126676416,1.25848,25.40440818233948
2024-11-04 17:08:42,4.199655568800195,1.257,25.72571420883662,4.199392698435548,1.25836,25.404408182339484
2024-11-04 17:08:42,4.199655568800195,1.257,24.9947353287605,4.1994189854720165,1.2582399999999998,25.389788604737966
2024-11-04 17:08:42,4.199326980843797,1.257,25.72571420883662,4.1994255572311285,1.2581199999999995,25.34818006287149
2024-11-04 17:08:42,4.199491274821859,1.257,24.9947353287605,4.199451844267552,1.2579999999999993,25.333560485269967
2024-11-04 17:08:43,4.199984156757696,1.257,25.72571420883662,4.1994978465814095,1.2578799999999992,25.34818006287149
2024-11-04 17:08:43,4.199491274821859,1.256,24.9947353287605,4.199510990099643,1.2577199999999988,25.319330360436393
2024-11-04 17:08:43,4.199819862778808,1.256,24.2430730354219,4.199530705377046,1.2575999999999992,25.304297114569625
2024-11-04 17:08:43,4.199984156757696,1.256,25.72571420883662,4.1995635641727125,1.2574799999999993,25.318916692171143
2024-11-04 17:08:44,4.200312744716299,1.256,24.9947353287605,4.199616138245824,1.2573599999999994,25.30429711456962
2024-11-04 17:08:44,4.199984156757696,1.256,24.9947353287605,4.19964899704149,1.2572399999999995,25.289677536968103
2024-11-04 17:08:44,4.199819862778808,1.256,25.72571420883662,4.199681855837104,1.2571199999999996,25.304297114569618
2024-11-04 17:08:44,4.200312744716299,1.256,25.72571420883662,4.199708142873749,1.257,25.333949938037915
2024-11-04 17:08:45,4.199655568800195,1.256,24.9947353287605,4.199721286392003,1.25692,25.319330360436382
2024-11-04 17:08:45,4.20014845073686,1.255,24.2430730354219,4.199747573428603,1.2568000000000001,25.289677536968092
2024-11-04 17:08:45,4.20014845073686,1.255,26.437220450515156,4.199780432224325,1.2566800000000005,25.318527239403192
2024-11-04 17:08:45,4.199984156757696,1.255,25.72571420883662,4.199787003983479,1.2565600000000006,25.379596746515855
2024-11-04 17:08:46,4.200312744716299,1.255,24.9947353287605,4.199813291020123,1.2564400000000007,25.37959674651586
2024-11-04 17:08:46,4.199819862778808,1.255,24.9947353287605,4.199813291020124,1.2563200000000008,25.45947532970421
2024-11-04 17:08:46,4.200312744716299,1.255,24.9947353287605,4.199846149815901,1.2562000000000009,25.50592525921535
2024-11-04 17:08:46,4.200312744716299,1.255,26.437220450515156,4.199892152129912,1.256120000000001,25.505925259215356
2024-11-04 17:08:47,4.20014845073686,1.255,24.9947353287605,4.199905295648235,1.256040000000001,25.449697139747354
2024-11-04 17:08:47,4.200312744716299,1.255,24.9947353287605,4.199931582684879,1.255960000000001,25.420847437312258
2024-11-04 17:08:47,4.20014845073686,1.254,24.2430730354219,4.199938154444046,1.255840000000001,25.376964489010394
2024-11-04 17:08:47,4.200477038696013,1.254,24.9947353287605,4.199964441480734,1.2557200000000008,25.376964489010398
2024-11-04 17:08:48,4.200477038696013,1.254,24.9947353287605,4.200003872035701,1.2556000000000005,25.376964489010394
2024-11-04 17:08:48,4.200312744716299,1.254,26.437220450515156,4.2000301590723454,1.2554800000000004,25.376964489010398
2024-11-04 17:08:48,4.20014845073686,1.254,24.9947353287605,4.200049874349812,1.2553600000000003,25.36234491140887
2024-11-04 17:08:48,4.20014845073686,1.253,26.437220450515156,4.200082733145535,1.2552,25.42170138792051
2024-11-04 17:08:49,4.199984156757696,1.253,27.13035904417916,4.200102448422969,1.2550400000000002,25.46441386222888
2024-11-04 17:08:49,4.200312744716299,1.253,25.72571420883662,4.200115591941313,1.2548799999999998,25.450183737395317
2024-11-04 17:08:49,4.200477038696013,1.253,24.9947353287605,4.200155022496279,1.2547599999999997,25.40747126308694
2024-11-04 17:08:49,4.20014845073686,1.253,25.72571420883662,4.200168166014603,1.2546399999999995,25.379378366380095
2024-11-04 17:08:50,4.200477038696013,1.253,26.437220450515156,4.200187881292135,1.2545199999999994,25.408228068815188
2024-11-04 17:08:50,4.200312744716299,1.253,25.72571420883662,4.200187881292134,1.2543999999999993,25.408228068815188
2024-11-04 17:08:50,4.200312744716299,1.253,24.2430730354219,4.200201024810477,1.2542799999999994,25.36434512051332
2024-11-04 17:08:50,4.200477038696013,1.253,27.80614130216054,4.200227311847166,1.2541599999999995,25.4059536623798
2024-11-04 17:08:51,4.200477038696013,1.253,26.437220450515156,4.200233883606355,1.2540399999999996,25.42018378721337
2024-11-04 17:08:51,4.200477038696013,1.252,27.13035904417916,4.200266742402189,1.25388,25.477929507388513
2024-11-04 17:08:51,4.200641332676002,1.252,27.13035904417916,4.200286457679755,1.2537600000000004,25.506022404095365
2024-11-04 17:08:51,4.200805626656267,1.252,25.72571420883662,4.2003127447165305,1.2536400000000005,25.506022404095358
2024-11-04 17:08:52,4.200805626656267,1.252,23.469396624933097,4.200345603512473,1.2535200000000006,25.475515630018812
2024-11-04 17:08:52,4.200805626656267,1.252,25.72571420883662,4.200365318790071,1.2534000000000005,25.47551563001882
2024-11-04 17:08:52,4.201134214617624,1.252,26.437220450515156,4.200417892863624,1.2532800000000008,25.51939857832069
2024-11-04 17:08:52,4.200641332676002,1.252,24.9947353287605,4.200431036382013,1.2531600000000007,25.449983379476638
2024-11-04 17:08:53,4.20014845073686,1.252,24.9947353287605,4.200424464622835,1.2530400000000008,25.465016625343406
2024-11-04 17:08:53,4.200969920636808,1.252,25.72571420883662,4.200457323418833,1.252920000000001,25.494669448811702
2024-11-04 17:08:53,4.200477038696013,1.252,24.2430730354219,4.200463895178021,1.2528000000000008,25.479636202944935
2024-11-04 17:08:53,4.199984156757696,1.252,24.2430730354219,4.200457323418854,1.252720000000001,25.449983379476635
2024-11-04 17:08:54,4.200641332676002,1.251,24.9947353287605,4.2004638951780535,1.2526000000000008,25.435363801875113
2024-11-04 17:08:54,4.200969920636808,1.251,23.469396624933097,4.200483610455685,1.2524800000000007,25.41989027366534
2024-11-04 17:08:54,4.200641332676002,1.251,24.9947353287605,4.200496753974074,1.2523600000000006,25.405270696063813
2024-11-04 17:08:54,4.200641332676002,1.251,26.437220450515156,4.20051646925164,1.2522400000000002,25.43412039849891
2024-11-04 17:08:55,4.200641332676002,1.251,24.9947353287605,4.200536184529207,1.2521600000000002,25.419500820897387
2024-11-04 17:08:55,4.200805626656267,1.251,24.9947353287605,4.200569043325149,1.2520799999999999,25.419500820897383
2024-11-04 17:08:55,4.200805626656267,1.251,23.469396624933097,4.2005887586027475,1.2519999999999996,25.374374469219315
2024-11-04 17:08:55,4.200641332676002,1.25,26.437220450515156,4.200595330361948,1.2518799999999994,25.4032241716544
2024-11-04 17:08:56,4.200969920636808,1.25,26.437220450515156,4.200628189157945,1.2517599999999995,25.44710711995627
2024-11-04 17:08:56,4.200312744716299,1.25,25.72571420883662,4.200621617398756,1.2516399999999992,25.44710711995627
2024-11-04 17:08:56,4.200969920636808,1.25,23.469396624933097,4.200647904435576,1.2515199999999993,25.41660034587972
2024-11-04 17:08:56,4.200641332676002,1.25,27.13035904417916,4.200661047953965,1.2513999999999992,25.459312820188096
2024-11-04 17:08:57,4.200969920636808,1.25,25.72571420883662,4.2006807632315954,1.2512799999999993,25.45931282018809
2024-11-04 17:08:57,4.200805626656267,1.25,24.9947353287605,4.200693906750005,1.2511599999999994,25.444693242586577
2024-11-04 17:08:57,4.200477038696013,1.25,24.2430730354219,4.200693906750005,1.2510799999999995,25.429659996719803
2024-11-04 17:08:57,4.200641332676002,1.25,27.13035904417916,4.200693906750006,1.251,25.48740571689495
2024-11-04 17:08:58,4.201462802580083,1.25,27.13035904417916,4.2007201937869585,1.25092,25.50126848876823
2024-11-04 17:08:58,4.201134214617624,1.25,25.72571420883662,4.200733337305412,1.2508400000000002,25.50126848876822
2024-11-04 17:08:58,4.200641332676002,1.25,25.72571420883662,4.200726765546202,1.2507600000000003,25.515888066369744
2024-11-04 17:08:58,4.200969920636808,1.25,26.437220450515156,4.200720193786969,1.2506800000000002,25.544737768804843
2024-11-04 17:08:59,4.201134214617624,1.249,27.13035904417916,4.200739909064635,1.2505600000000003,25.587450243113214
2024-11-04 17:08:59,4.200969920636808,1.249,23.469396624933097,4.200772767860632,1.2504400000000004,25.52809376660158
2024-11-04 17:08:59,4.201462802580083,1.249,23.469396624933097,4.200792483138364,1.2503200000000003,25.497586992525033
2024-11-04 17:08:59,4.201134214617624,1.249,24.2430730354219,4.2008187701752275,1.2502000000000004,25.482553746658258
2024-11-04 17:09:00,4.201627096561725,1.249,25.72571420883662,4.200884487767389,1.2500800000000003,25.512206570126544
2024-11-04 17:09:00,4.200969920636808,1.249,24.9947353287605,4.20089763128582,1.2500000000000004,25.51220657012655
2024-11-04 17:09:00,4.200805626656267,1.247,27.13035904417916,4.200891059526598,1.2498400000000005,25.554919044434918
2024-11-04 17:09:00,4.201462802580083,1.247,24.9947353287605,4.200923918322762,1.2496800000000006,25.526069341999833
2024-11-04 17:09:01,4.201298508598716,1.247,23.469396624933097,4.20095020535967,1.2495200000000006,25.49556256792328
2024-11-04 17:09:01,4.200805626656267,1.247,27.13035904417916,4.200956777118881,1.2493600000000005,25.509425339796568
2024-11-04 17:09:01,4.201134214617624,1.247,26.437220450515156,4.200969920637335,1.2492000000000005,25.49556256792328
2024-11-04 17:09:01,4.200969920636808,1.247,24.9947353287605,4.200976492396558,1.2490400000000006,25.48094299032176
2024-11-04 17:09:02,4.200477038696013,1.247,24.9947353287605,4.200969920637358,1.2489200000000005,25.480942990321754
2024-11-04 17:09:02,4.200969920636808,1.247,27.13035904417916,4.200969920637358,1.2488000000000001,25.50903588702861
2024-11-04 17:09:02,4.201134214617624,1.247,24.9947353287605,4.20100277943341,1.24868,25.48018618459352
2024-11-04 17:09:02,4.201134214617624,1.247,28.465495270963004,4.201009351192642,1.24856,25.53498180583604
2024-11-04 17:09:02,4.200805626656267,1.247,26.437220450515156,4.201015922951853,1.2484399999999998,25.57886475413791
2024-11-04 17:09:03,4.200969920636808,1.247,24.9947353287605,4.201015922951851,1.2483199999999997,25.5226366346699
2024-11-04 17:09:03,4.201134214617624,1.247,24.9947353287605,4.201029066470305,1.2481999999999998,25.493786932234816
2024-11-04 17:09:03,4.201134214617624,1.246,27.80614130216054,4.2010553535071695,1.2480399999999998,25.50730257739444
2024-11-04 17:09:03,4.201462802580083,1.246,27.13035904417916,4.2010882123033335,1.2478799999999999,25.507302577394444
2024-11-04 17:09:04,4.201298508598716,1.246,25.72571420883662,4.2010816405440785,1.2477200000000002,25.50730257739444
2024-11-04 17:09:04,4.201134214617624,1.246,22.672238853203226,4.201081640544078,1.2475600000000002,25.491359421959846
2024-11-04 17:09:04,4.201298508598716,1.246,24.9947353287605,4.201107927580988,1.2474000000000005,25.476739844358328
2024-11-04 17:09:04,4.201134214617624,1.246,23.469396624933097,4.20111449934022,1.2472400000000006,25.417383367846682
2024-11-04 17:09:05,4.201462802580083,1.246,23.469396624933097,4.20112764285872,1.2471200000000007,25.38687659377013
2024-11-04 17:09:05,4.201462802580083,1.246,27.80614130216054,4.201147358136452,1.2470000000000008,25.443104713238135
2024-11-04 17:09:05,4.201298508598716,1.246,26.437220450515156,4.201140786377198,1.2468800000000009,25.45733483807171
2024-11-04 17:09:05,4.200969920636808,1.245,24.9947353287605,4.201134214617965,1.2467200000000007,25.472368083938477
2024-11-04 17:09:06,4.201791390543644,1.245,24.9947353287605,4.201140786377241,1.2465600000000006,25.48740132980525
2024-11-04 17:09:06,4.201462802580083,1.245,24.9947353287605,4.201160501654973,1.2464000000000006,25.487401329805248
2024-11-04 17:09:06,4.201791390543644,1.245,25.72571420883662,4.201199932210467,1.2463200000000003,25.532527681483327
2024-11-04 17:09:06,4.201627096561725,1.245,25.72571420883662,4.2012065039697335,1.24624,25.54714725908484
2024-11-04 17:09:07,4.201791390543644,1.245,25.72571420883662,4.2012262192475305,1.24616,25.532917134251264
2024-11-04 17:09:07,4.201462802580083,1.245,25.72571420883662,4.201252506284485,1.2460799999999996,25.54753671185279
2024-11-04 17:09:07,4.201462802580083,1.245,26.437220450515156,4.201265649802982,1.2459999999999993,25.57638641428788
2024-11-04 17:09:07,4.201134214617624,1.245,26.437220450515156,4.201272221562215,1.245919999999999,25.63574289079953
2024-11-04 17:09:08,4.201627096561725,1.245,25.72571420883662,4.201318223876843,1.245839999999999,25.621512765965953
2024-11-04 17:09:08,4.201627096561725,1.244,24.9947353287605,4.201344510913841,1.2457199999999988,25.592663063530857
2024-11-04 17:09:08,4.202284272491052,1.244,25.72571420883662,4.2013905132287785,1.2455999999999987,25.592663063530864
2024-11-04 17:09:08,4.201627096561725,1.244,25.72571420883662,4.201410228506543,1.2454799999999988,25.637789415208935
2024-11-04 17:09:09,4.201462802580083,1.244,24.9947353287605,4.201436515543497,1.245359999999999,25.595076940900558
2024-11-04 17:09:09,4.201955684525837,1.244,27.13035904417916,4.201475946099057,1.2452399999999992,25.62316983760741
2024-11-04 17:09:09,4.202119978508306,1.243,26.437220450515156,4.201515376654686,1.2450799999999995,25.65201954004251
2024-11-04 17:09:09,4.201298508598716,1.243,24.2430730354219,4.201521948413928,1.2449599999999998,25.652019540042506
2024-11-04 17:09:10,4.201298508598716,1.243,24.2430730354219,4.2015153766546725,1.2448400000000002,25.594273819867368
2024-11-04 17:09:10,4.201627096561725,1.243,27.13035904417916,4.201528520173194,1.2447200000000003,25.59427381986736
2024-11-04 17:09:10,4.201627096561725,1.244,25.72571420883662,4.201548235450958,1.2446400000000004,25.594273819867368
2024-11-04 17:09:10,4.201791390543644,1.244,27.13035904417916,4.201567950728754,1.2445600000000006,25.62236671657422
2024-11-04 17:09:11,4.201791390543644,1.243,27.13035904417916,4.201594237765795,1.2444400000000007,25.636229488447498
2024-11-04 17:09:11,4.201462802580083,1.243,24.2430730354219,4.201594237765795,1.244320000000001,25.57848376827235
2024-11-04 17:09:11,4.201791390543644,1.243,26.437220450515156,4.201607381284336,1.2442000000000009,25.63784024478399
2024-11-04 17:09:11,4.201955684525837,1.243,24.2430730354219,4.201633668321421,1.244080000000001,25.653313772993766
2024-11-04 17:09:12,4.201791390543644,1.243,27.13035904417916,4.201666527117694,1.2440000000000009,25.711059493168914
2024-11-04 17:09:12,4.201791390543644,1.243,27.80614130216054,4.201666527117694,1.243920000000001,25.752668035035384
2024-11-04 17:09:12,4.201627096561725,1.243,24.9947353287605,4.2016730988769595,1.243840000000001,25.75266803503539
2024-11-04 17:09:12,4.202119978508306,1.243,26.437220450515156,4.201686242395545,1.2437600000000009,25.738805263162103
2024-11-04 17:09:13,4.201791390543644,1.243,27.13035904417916,4.201692814154821,1.2436800000000006,25.78151773747048
2024-11-04 17:09:13,4.201462802580083,1.243,24.9947353287605,4.20167967063628,1.2436000000000005,25.812024511547033
2024-11-04 17:09:13,4.202284272491052,1.242,27.13035904417916,4.201712529432719,1.2434800000000006,25.81202451154703
2024-11-04 17:09:13,4.202119978508306,1.242,26.437220450515156,4.201738816469848,1.2433600000000005,25.812024511547023
2024-11-04 17:09:14,4.201791390543644,1.242,26.437220450515156,4.201765103506889,1.2432400000000001,25.840874213982115
2024-11-04 17:09:14,4.201462802580083,1.242,24.2430730354219,4.2017585317476245,1.24312,25.825840968115347
2024-11-04 17:09:14,4.202284272491052,1.242,26.437220450515156,4.201784818784798,1.24304,25.81197819624207
2024-11-04 17:09:14,4.201955684525837,1.242,22.672238853203226,4.20177167526619,1.2429599999999996,25.76552826673092
2024-11-04 17:09:15,4.201955684525837,1.242,24.9947353287605,4.201784818784754,1.2428799999999993,25.696113067886873
2024-11-04 17:09:15,4.201298508598716,1.242,23.469396624933097,4.201778247025499,1.2427999999999992,25.636756591375228
2024-11-04 17:09:15,4.202119978508306,1.242,26.437220450515156,4.201784818784798,1.242719999999999,25.665606293810324
2024-11-04 17:09:15,4.201955684525837,1.242,25.72571420883662,4.2017782470255,1.2426799999999987,25.68022587141184
2024-11-04 17:09:16,4.201955684525837,1.242,25.72571420883662,4.2018045340625845,1.2426399999999986,25.63861732954537
2024-11-04 17:09:16,4.201791390543644,1.242,23.469396624933097,4.2018242493403815,1.2425999999999984,25.565398081160442
2024-11-04 17:09:16,4.201462802580083,1.241,23.469396624933097,4.201817677581116,1.2425199999999985,25.520271729482364
2024-11-04 17:09:16,4.201955684525837,1.241,24.9947353287605,4.20183082109968,1.2423999999999986,25.566721658993515
2024-11-04 17:09:17,4.202119978508306,1.241,27.80614130216054,4.201843964618266,1.242279999999999,25.62294977846151
2024-11-04 17:09:17,4.201791390543644,1.241,24.9947353287605,4.201843964618266,1.242199999999999,25.653456552538064
2024-11-04 17:09:17,4.201462802580083,1.241,26.437220450515156,4.201843964618266,1.2421199999999992,25.712813029049702
2024-11-04 17:09:17,4.201791390543644,1.241,24.2430730354219,4.2018439646182655,1.2420399999999996,25.64155166371494
2024-11-04 17:09:18,4.201955684525837,1.241,24.9947353287605,4.201843964618266,1.2419599999999995,25.612701961279846
2024-11-04 17:09:18,4.202119978508306,1.241,24.9947353287605,4.201857108136853,1.2418799999999997,25.61270196127985
2024-11-04 17:09:18,4.201462802580083,1.241,24.2430730354219,4.201843964618311,1.2417999999999998,25.597668715413075
2024-11-04 17:09:18,4.201791390543644,1.241,24.2430730354219,4.201850536377588,1.24172,25.582635469546307
2024-11-04 17:09:19,4.202119978508306,1.241,25.72571420883662,4.201850536377586,1.24164,25.58263546954631
2024-11-04 17:09:19,4.201627096561725,1.241,23.469396624933097,4.20184396461831,1.2415600000000002,25.537509117868236
2024-11-04 17:09:19,4.202119978508306,1.24,26.437220450515156,4.201870251655439,1.24144,25.551739242701807
2024-11-04 17:09:19,4.202284272491052,1.24,26.437220450515156,4.20187025165544,1.2413600000000002,25.56596936753538
2024-11-04 17:09:20,4.202119978508306,1.24,24.9947353287605,4.201870251655439,1.2412800000000004,25.537119665100285
2024-11-04 17:09:20,4.202119978508306,1.24,25.72571420883662,4.2018833951740255,1.2412000000000003,25.522889540266714
2024-11-04 17:09:20,4.201627096561725,1.24,24.9947353287605,4.201889966933292,1.2411200000000004,25.508269962665196
2024-11-04 17:09:20,4.201955684525837,1.24,25.72571420883662,4.2018768234146835,1.2410400000000004,25.522889540266714
2024-11-04 17:09:21,4.202119978508306,1.24,23.469396624933097,4.201883395173982,1.2409600000000005,25.477763188588646
2024-11-04 17:09:21,4.202119978508306,1.239,25.72571420883662,4.2018899669332805,1.2408400000000004,25.47776318858865
2024-11-04 17:09:21,4.201791390543644,1.239,26.437220450515156,4.2019096822110775,1.2407200000000003,25.50661289102375
2024-11-04 17:09:21,4.202119978508306,1.239,27.13035904417916,4.2019096822110775,1.2406000000000001,25.506612891023746
2024-11-04 17:09:22,4.202284272491052,1.239,27.13035904417916,4.201922825729686,1.24048,25.520475662897024
2024-11-04 17:09:22,4.202448566474072,1.239,26.437220450515156,4.2019425410076146,1.24036,25.564358611198887
2024-11-04 17:09:22,4.202448566474072,1.239,24.9947353287605,4.201968828044832,1.2402399999999998,25.579391857065662
2024-11-04 17:09:22,4.202284272491052,1.239,24.2430730354219,4.20200168684127,1.2401599999999995,25.521646136890514
2024-11-04 17:09:23,4.202284272491052,1.239,25.72571420883662,4.202014830359879,1.2400799999999992,25.521646136890514
2024-11-04 17:09:23,4.202941448424786,1.239,27.13035904417916,4.2020476891565375,1.239999999999999,25.52164613689051
2024-11-04 17:09:23,4.202284272491052,1.239,25.72571420883662,4.202067404434434,1.2399199999999988,25.493553240183655
2024-11-04 17:09:23,4.201955684525837,1.239,25.72571420883662,4.202087119712265,1.2398399999999985,25.52320606365195
2024-11-04 17:09:24,4.202612860457368,1.239,26.437220450515156,4.202119978508814,1.2397599999999982,25.52320606365195
2024-11-04 17:09:24,4.202119978508306,1.239,23.469396624933097,4.202126550268113,1.2396799999999983,25.507732535442177
2024-11-04 17:09:24,4.202777154440939,1.239,25.72571420883662,4.202152837305419,1.2395999999999985,25.479639638735325
2024-11-04 17:09:24,4.202119978508306,1.238,25.72571420883662,4.202179124342549,1.2394799999999986,25.438031096868855
2024-11-04 17:09:25,4.202448566474072,1.238,24.9947353287605,4.202205411379765,1.2393599999999987,25.438031096868848
2024-11-04 17:09:25,4.202448566474072,1.238,24.2430730354219,4.202218554898395,1.239239999999999,25.394148148566984
2024-11-04 17:09:25,4.202448566474072,1.238,26.437220450515156,4.2022514136948885,1.2391199999999991,25.3802853766937
2024-11-04 17:09:25,4.201462802580083,1.238,24.9947353287605,4.20222512665776,1.2390399999999993,25.380285376693706
2024-11-04 17:09:26,4.202284272491052,1.238,24.9947353287605,4.20222512665776,1.2389599999999994,25.33757290238533
2024-11-04 17:09:26,4.202612860457368,1.238,25.72571420883662,4.202244841935723,1.2388799999999995,25.32334277755175
2024-11-04 17:09:26,4.202284272491052,1.238,24.2430730354219,4.202251413695032,1.2387999999999997,25.279459829249888
2024-11-04 17:09:26,4.202612860457368,1.238,24.9947353287605,4.202290844250859,1.2387199999999998,25.294493075116662
2024-11-04 17:09:27,4.202284272491052,1.238,28.465495270963004,4.202303987769466,1.23864,25.335058571525614
2024-11-04 17:09:27,4.202777154440939,1.237,24.9947353287605,4.202330274806773,1.23852,25.381508501036766
2024-11-04 17:09:27,4.202777154440939,1.237,24.2430730354219,4.202356561844079,1.2384400000000002,25.366475255169988
2024-11-04 17:09:27,4.202612860457368,1.238,26.437220450515156,4.202389420640628,1.2384000000000002,25.425831731681637
2024-11-04 17:09:28,4.202612860457368,1.238,24.9947353287605,4.202409135918591,1.2383600000000001,25.39698202924654
2024-11-04 17:09:28,4.202777154440939,1.238,24.9947353287605,4.202428851196587,1.23832,25.382362451645022
2024-11-04 17:09:28,4.202941448424786,1.236,27.13035904417916,4.202448566474616,1.2382,25.410455348351874
2024-11-04 17:09:28,4.202612860457368,1.236,24.9947353287605,4.2024551382339475,1.2380799999999998,25.440962122428417
2024-11-04 17:09:29,4.202284272491052,1.236,25.72571420883662,4.2024551382339475,1.2379599999999997,25.48608847410648
2024-11-04 17:09:29,4.202777154440939,1.236,25.72571420883662,4.202474853511943,1.2378399999999996,25.500708051708006
2024-11-04 17:09:29,4.202612860457368,1.236,24.2430730354219,4.202461709993247,1.2377199999999995,25.429446686373236
2024-11-04 17:09:29,4.202777154440939,1.237,25.72571420883662,4.202481425271242,1.2376399999999996,25.444066263974765
2024-11-04 17:09:30,4.202612860457368,1.237,24.2430730354219,4.2025077123085035,1.2375599999999995,25.400183315672898
2024-11-04 17:09:30,4.202448566474072,1.236,26.437220450515156,4.20250114054917,1.2374399999999994,25.444066263974765
2024-11-04 17:09:30,4.202612860457368,1.236,25.72571420883662,4.2025208558271325,1.2373199999999993,25.45868584157628
2024-11-04 17:09:30,4.203270036393308,1.236,25.72571420883662,4.202540571105227,1.2371999999999992,25.473305419177805
2024-11-04 17:09:30,4.202777154440939,1.236,25.72571420883662,4.202566858142532,1.237119999999999,25.50295824264609
2024-11-04 17:09:31,4.2034343303779815,1.236,25.72571420883662,4.2026062886986875,1.237039999999999,25.532611066114388
2024-11-04 17:09:31,4.202777154440939,1.236,26.437220450515156,4.202619432217364,1.236959999999999,25.546841190947962
2024-11-04 17:09:31,4.202448566474072,1.236,25.72571420883662,4.202619432217362,1.236879999999999,25.591967542626026
2024-11-04 17:09:31,4.202777154440939,1.236,26.437220450515156,4.202672006291796,1.236799999999999,25.591967542626026
2024-11-04 17:09:32,4.202284272491052,1.235,25.72571420883662,4.202672006291796,1.2366799999999991,25.57773741779245
2024-11-04 17:09:32,4.202941448424786,1.235,23.469396624933097,4.202685149810493,1.2365599999999992,25.547230643715906
2024-11-04 17:09:32,4.202941448424786,1.235,25.72571420883662,4.202711436847842,1.236439999999999,25.54723064371591
2024-11-04 17:09:32,4.202941448424786,1.235,24.9947353287605,4.202724580366538,1.2363199999999992,25.547230643715906
2024-11-04 17:09:33,4.203270036393308,1.234,25.72571420883662,4.202764010922628,1.2361599999999995,25.54723064371592
2024-11-04 17:09:33,4.203105742408909,1.234,23.469396624933097,4.202777154441347,1.2360399999999996,25.547230643715917
2024-11-04 17:09:33,4.202612860457368,1.234,24.9947353287605,4.202770582682005,1.23592,25.532611066114395
2024-11-04 17:09:33,4.2034343303779815,1.234,27.13035904417916,4.20280344147883,1.23576,25.546473837987673
2024-11-04 17:09:34,4.203105742408909,1.234,25.72571420883662,4.202823156756891,1.2356000000000003,25.518380941280828
2024-11-04 17:09:34,4.203105742408909,1.233,23.469396624933097,4.20283630027561,1.2354,25.445161692895905
2024-11-04 17:09:34,4.203270036393308,1.233,24.9947353287605,4.202849443794353,1.2352800000000002,25.41631199046081
2024-11-04 17:09:34,4.203270036393308,1.233,24.9947353287605,4.20287573083179,1.23516,25.416311990460812
2024-11-04 17:09:35,4.203762918348157,1.233,25.72571420883662,4.202934876666075,1.2350400000000001,25.445964813929105
2024-11-04 17:09:35,4.202777154440939,1.233,24.9947353287605,4.202934876666075,1.2349199999999998,25.431345236327584
2024-11-04 17:09:35,4.202612860457368,1.233,25.72571420883662,4.202934876666075,1.2347999999999997,25.40325233962073
2024-11-04 17:09:35,4.203270036393308,1.233,24.9947353287605,4.202954591944169,1.2346399999999995,25.38863276201921
2024-11-04 17:09:36,4.2034343303779815,1.233,24.9947353287605,4.202987450740994,1.2344799999999994,25.37401318441768
2024-11-04 17:09:36,4.203270036393308,1.233,27.13035904417916,4.203020309537764,1.2343599999999992,25.38787595629097
2024-11-04 17:09:36,4.203270036393308,1.233,24.2430730354219,4.203046596575201,1.2342399999999991,25.40334948450074
2024-11-04 17:09:36,4.2035986243629315,1.233,26.437220450515156,4.203059740093987,1.234119999999999,25.417579609334314
2024-11-04 17:09:37,4.203270036393308,1.233,24.9947353287605,4.203079455372081,1.2339999999999989,25.402960031732796
2024-11-04 17:09:37,4.203270036393308,1.232,25.72571420883662,4.203072883612695,1.233839999999999,25.417579609334314
2024-11-04 17:09:37,4.203762918348157,1.232,25.72571420883662,4.203112314168983,1.233679999999999,25.447232432802604
2024-11-04 17:09:37,4.204091506319434,1.232,26.437220450515156,4.203178031762797,1.233519999999999,25.44723243280261
2024-11-04 17:09:38,4.2035986243629315,1.232,25.72571420883662,4.203210890559676,1.2333599999999991,25.461852010404126
2024-11-04 17:09:38,4.2034343303779815,1.232,27.13035904417916,4.203256892875153,1.2332399999999992,25.504564484712503
2024-11-04 17:09:38,4.2034343303779815,1.231,26.437220450515156,4.20327660815328,1.2330799999999993,25.518794609546067
2024-11-04 17:09:38,4.2035986243629315,1.231,25.72571420883662,4.203302895190806,1.2329199999999993,25.548447433014363
2024-11-04 17:09:39,4.2039272123336575,1.231,24.9947353287605,4.203342325747161,1.2327599999999996,25.548447433014356
2024-11-04 17:09:39,4.202777154440939,1.231,26.437220450515156,4.2033226104690655,1.23264,25.5078819366054
2024-11-04 17:09:39,4.2034343303779815,1.231,24.9947353287605,4.203335753987828,1.23252,25.507881936605404
2024-11-04 17:09:39,4.2039272123336575,1.231,27.13035904417916,4.203388328062879,1.2324000000000004,25.565627656780542
2024-11-04 17:09:40,4.203762918348157,1.231,25.72571420883662,4.203401471581687,1.2322800000000005,25.55139753194698
2024-11-04 17:09:40,4.203762918348157,1.231,24.9947353287605,4.203427758619257,1.2321600000000006,25.55139753194697
2024-11-04 17:09:40,4.2039272123336575,1.231,21.84997632024192,4.203460617416247,1.2320800000000007,25.488502351776607
2024-11-04 17:09:40,4.2035986243629315,1.23,25.72571420883662,4.203473760935033,1.2319600000000006,25.460409455069758
2024-11-04 17:09:41,4.2035986243629315,1.23,27.80614130216054,4.203486904453818,1.2318400000000005,25.516637574537754
2024-11-04 17:09:41,4.204091506319434,1.23,26.437220450515156,4.2035000479726685,1.2317200000000001,25.530867699371328
2024-11-04 17:09:41,4.2039272123336575,1.23,26.437220450515156,4.203546050288377,1.2316,25.545097824204905
2024-11-04 17:09:41,4.203762918348157,1.23,27.13035904417916,4.203592052604009,1.23148,25.602843544380054
2024-11-04 17:09:42,4.204091506319434,1.23,26.437220450515156,4.203624911401054,1.2313599999999998,25.617073669213624
2024-11-04 17:09:42,4.203762918348157,1.23,27.80614130216054,4.203638054919861,1.2312399999999997,25.68833503454839
2024-11-04 17:09:42,4.2034343303779815,1.23,24.2430730354219,4.203644626679248,1.2311199999999995,25.644452086246535
2024-11-04 17:09:42,4.2039272123336575,1.23,24.9947353287605,4.203670913716862,1.2309999999999994,25.629832508645006
2024-11-04 17:09:43,4.2035986243629315,1.23,27.13035904417916,4.203670913716862,1.2308799999999993,25.657925405351858
2024-11-04 17:09:43,4.2034343303779815,1.229,24.9947353287605,4.2036774854762475,1.2307199999999991,25.643305827750336
2024-11-04 17:09:43,4.203762918348157,1.229,25.72571420883662,4.203697200754442,1.230599999999999,25.64330582775033
2024-11-04 17:09:43,4.2035986243629315,1.229,25.72571420883662,4.203690628995033,1.2304799999999991,25.62907570291676
2024-11-04 17:09:44,4.204091506319434,1.229,25.72571420883662,4.203690628995032,1.2303599999999992,25.62907570291676
2024-11-04 17:09:44,4.204584388278419,1.228,26.437220450515156,4.203730059551652,1.2301999999999993,25.62907570291676
2024-11-04 17:09:44,4.2039272123336575,1.228,27.13035904417916,4.203749774829879,1.2300399999999996,25.657168599623606
2024-11-04 17:09:44,4.2042558003054875,1.228,26.437220450515156,4.203782633626979,1.2299199999999997,25.716525076135248
2024-11-04 17:09:45,4.203762918348157,1.228,25.72571420883662,4.203789205386388,1.2297999999999998,25.716525076135248
2024-11-04 17:09:45,4.2039272123336575,1.228,24.9947353287605,4.203789205386388,1.2296799999999999,25.716525076135245
2024-11-04 17:09:45,4.2035986243629315,1.228,24.2430730354219,4.203822064183268,1.2295600000000002,25.686872252666955
2024-11-04 17:09:45,4.204091506319434,1.228,26.437220450515156,4.203848351220928,1.2294400000000003,25.746228729178593
2024-11-04 17:09:46,4.2042558003054875,1.228,27.13035904417916,4.2038614947398,1.2293200000000006,25.78894120348697
2024-11-04 17:09:46,4.204091506319434,1.228,25.72571420883662,4.20387463825865,1.2292000000000005,25.760848306780126
2024-11-04 17:09:46,4.2042558003054875,1.228,26.437220450515156,4.203894353536943,1.2290800000000006,25.7750784316137
2024-11-04 17:09:46,4.2039272123336575,1.227,26.437220450515156,4.203894353536942,1.2289200000000005,25.834434908125342
2024-11-04 17:09:47,4.204091506319434,1.227,24.9947353287605,4.203914068815203,1.2288000000000003,25.834434908125345
2024-11-04 17:09:47,4.2039272123336575,1.227,26.437220450515156,4.203927212334032,1.22868,25.86328461056043
2024-11-04 17:09:47,4.2042558003054875,1.227,23.469396624933097,4.203933784093474,1.2285599999999999,25.818158258882363
2024-11-04 17:09:47,4.204091506319434,1.227,25.72571420883662,4.203940355852904,1.22844,25.832777836483892
2024-11-04 17:09:48,4.2042558003054875,1.226,22.672238853203226,4.203960071131196,1.2282799999999998,25.77170832937122
2024-11-04 17:09:48,4.204584388278419,1.226,26.437220450515156,4.2039797864095565,1.2281199999999999,25.800558031806315
2024-11-04 17:09:48,4.204091506319434,1.226,24.9947353287605,4.203992929928408,1.2279599999999997,25.800558031806307
2024-11-04 17:09:48,4.204748682265299,1.226,24.2430730354219,4.204045504003901,1.2277999999999996,25.74281231163116
2024-11-04 17:09:49,4.204420094291815,1.226,25.72571420883662,4.204065219282227,1.2276399999999996,25.772465135099456
2024-11-04 17:09:49,4.2042558003054875,1.226,26.437220450515156,4.204091506319928,1.2274799999999995,25.772465135099456
2024-11-04 17:09:49,4.204584388278419,1.226,25.72571420883662,4.204137508635945,1.2273599999999996,25.78708471270098
2024-11-04 17:09:49,4.2042558003054875,1.226,25.72571420883662,4.204157223914238,1.2272399999999994,25.78708471270097
2024-11-04 17:09:50,4.204420094291815,1.226,22.672238853203226,4.204190082711394,1.2271199999999995,25.726015205588304
2024-11-04 17:09:50,4.2042558003054875,1.225,25.72571420883662,4.204196654470835,1.2269599999999996,25.711785080754733
2024-11-04 17:09:50,4.204420094291815,1.225,26.437220450515156,4.204190082711371,1.22684,25.72601520558831
2024-11-04 17:09:50,4.2039272123336575,1.225,25.72571420883662,4.204190082711372,1.22672,25.697922308881463
2024-11-04 17:09:51,4.204748682265299,1.225,24.2430730354219,4.204209797989765,1.2266,25.654039360579596
2024-11-04 17:09:51,4.204091506319434,1.225,27.13035904417916,4.204222941508616,1.22648,25.682132257286447
2024-11-04 17:09:51,4.204420094291815,1.224,24.9947353287605,4.204242656786943,1.2263199999999999,25.682132257286444
2024-11-04 17:09:51,4.204091506319434,1.224,26.437220450515156,4.204262372065203,1.2261599999999997,25.68213225728644
2024-11-04 17:09:52,4.204420094291815,1.224,25.72571420883662,4.204275515584098,1.2259999999999998,25.696751834887962
2024-11-04 17:09:52,4.204584388278419,1.224,26.437220450515156,4.204288659103016,1.2258399999999994,25.68288906301468
2024-11-04 17:09:52,4.2042558003054875,1.224,27.13035904417916,4.204295230862457,1.2256799999999994,25.710981959721536
2024-11-04 17:09:52,4.2042558003054875,1.224,24.9947353287605,4.204295230862458,1.2255199999999993,25.71098195972154
2024-11-04 17:09:53,4.204584388278419,1.224,25.72571420883662,4.204321517900249,1.2253999999999992,25.788496717493427
2024-11-04 17:09:53,4.204584388278419,1.224,25.72571420883662,4.204341233178607,1.2252799999999988,25.788496717493427
2024-11-04 17:09:53,4.204912976252455,1.224,26.437220450515156,4.20438066373536,1.2251599999999987,25.76111830046052
2024-11-04 17:09:53,4.204584388278419,1.224,26.437220450515156,4.204393807254276,1.2250399999999986,25.76111830046052
2024-11-04 17:09:54,4.204912976252455,1.224,25.72571420883662,4.204426666051598,1.2249199999999987,25.746888175626946
2024-11-04 17:09:54,4.204748682265299,1.224,26.437220450515156,4.20444638132999,1.2248399999999986,25.733025403753672
2024-11-04 17:09:54,4.204912976252455,1.223,27.13035904417916,4.204459524848951,1.2247199999999987,25.74688817562695
2024-11-04 17:09:54,4.2042558003054875,1.223,27.13035904417916,4.204466096608392,1.2245999999999988,25.73337253046733
2024-11-04 17:09:55,4.204584388278419,1.223,26.437220450515156,4.204459524848918,1.224479999999999,25.77725547876919
2024-11-04 17:09:55,4.204748682265299,1.223,26.437220450515156,4.204472668367857,1.224359999999999,25.806105181204284
2024-11-04 17:09:55,4.205241564227593,1.222,25.72571420883662,4.2045120989247415,1.224199999999999,25.778012284497436
2024-11-04 17:09:55,4.198176923005075,1.222,25.72571420883662,4.204255800313808,1.2240399999999991,25.79263186209896
2024-11-04 17:09:56,4.205405858215576,1.192,25.72571420883662,4.204301802630212,1.2226799999999993,25.79263186209895
2024-11-04 17:09:56,4.198998392888499,1.192,28.465495270963004,4.20408493457408,1.2213199999999995,25.84742748334148
2024-11-04 17:09:56,4.205077270239886,1.192,27.13035904417916,4.204117793371457,1.2199999999999995,25.875520380048332
2024-11-04 17:09:56,4.199491274821859,1.221,24.9947353287605,4.203920640592659,1.2198399999999998,25.846670677613236
2024-11-04 17:09:57,4.205077270239886,1.221,25.72571420883662,4.203966642908909,1.21968,25.81857778090638
2024-11-04 17:09:57,4.198998392888499,1.221,26.437220450515156,4.203736631333838,1.2195200000000006,25.818577780906388
2024-11-04 17:09:57,4.204748682265299,1.221,26.437220450515156,4.203762918371672,1.2193600000000007,25.832807905739955
2024-11-04 17:09:57,4.198669804934304,1.221,24.9947353287605,4.203532906797372,1.2192400000000005,25.83280790573995
2024-11-04 17:09:58,4.198998392888499,1.206,26.437220450515156,4.203329182260135,1.218520000000001,25.876690854041826
2024-11-04 17:09:58,4.199162686866011,1.206,25.72571420883662,4.203118885963102,1.2178000000000009,25.86246072920825
2024-11-04 17:09:58,4.199162686866011,1.189,26.437220450515156,4.202902017906605,1.2164000000000008,25.848597957334977
2024-11-04 17:09:58,4.198505510957618,1.189,25.72571420883662,4.20267200633269,1.2150000000000007,25.848597957334977
2024-11-04 17:09:59,4.199326980843797,1.189,26.437220450515156,4.2024748535542225,1.213600000000001,25.848597957334977
2024-11-04 17:09:59,4.198834098911264,1.189,25.72571420883662,4.202244841979536,1.2122000000000008,25.834367832501403
2024-11-04 17:09:59,4.199162686866011,1.189,25.72571420883662,4.202027973923039,1.210800000000001,25.84898741010293
2024-11-04 17:09:59,4.198998392888499,1.189,29.10927472714519,4.201791390588482,1.209400000000001,25.90242849563552
2024-11-04 17:10:00,4.199326980843797,1.189,23.469396624933097,4.201581094291098,1.2080000000000006,25.902428495635522
2024-11-04 17:10:00,4.199162686866011,1.189,24.9947353287605,4.2013510827156395,1.2066000000000006,25.887808918034
2024-11-04 17:10:00,4.198998392888499,1.189,27.13035904417916,4.201121071140568,1.2052000000000005,25.976971321853526
2024-11-04 17:10:00,4.199655568800195,1.189,25.72571420883662,4.200910774842477,1.2038400000000002,25.96274119701995
2024-11-04 17:10:01,4.199162686866011,1.189,26.437220450515156,4.200707050304897,1.20248,25.99159089945504
2024-11-04 17:10:01,4.198998392888499,1.189,26.437220450515156,4.200483610489301,1.2011200000000002,26.03547384775691
2024-11-04 17:10:01,4.199162686866011,1.188,24.9947353287605,4.200260170673328,1.1997200000000001,26.020854270155393
2024-11-04 17:10:01,4.198834098911264,1.188,24.9947353287605,4.200003872060675,1.1983600000000003,25.992004567720297
2024-11-04 17:10:02,4.198834098911264,1.188,25.72571420883662,4.200030159096923,1.1970000000000003,25.992004567720297
2024-11-04 17:10:02,4.198834098911264,1.188,25.72571420883662,4.19976728872475,1.1968400000000003,25.992004567720297
2024-11-04 17:10:02,4.198998392888499,1.188,23.469396624933097,4.199767288724751,1.1966800000000004,26.00794772315489
2024-11-04 17:10:02,4.199491274821859,1.188,23.469396624933097,4.19954384890803,1.1965200000000005,25.96282137147682
2024-11-04 17:10:03,4.199326980843797,1.188,27.13035904417916,4.199537277148909,1.1952000000000007,25.9766841433501
2024-11-04 17:10:03,4.199162686866011,1.188,26.437220450515156,4.199300693813954,1.1938800000000007,25.99091426818367
2024-11-04 17:10:03,4.199819862778808,1.188,27.13035904417916,4.199333552609566,1.192560000000001,26.048659988358807
2024-11-04 17:10:03,4.199326980843797,1.188,26.437220450515156,4.199116684552706,1.191240000000001,26.03479721648553
2024-11-04 17:10:04,4.198998392888499,1.188,25.72571420883662,4.199129828070874,1.189920000000001,26.049416794087055
2024-11-04 17:10:04,4.198834098911264,1.188,25.72571420883662,4.199123256311784,1.1892000000000011,26.03518666925348
2024-11-04 17:10:04,4.199984156757696,1.187,24.9947353287605,4.199156115107453,1.1884400000000008,26.02056709165196
2024-11-04 17:10:04,4.199819862778808,1.187,26.437220450515156,4.199182402143964,1.1883600000000007,26.020567091651955
2024-11-04 17:10:05,4.199326980843797,1.187,26.437220450515156,4.19921526093941,1.1882800000000004,26.00670431977868
2024-11-04 17:10:05,4.199326980843797,1.187,26.437220450515156,4.19921526093941,1.1882000000000001,26.035554022213773
2024-11-04 17:10:05,4.199655568800195,1.187,26.437220450515156,4.199248119734967,1.18812,26.049784147047347
2024-11-04 17:10:05,4.199326980843797,1.187,25.72571420883662,4.199254691494079,1.1880399999999998,26.049784147047347
2024-11-04 17:10:06,4.199326980843797,1.187,25.72571420883662,4.199267835012291,1.1879599999999995,26.035554022213773
2024-11-04 17:10:06,4.199491274821859,1.186,27.13035904417916,4.199274406771414,1.1878399999999996,26.04941679408705
2024-11-04 17:10:06,4.199491274821859,1.186,26.437220450515156,4.199287550289647,1.1877199999999994,26.063646918920632
2024-11-04 17:10:06,4.198834098911264,1.186,24.9947353287605,4.199280978530558,1.1875999999999993,26.034797216485536
2024-11-04 17:10:07,4.199491274821859,1.186,25.72571420883662,4.199274406771425,1.1874799999999992,26.00670431977869
2024-11-04 17:10:07,4.199655568800195,1.186,25.72571420883662,4.1992941220487925,1.187359999999999,25.978611423071833
2024-11-04 17:10:07,4.199491274821859,1.186,24.9947353287605,4.199313837326127,1.1872399999999994,25.94976172063674
2024-11-04 17:10:07,4.199162686866011,1.186,25.72571420883662,4.199313837326126,1.1871599999999995,25.93553159580317
2024-11-04 17:10:08,4.199655568800195,1.186,24.2430730354219,4.199346696121683,1.1870799999999997,25.905878772334876
2024-11-04 17:10:08,4.199326980843797,1.186,24.9947353287605,4.199366411398985,1.1869999999999998,25.891259194733358
2024-11-04 17:10:08,4.199491274821859,1.186,24.9947353287605,4.199392698435408,1.18692,25.876639617131836
2024-11-04 17:10:08,4.199655568800195,1.186,25.72571420883662,4.199418985471874,1.1868400000000003,25.821843995889314
2024-11-04 17:10:09,4.199326980843797,1.186,24.2430730354219,4.199412413712752,1.1867600000000003,25.764098275714165
2024-11-04 17:10:09,4.199819862778808,1.185,23.469396624933097,4.199432128990152,1.1866400000000004,25.733591501637612
2024-11-04 17:10:09,4.199819862778808,1.185,24.9947353287605,4.199458416026664,1.1865200000000002,25.71897192403609
2024-11-04 17:10:09,4.199819862778808,1.185,24.9947353287605,4.199458416026664,1.1864000000000003,25.690122221601005
2024-11-04 17:10:10,4.199655568800195,1.185,24.9947353287605,4.19947155954492,1.1862800000000002,25.66127251916591
2024-11-04 17:10:10,4.199819862778808,1.185,24.9947353287605,4.199504418340532,1.1861600000000003,25.661272519165905
2024-11-04 17:10:10,4.199819862778808,1.185,27.80614130216054,4.199543848895234,1.1860400000000006,25.688650936198812
2024-11-04 17:10:10,4.200477038696013,1.185,26.437220450515156,4.199563564172767,1.1859600000000006,25.702881061032386
2024-11-04 17:10:11,4.199655568800195,1.185,27.13035904417916,4.199556992413622,1.1858800000000007,25.716743832905664
2024-11-04 17:10:11,4.199819862778808,1.185,25.72571420883662,4.199576707691023,1.1858000000000009,25.716743832905667
2024-11-04 17:10:11,4.199819862778808,1.184,26.437220450515156,4.199596422968423,1.1856800000000007,25.716743832905667
2024-11-04 17:10:11,4.200805626656267,1.184,26.437220450515156,4.199642425282666,1.1855600000000006,25.73097395773924
2024-11-04 17:10:12,4.200477038696013,1.184,27.13035904417916,4.199688427596755,1.1854400000000005,25.759066854446086
2024-11-04 17:10:12,4.199491274821859,1.184,25.72571420883662,4.199694999355877,1.1853200000000002,25.691395644079922
2024-11-04 17:10:12,4.199819862778808,1.184,24.9947353287605,4.199708142874156,1.18524,25.721902418156464
2024-11-04 17:10:12,4.199655568800195,1.184,24.9947353287605,4.19971471463329,1.1851599999999998,25.721902418156468
2024-11-04 17:10:13,4.199984156757696,1.184,26.437220450515156,4.1997607169471465,1.1850799999999995,25.708039646283186
2024-11-04 17:10:13,4.199819862778808,1.183,25.72571420883662,4.199773860465425,1.1849599999999993,25.708039646283186
2024-11-04 17:10:13,4.199984156757696,1.183,26.437220450515156,4.199787003983725,1.1848399999999992,25.708039646283186
2024-11-04 17:10:13,4.199655568800195,1.183,27.13035904417916,4.1997935757428575,1.184719999999999,25.721902418156464
2024-11-04 17:10:14,4.200477038696013,1.183,26.437220450515156,4.199846149816058,1.184599999999999,25.75075212059156
2024-11-04 17:10:14,4.200312744716299,1.183,23.469396624933097,4.199872436852702,1.184479999999999,25.720245346515007
2024-11-04 17:10:14,4.20014845073686,1.183,22.672238853203226,4.199905295648423,1.1843599999999994,25.659175839402334
2024-11-04 17:10:14,4.20014845073686,1.183,25.72571420883662,4.199931582685023,1.1842399999999995,25.659175839402334
2024-11-04 17:10:15,4.20014845073686,1.183,21.84997632024192,4.199951297962491,1.1841199999999996,25.626787433308504
2024-11-04 17:10:15,4.199984156757696,1.183,26.437220450515156,4.199977584999046,1.184,25.68614390982015
2024-11-04 17:10:15,4.199819862778808,1.183,28.465495270963004,4.199977584999046,1.18392,25.712846634355827
2024-11-04 17:10:15,4.20014845073686,1.183,27.13035904417916,4.199990728517369,1.1838400000000002,25.726709406229105
2024-11-04 17:10:16,4.200312744716299,1.183,28.465495270963004,4.200010443794868,1.1837600000000004,25.753412130764776
2024-11-04 17:10:16,4.199984156757696,1.182,25.72571420883662,4.200023587313169,1.1836400000000002,25.739182005931216
2024-11-04 17:10:16,4.199655568800195,1.182,26.437220450515156,4.200017015554024,1.1835200000000003,25.75341213076479
2024-11-04 17:10:16,4.199819862778808,1.182,24.9947353287605,4.200017015554024,1.1834000000000002,25.73879255316327
2024-11-04 17:10:17,4.200477038696013,1.182,23.469396624933097,4.200017015554024,1.1832800000000003,25.70828577908672
2024-11-04 17:10:17,4.20014845073686,1.182,25.72571420883662,4.20003673083149,1.1831600000000002,25.694055654253145
2024-11-04 17:10:17,4.200312744716299,1.182,25.72571420883662,4.20005644610899,1.1830400000000005,25.679825529419578
2024-11-04 17:10:17,4.200312744716299,1.182,24.9947353287605,4.200076161386488,1.1829600000000005,25.65097582698448
2024-11-04 17:10:18,4.200312744716299,1.181,25.72571420883662,4.200056446108889,1.1828400000000006,25.63674570215091
2024-11-04 17:10:18,4.20014845073686,1.181,25.72571420883662,4.200043302590524,1.1827200000000004,25.63674570215091
2024-11-04 17:10:18,4.200477038696013,1.181,24.9947353287605,4.200082733145491,1.1826000000000003,25.62212612454939
2024-11-04 17:10:18,4.20014845073686,1.181,25.72571420883662,4.200095876663813,1.1824800000000002,25.594033227842537
2024-11-04 17:10:19,4.200312744716299,1.181,27.13035904417916,4.200122163700457,1.1823599999999999,25.607895999715815
2024-11-04 17:10:19,4.20014845073686,1.181,27.13035904417916,4.200128735459623,1.1822399999999997,25.650608474024192
2024-11-04 17:10:19,4.200312744716299,1.181,25.72571420883662,4.200148450737122,1.1821599999999994,25.650608474024192
2024-11-04 17:10:19,4.199984156757696,1.181,25.72571420883662,4.200148450737122,1.1820799999999994,25.650608474024185
2024-11-04 17:10:20,4.200477038696013,1.181,26.437220450515156,4.200181309532955,1.181999999999999,25.679458176459285
2024-11-04 17:10:20,4.200641332676002,1.181,25.72571420883662,4.200187881292156,1.1819199999999987,25.679458176459285
2024-11-04 17:10:20,4.200312744716299,1.18,25.72571420883662,4.200187881292156,1.1817999999999986,25.70911099992757
2024-11-04 17:10:20,4.200641332676002,1.18,23.469396624933097,4.200207596569722,1.1816799999999987,25.67860422585103
2024-11-04 17:10:21,4.200312744716299,1.18,24.2430730354219,4.200214168328899,1.1815599999999988,25.66357097998425
2024-11-04 17:10:21,4.200805626656267,1.18,24.9947353287605,4.200240455365676,1.1814399999999992,25.648951402382732
2024-11-04 17:10:21,4.200641332676002,1.18,25.72571420883662,4.200266742402408,1.1813199999999993,25.678604225851032
2024-11-04 17:10:21,4.200477038696013,1.18,27.13035904417916,4.200293029439098,1.1811999999999996,25.751823474235948
2024-11-04 17:10:22,4.199819862778808,1.18,25.72571420883662,4.200279885920776,1.1810799999999997,25.766443051837477
2024-11-04 17:10:22,4.20014845073686,1.18,26.437220450515156,4.200273314161597,1.1809599999999998,25.795292754272577
2024-11-04 17:10:22,4.200312744716299,1.18,26.437220450515156,4.20028645767994,1.18088,25.82414245670767
2024-11-04 17:10:22,4.200641332676002,1.18,27.80614130216054,4.200325888234974,1.1808,25.880370576175675
2024-11-04 17:10:23,4.200805626656267,1.18,24.9947353287605,4.200365318790071,1.1807200000000002,25.824142456707673
2024-11-04 17:10:23,4.200477038696013,1.18,24.2430730354219,4.200365318790071,1.1806400000000001,25.780259508405805
2024-11-04 17:10:23,4.200477038696013,1.18,24.9947353287605,4.200378462308438,1.1805600000000003,25.737547034097428
2024-11-04 17:10:23,4.200969920636808,1.18,26.437220450515156,4.2004047493452585,1.1804800000000002,25.751777158931
2024-11-04 17:10:24,4.199984156757696,1.179,26.437220450515156,4.200391605826914,1.18036,25.751777158931
2024-11-04 17:10:24,4.20014845073686,1.179,26.437220450515156,4.200385034067735,1.1802800000000002,25.751777158931
2024-11-04 17:10:24,4.200805626656267,1.179,24.9947353287605,4.200411321104513,1.1802000000000001,25.709064684622632
2024-11-04 17:10:24,4.200477038696013,1.179,25.72571420883662,4.200411321104513,1.1801200000000003,25.709064684622625
2024-11-04 17:10:25,4.200477038696013,1.179,25.72571420883662,4.200424464622879,1.1800400000000004,25.72368426222415
2024-11-04 17:10:25,4.200969920636808,1.179,27.13035904417916,4.200450751659699,1.1799600000000003,25.76639673653252
2024-11-04 17:10:25,4.200477038696013,1.179,26.437220450515156,4.200463895178066,1.1798800000000005,25.766396736532524
2024-11-04 17:10:25,4.201134214617624,1.178,26.437220450515156,4.200496753974118,1.1797600000000004,25.78062686136609
2024-11-04 17:10:26,4.200641332676002,1.178,25.72571420883662,4.20052304101085,1.1796400000000002,25.766396736532524
2024-11-04 17:10:26,4.200805626656267,1.178,24.9947353287605,4.20053618452926,1.1795200000000001,25.723684262224147
2024-11-04 17:10:26,4.200805626656267,1.178,26.437220450515156,4.200542756288471,1.1794000000000002,25.723684262224143
2024-11-04 17:10:26,4.200477038696013,1.178,27.13035904417916,4.20054932804766,1.17932,25.79690351060906
2024-11-04 17:10:27,4.200805626656267,1.179,24.2430730354219,4.20055589980687,1.1792799999999999,25.82832019425343
2024-11-04 17:10:27,4.200641332676002,1.179,25.72571420883662,4.200569043325259,1.1792399999999998,25.828320194253436
2024-11-04 17:10:27,4.200641332676002,1.177,24.9947353287605,4.200562471566048,1.1791199999999997,25.891215374423805
2024-11-04 17:10:27,4.200805626656267,1.177,24.9947353287605,4.200569043325259,1.1789999999999994,25.86236567198872
2024-11-04 17:10:28,4.200477038696013,1.177,27.13035904417916,4.200569043325259,1.1788799999999993,25.835662947453034
2024-11-04 17:10:28,4.200805626656267,1.178,24.2430730354219,4.200608473880357,1.1787999999999992,25.777917227277893
2024-11-04 17:10:28,4.200805626656267,1.178,24.9947353287605,4.200634760917133,1.178719999999999,25.708502028433845
2024-11-04 17:10:28,4.200805626656267,1.177,24.9947353287605,4.200654476194732,1.1785999999999992,25.693882450832326
2024-11-04 17:10:29,4.200969920636808,1.177,26.437220450515156,4.200667619713164,1.1784799999999995,25.693882450832326
2024-11-04 17:10:29,4.201134214617624,1.177,25.72571420883662,4.200680763231618,1.1783599999999996,25.70850202843385
2024-11-04 17:10:29,4.201298508598716,1.177,26.437220450515156,4.200713622027726,1.1782399999999997,25.76785850494549
2024-11-04 17:10:29,4.201627096561725,1.177,26.437220450515156,4.200759624342354,1.1781199999999998,25.782088629779064
2024-11-04 17:10:30,4.200969920636808,1.177,27.80614130216054,4.200759624342353,1.1779999999999997,25.823697171645534
2024-11-04 17:10:30,4.200969920636808,1.177,24.9947353287605,4.200799054897517,1.1779199999999996,25.82369717164554
2024-11-04 17:10:30,4.201462802580083,1.177,25.72571420883662,4.200851628971245,1.1778399999999996,25.823697171645534
2024-11-04 17:10:30,4.201134214617624,1.177,25.72571420883662,4.200864772489699,1.1777599999999997,25.823697171645534
2024-11-04 17:10:31,4.200969920636808,1.177,25.72571420883662,4.200884487767331,1.1776799999999996,25.83831674924706
2024-11-04 17:10:31,4.200969920636808,1.177,25.72571420883662,4.2009042030449635,1.1775999999999998,25.838316749247053
2024-11-04 17:10:31,4.201134214617624,1.177,25.72571420883662,4.200910774804196,1.17752,25.810223852540204
2024-11-04 17:10:31,4.200805626656267,1.177,25.72571420883662,4.200923918322605,1.1774399999999998,25.782130955833345
2024-11-04 17:10:32,4.200805626656267,1.177,26.437220450515156,4.200910774804152,1.1773999999999998,25.79636108066692
2024-11-04 17:10:32,4.201627096561725,1.177,24.9947353287605,4.200950205359581,1.17736,25.78174150306539
2024-11-04 17:10:32,4.200805626656267,1.177,25.72571420883662,4.2009502053595815,1.17732,25.76751137823183
2024-11-04 17:10:32,4.201134214617624,1.177,25.72571420883662,4.200963348878036,1.1772799999999999,25.76751137823182
2024-11-04 17:10:33,4.201134214617624,1.177,25.72571420883662,4.200989635914899,1.1772399999999998,25.76751137823182
2024-11-04 17:10:33,4.201298508598716,1.177,26.437220450515156,4.2010093511925986,1.1771599999999998,25.82686785474347
2024-11-04 17:10:33,4.201462802580083,1.177,27.13035904417916,4.2010422099887625,1.1770799999999997,25.884613574918617
2024-11-04 17:10:33,4.201134214617624,1.177,24.2430730354219,4.201061925266427,1.1770799999999997,25.86958032905185
2024-11-04 17:10:34,4.201298508598716,1.177,25.72571420883662,4.201081640544126,1.1770799999999997,25.86958032905185
2024-11-04 17:10:34,4.200969920636808,1.177,24.9947353287605,4.2011013558217565,1.1770799999999997,25.826867854743472
2024-11-04 17:10:34,4.200969920636808,1.177,27.13035904417916,4.201107927580978,1.1770399999999996,25.854960751450324
2024-11-04 17:10:34,4.201462802580083,1.176,25.72571420883662,4.20113421461793,1.1769599999999998,25.84073062661675
2024-11-04 17:10:35,4.201462802580083,1.176,26.437220450515156,4.201160501654884,1.17692,25.84073062661675
2024-11-04 17:10:35,4.201462802580083,1.176,23.469396624933097,4.201180216932616,1.17688,25.753995733072202
2024-11-04 17:10:35,4.201134214617624,1.176,25.72571420883662,4.201180216932616,1.17684,25.76861531067373
2024-11-04 17:10:35,4.201134214617624,1.176,27.13035904417916,4.201173645173371,1.1768000000000003,25.82636103084888
2024-11-04 17:10:36,4.201134214617624,1.176,24.2430730354219,4.201153929895606,1.1767600000000003,25.811327784982105
2024-11-04 17:10:36,4.200969920636808,1.176,25.72571420883662,4.201153929895606,1.1767200000000004,25.79709766014853
2024-11-04 17:10:36,4.200969920636808,1.176,24.9947353287605,4.201153929895606,1.1766800000000004,25.76824795771344
2024-11-04 17:10:36,4.201134214617624,1.176,24.2430730354219,4.201140786377108,1.1766400000000006,25.724365009411578
2024-11-04 17:10:37,4.201134214617624,1.176,25.72571420883662,4.201140786377108,1.1766000000000008,25.738984587013093
2024-11-04 17:10:37,4.201134214617624,1.176,24.9947353287605,4.20114735813634,1.1765600000000007,25.72436500941157
2024-11-04 17:10:37,4.201462802580083,1.176,26.437220450515156,4.20116707341407,1.1765200000000007,25.73859513424514
2024-11-04 17:10:37,4.201462802580083,1.176,25.72571420883662,4.201180216932569,1.1764800000000006,25.710502237538286
2024-11-04 17:10:38,4.201298508598716,1.176,24.9947353287605,4.201199932210268,1.1764400000000006,25.681652535103197
2024-11-04 17:10:38,4.200969920636808,1.176,28.465495270963004,4.201206503969489,1.1764000000000006,25.722218031512153
2024-11-04 17:10:38,4.200969920636808,1.176,24.9947353287605,4.201180216932492,1.1763600000000005,25.70759845391063
2024-11-04 17:10:38,4.201298508598716,1.176,24.9947353287605,4.201199932210191,1.1763200000000005,25.707598453910627
2024-11-04 17:10:39,4.201298508598716,1.176,26.437220450515156,4.201206503969434,1.1762800000000004,25.70759845391063
2024-11-04 17:10:39,4.200969920636808,1.176,24.2430730354219,4.201199932210202,1.1762400000000004,25.649852733735482
2024-11-04 17:10:39,4.201298508598716,1.175,24.9947353287605,4.201199932210203,1.17616,25.66488597960226
2024-11-04 17:10:39,4.201627096561725,1.175,27.13035904417916,4.201206503969469,1.17608,25.692978876309112
2024-11-04 17:10:40,4.201298508598716,1.175,24.2430730354219,4.201213075728711,1.1759999999999997,25.677945630442338
2024-11-04 17:10:40,4.201134214617624,1.175,25.72571420883662,4.201206503969468,1.1759199999999996,25.69256520804386
2024-11-04 17:10:40,4.201298508598716,1.175,26.437220450515156,4.201219647487943,1.1758399999999996,25.67870243617059
2024-11-04 17:10:40,4.201298508598716,1.175,24.9947353287605,4.2012327910064196,1.1757599999999993,25.693735682037353
2024-11-04 17:10:41,4.201462802580083,1.175,27.13035904417916,4.201232791006421,1.175719999999999,25.73644815634573
2024-11-04 17:10:41,4.201462802580083,1.175,27.13035904417916,4.201232791006422,1.175679999999999,25.7791606306541
2024-11-04 17:10:41,4.201627096561725,1.175,24.9947353287605,4.201239362765688,1.1756399999999987,25.750310928219005
2024-11-04 17:10:41,4.201462802580083,1.175,26.437220450515156,4.201252506284187,1.1755999999999984,25.764541053052582
2024-11-04 17:10:42,4.201462802580083,1.175,26.437220450515156,4.201265649802686,1.1755599999999982,25.764541053052582
2024-11-04 17:10:42,4.200969920636808,1.175,26.437220450515156,4.201259078043453,1.1755199999999983,25.76454105305259
2024-11-04 17:10:42,4.201134214617624,1.175,26.437220450515156,4.201265649802686,1.1754799999999985,25.737162636019683
2024-11-04 17:10:42,4.201134214617624,1.175,25.72571420883662,4.2012722215619185,1.1754399999999985,25.7517822136212
2024-11-04 17:10:43,4.200805626656267,1.175,25.72571420883662,4.201259078043463,1.1753999999999987,25.7517822136212
2024-11-04 17:10:43,4.201462802580083,1.175,26.437220450515156,4.201272221561962,1.1753599999999986,25.766012338454765
2024-11-04 17:10:43,4.200969920636808,1.175,25.72571420883662,4.201265649802728,1.1753199999999988,25.766012338454765
2024-11-04 17:10:43,4.201462802580083,1.174,24.9947353287605,4.201265649802728,1.175239999999999,25.751392760853246
2024-11-04 17:10:44,4.201462802580083,1.174,24.9947353287605,4.201265649802728,1.175159999999999,25.736773183251724
2024-11-04 17:10:44,4.200969920636808,1.174,24.2430730354219,4.201252506284251,1.1750799999999992,25.707120359783424
2024-11-04 17:10:44,4.201627096561725,1.174,24.9947353287605,4.201278793321248,1.1749999999999994,25.67827065734833
2024-11-04 17:10:44,4.201134214617624,1.173,27.13035904417916,4.201285365080481,1.1748799999999995,25.72098313165671
2024-11-04 17:10:45,4.201462802580083,1.173,25.72571420883662,4.201291936839737,1.1747599999999998,25.720983131656702
2024-11-04 17:10:45,4.201462802580083,1.173,21.84997632024192,4.201298508598993,1.17464,25.64346837388481
2024-11-04 17:10:45,4.201462802580083,1.173,26.437220450515156,4.201318223876724,1.1745200000000002,25.657698498718382
2024-11-04 17:10:45,4.201462802580083,1.173,26.437220450515156,4.20132479563598,1.1744400000000004,25.657698498718382
2024-11-04 17:10:46,4.201134214617624,1.173,26.437220450515156,4.201305080358214,1.1743600000000005,25.643835726845108
2024-11-04 17:10:46,4.201462802580083,1.173,26.437220450515156,4.201311652117469,1.1742800000000007,25.68771867514697
2024-11-04 17:10:46,4.201627096561725,1.173,24.9947353287605,4.201331367395234,1.1742000000000008,25.67309909754545
2024-11-04 17:10:46,4.201627096561725,1.173,24.9947353287605,4.201344510913754,1.1741200000000007,25.673099097545446
2024-11-04 17:10:47,4.201627096561725,1.173,26.437220450515156,4.201357654432275,1.1740400000000009,25.659236325672172
2024-11-04 17:10:47,4.201627096561725,1.173,25.72571420883662,4.201364226191541,1.1739600000000008,25.659236325672172
2024-11-04 17:10:47,4.201462802580083,1.172,25.72571420883662,4.201364226191542,1.1738400000000007,25.645006200838598
2024-11-04 17:10:47,4.201462802580083,1.172,25.72571420883662,4.201357654432275,1.1737200000000005,25.69013255251667
2024-11-04 17:10:48,4.201462802580083,1.172,25.72571420883662,4.201357654432275,1.1736000000000004,25.690132552516662
2024-11-04 17:10:48,4.201791390543644,1.172,26.437220450515156,4.201370797950818,1.1734800000000003,25.676269780643388
2024-11-04 17:10:48,4.201462802580083,1.172,26.437220450515156,4.201390513228549,1.1733600000000002,25.72015272894525
2024-11-04 17:10:48,4.200805626656267,1.172,26.437220450515156,4.2013773697100945,1.17324,25.734382853778815
2024-11-04 17:10:49,4.201791390543644,1.172,27.13035904417916,4.201403656747134,1.17312,25.777095328087185
2024-11-04 17:10:49,4.201627096561725,1.172,25.72571420883662,4.201436515543352,1.1729999999999996,25.806748151555485
2024-11-04 17:10:49,4.201955684525837,1.172,25.72571420883662,4.201456230821182,1.1728799999999995,25.806748151555485
2024-11-04 17:10:49,4.201627096561725,1.172,26.437220450515156,4.201482517858179,1.1727599999999994,25.835597853990585
2024-11-04 17:10:50,4.201134214617624,1.172,24.9947353287605,4.20146937433968,1.172679999999999,25.8067481515555
2024-11-04 17:10:50,4.202119978508306,1.172,25.72571420883662,4.201495661376808,1.1725999999999992,25.806748151555492
2024-11-04 17:10:50,4.201462802580083,1.172,25.72571420883662,4.201515376654539,1.1725199999999991,25.821367729157018
2024-11-04 17:10:50,4.201462802580083,1.172,26.437220450515156,4.2015088048952745,1.172439999999999,25.780802232748066
2024-11-04 17:10:51,4.201627096561725,1.172,25.72571420883662,4.201528520173039,1.172399999999999,25.79542181034958
2024-11-04 17:10:51,4.201791390543644,1.172,24.9947353287605,4.2015416636915806,1.172359999999999,25.795421810349577
2024-11-04 17:10:51,4.201627096561725,1.172,24.2430730354219,4.201548235450847,1.172319999999999,25.75153886204771
2024-11-04 17:10:51,4.201791390543644,1.171,25.72571420883662,4.201561378969388,1.1722399999999988,25.781191685516006
2024-11-04 17:10:52,4.201791390543644,1.171,27.13035904417916,4.20157452248793,1.172159999999999,25.823904159824373
2024-11-04 17:10:52,4.201627096561725,1.171,24.9947353287605,4.201594237765695,1.1720799999999991,25.781191685516006
2024-11-04 17:10:52,4.201627096561725,1.171,23.469396624933097,4.201600809524961,1.1719999999999993,25.765718157306225
2024-11-04 17:10:52,4.201955684525837,1.171,22.672238853203226,4.201613953043526,1.1719199999999994,25.70464865019356
2024-11-04 17:10:53,4.201627096561725,1.171,24.9947353287605,4.201613953043527,1.1718399999999993,25.675798947758462
2024-11-04 17:10:53,4.201791390543644,1.171,24.9947353287605,4.201620524802802,1.1717599999999997,25.675798947758466
2024-11-04 17:10:53,4.202119978508306,1.171,24.2430730354219,4.201640240080665,1.1716799999999996,25.618053227583328
2024-11-04 17:10:53,4.201791390543644,1.171,25.72571420883662,4.201653383599207,1.1716399999999998,25.589960330876476
2024-11-04 17:10:54,4.202284272491052,1.171,25.72571420883662,4.201686242395645,1.1715999999999998,25.60457990847799
2024-11-04 17:10:54,4.202119978508306,1.171,24.2430730354219,4.2017125294327755,1.17156,25.560696960176134
2024-11-04 17:10:54,4.201627096561725,1.171,25.72571420883662,4.201705957673499,1.17152,25.546466835342564
2024-11-04 17:10:54,4.202284272491052,1.171,27.80614130216054,4.201738816469938,1.1714799999999999,25.573845252375467
2024-11-04 17:10:55,4.201955684525837,1.171,26.437220450515156,4.20178481878472,1.1714399999999998,25.573845252375467
2024-11-04 17:10:55,4.202612860457368,1.171,26.437220450515156,4.2018176775812695,1.1713999999999998,25.588075377209044
2024-11-04 17:10:55,4.202119978508306,1.17,27.13035904417916,4.201837392859132,1.1713199999999997,25.616168273915896
2024-11-04 17:10:55,4.202448566474072,1.17,25.72571420883662,4.2018571081370615,1.1712399999999998,25.601938149082326
2024-11-04 17:10:56,4.201955684525837,1.17,24.9947353287605,4.2018702516556266,1.1711599999999998,25.587318571480797
2024-11-04 17:10:56,4.202448566474072,1.17,25.72571420883662,4.201922825729884,1.1710800000000001,25.601938149082326
2024-11-04 17:10:56,4.202119978508306,1.17,24.9947353287605,4.201922825729884,1.171,25.601938149082322
2024-11-04 17:10:56,4.201955684525837,1.17,24.9947353287605,4.201942541007715,1.1709200000000002,25.616971394949097
2024-11-04 17:10:57,4.201955684525837,1.17,27.13035904417916,4.201962256285544,1.17084,25.659683869257474
2024-11-04 17:10:57,4.201955684525837,1.17,26.437220450515156,4.201975399804109,1.1707600000000002,25.645821097384186
2024-11-04 17:10:57,4.201791390543644,1.17,27.80614130216054,4.201975399804109,1.1706800000000004,25.68742963925066
2024-11-04 17:10:57,4.202284272491052,1.169,26.437220450515156,4.202001686841282,1.1705600000000003,25.77917452185613
2024-11-04 17:10:58,4.202284272491052,1.169,24.9947353287605,4.202021402119178,1.1704800000000002,25.750324819421035
2024-11-04 17:10:58,4.202119978508306,1.169,25.72571420883662,4.202034545637765,1.1704,25.736094694587464
2024-11-04 17:10:58,4.202448566474072,1.169,27.13035904417916,4.202067404434258,1.17032,25.749957466460742
2024-11-04 17:10:58,4.202284272491052,1.169,25.72571420883662,4.202093691471432,1.17024,25.73572734162717
2024-11-04 17:10:59,4.202284272491052,1.169,26.437220450515156,4.20210683499004,1.1701599999999999,25.76457704406227
2024-11-04 17:10:59,4.202284272491052,1.169,25.72571420883662,4.202133122027213,1.1700799999999996,25.779196621663797
2024-11-04 17:10:59,4.202119978508306,1.169,25.72571420883662,4.2021462655457995,1.1699999999999995,25.76496649683022
2024-11-04 17:10:59,4.202284272491052,1.169,26.437220450515156,4.2021528373051105,1.1699199999999994,25.779196621663797
2024-11-04 17:11:00,4.201955684525837,1.169,27.13035904417916,4.202159409064398,1.1698399999999993,25.807289518370638
2024-11-04 17:11:00,4.202284272491052,1.169,25.72571420883662,4.202159409064398,1.1697599999999992,25.807289518370645
2024-11-04 17:11:00,4.202612860457368,1.169,26.437220450515156,4.202179124342361,1.169679999999999,25.821519643204212
2024-11-04 17:11:00,4.202284272491052,1.169,24.9947353287605,4.202205411379535,1.169599999999999,25.792669940769116
2024-11-04 17:11:01,4.202284272491052,1.169,26.437220450515156,4.202205411379535,1.169519999999999,25.79266994076912
2024-11-04 17:11:01,4.202284272491052,1.169,26.437220450515156,4.202218554898144,1.169439999999999,25.79266994076912
2024-11-04 17:11:01,4.202119978508306,1.169,25.72571420883662,4.202198839620181,1.1693599999999988,25.76457704406226
2024-11-04 17:11:01,4.201791390543644,1.169,26.437220450515156,4.202185696101593,1.1693199999999988,25.77880716889584
2024-11-04 17:11:02,4.202448566474072,1.168,27.80614130216054,4.202185696101593,1.1692399999999987,25.82041571076232
2024-11-04 17:11:02,4.202448566474072,1.168,26.437220450515156,4.202205411379522,1.1691599999999989,25.82041571076232
2024-11-04 17:11:02,4.201955684525837,1.168,26.437220450515156,4.202185696101592,1.169079999999999,25.849265413197408
2024-11-04 17:11:02,4.202612860457368,1.168,26.437220450515156,4.2022054113795555,1.1689999999999992,25.863495538030985
2024-11-04 17:11:03,4.202284272491052,1.168,27.13035904417916,4.202218554898163,1.1689199999999993,25.891588434737837
2024-11-04 17:11:03,4.202284272491052,1.168,27.80614130216054,4.202231698416772,1.1688399999999994,25.918966851770744
2024-11-04 17:11:03,4.202119978508306,1.168,25.72571420883662,4.20223827017607,1.1687599999999996,25.918966851770747
2024-11-04 17:11:03,4.202777154440939,1.168,25.72571420883662,4.202277700731963,1.1686799999999995,25.933586429372262
2024-11-04 17:11:04,4.202284272491052,1.168,26.437220450515156,4.202277700731964,1.1686399999999997,25.977469377674133
2024-11-04 17:11:04,4.202612860457368,1.168,27.80614130216054,4.202290844250617,1.1685999999999996,26.019077919540607
2024-11-04 17:11:04,4.202777154440939,1.168,26.437220450515156,4.2023171312879235,1.1685599999999998,26.005215147667332
2024-11-04 17:11:04,4.202612860457368,1.168,26.437220450515156,4.202323703047255,1.16852,26.03406485010242
2024-11-04 17:11:05,4.202284272491052,1.168,27.13035904417916,4.202323703047255,1.1684799999999997,26.10728409848734
2024-11-04 17:11:05,4.202612860457368,1.168,23.469396624933097,4.202336846565908,1.1684399999999997,26.12322725392194
2024-11-04 17:11:05,4.202777154440939,1.167,24.9947353287605,4.202356561843903,1.1683599999999998,26.123227253921936
2024-11-04 17:11:05,4.202119978508306,1.167,27.13035904417916,4.202356561843903,1.16828,26.165939728230306
2024-11-04 17:11:06,4.202284272491052,1.167,26.437220450515156,4.202356561843904,1.1682,26.209822676532177
2024-11-04 17:11:06,4.202777154440939,1.167,27.13035904417916,4.202389420640508,1.16812,26.23791557323903
2024-11-04 17:11:06,4.202284272491052,1.167,27.13035904417916,4.202389420640508,1.16804,26.26600846994588
2024-11-04 17:11:06,4.202284272491052,1.167,27.13035904417916,4.2023762771218545,1.16796,26.323754190121022
2024-11-04 17:11:07,4.202448566474072,1.167,26.437220450515156,4.202382848881174,1.16788,26.337984314954593
2024-11-04 17:11:07,4.202941448424786,1.167,27.80614130216054,4.202409135918523,1.1678000000000002,26.337984314954593
2024-11-04 17:11:07,4.202612860457368,1.167,25.72571420883662,4.202422279437176,1.16772,26.32375419012102
2024-11-04 17:11:07,4.202612860457368,1.167,26.437220450515156,4.202441994715138,1.1676400000000005,26.32375419012102
2024-11-04 17:11:07,4.202119978508306,1.166,26.437220450515156,4.202455138233724,1.1675200000000003,26.309891418247734
2024-11-04 17:11:08,4.202777154440939,1.166,25.72571420883662,4.202468281752399,1.16744,26.309891418247734
2024-11-04 17:11:08,4.202612860457368,1.166,24.9947353287605,4.202474853511732,1.16736,26.30989141824774
2024-11-04 17:11:08,4.202284272491052,1.166,25.72571420883662,4.20248799703034,1.1672799999999999,26.309891418247734
2024-11-04 17:11:08,4.202777154440939,1.166,27.80614130216054,4.2024945687896835,1.1671999999999998,26.36611953771574
2024-11-04 17:11:09,4.2034343303779815,1.166,27.80614130216054,4.2025405711051596,1.1671199999999997,26.422347657183735
2024-11-04 17:11:09,4.203105742408909,1.166,25.72571420883662,4.202573429901876,1.1670399999999996,26.394254760476887
2024-11-04 17:11:09,4.202284272491052,1.166,25.72571420883662,4.202580001661186,1.1669599999999996,26.380024635643313
2024-11-04 17:11:09,4.202612860457368,1.166,24.9947353287605,4.202573429901843,1.1668799999999993,26.32379651617531
2024-11-04 17:11:10,4.202448566474072,1.166,26.437220450515156,4.202580001661162,1.1667999999999992,26.323796516175317
2024-11-04 17:11:10,4.202777154440939,1.166,26.437220450515156,4.202586573420506,1.1667199999999989,26.352646218610406
2024-11-04 17:11:10,4.202777154440939,1.166,29.10927472714519,4.202586573420505,1.166639999999999,26.42031742897658
2024-11-04 17:11:10,4.202612860457368,1.166,27.13035904417916,4.202586573420505,1.166559999999999,26.420317428976578
2024-11-04 17:11:11,4.202612860457368,1.166,29.10927472714519,4.202599716939158,1.1664799999999989,26.487988639342753
2024-11-04 17:11:11,4.202777154440939,1.166,27.13035904417916,4.202606288698502,1.1663999999999988,26.50185141121603
2024-11-04 17:11:11,4.202777154440939,1.166,26.437220450515156,4.202606288698502,1.1663599999999987,26.516081536049604
2024-11-04 17:11:11,4.2034343303779815,1.166,25.72571420883662,4.202658862773288,1.1663199999999987,26.516081536049604
2024-11-04 17:11:12,4.202448566474072,1.166,28.465495270963004,4.202665434532609,1.1662799999999987,26.55664703245856
2024-11-04 17:11:12,4.202777154440939,1.166,28.465495270963004,4.202665434532609,1.1662399999999986,26.583349756994238
2024-11-04 17:11:12,4.203270036393308,1.165,26.437220450515156,4.2027048650887,1.1661599999999988,26.597579881827816
2024-11-04 17:11:12,4.202612860457368,1.165,25.72571420883662,4.202718008607352,1.166079999999999,26.583349756994238
2024-11-04 17:11:13,4.203105742408909,1.165,24.9947353287605,4.202744295644746,1.165999999999999,26.583349756994235
2024-11-04 17:11:13,4.2035986243629315,1.165,24.9947353287605,4.202770582682271,1.1659199999999992,26.55450005455914
2024-11-04 17:11:13,4.203105742408909,1.165,24.9947353287605,4.202790297960333,1.165839999999999,26.525650352124043
2024-11-04 17:11:13,4.2034343303779815,1.165,25.72571420883662,4.202823156757157,1.1657599999999992,26.52565035212405
2024-11-04 17:11:14,4.202941448424786,1.165,25.72571420883662,4.202856015553816,1.1657199999999994,26.511420227290472
2024-11-04 17:11:14,4.203105742408909,1.165,26.437220450515156,4.202869159072535,1.1656799999999994,26.48404181025757
2024-11-04 17:11:14,4.202941448424786,1.164,25.72571420883662,4.202882302591232,1.1655999999999995,26.469811685424002
2024-11-04 17:11:14,4.203105742408909,1.164,24.9947353287605,4.2029151613879465,1.16552,26.440961982988906
2024-11-04 17:11:15,4.203105742408909,1.164,28.465495270963004,4.202928304906665,1.16544,26.481527479397858
2024-11-04 17:11:15,4.202777154440939,1.164,25.72571420883662,4.202902017869183,1.1653600000000002,26.453434582691017
2024-11-04 17:11:15,4.202941448424786,1.164,26.437220450515156,4.202895446109818,1.16528,26.42605616565811
2024-11-04 17:11:15,4.2035986243629315,1.164,25.72571420883662,4.202948020184693,1.1652000000000002,26.4260561656581
2024-11-04 17:11:16,4.203105742408909,1.164,27.13035904417916,4.202967735462755,1.1651200000000004,26.454149062364955
2024-11-04 17:11:16,4.203105742408909,1.164,26.437220450515156,4.202994022500149,1.1650400000000003,26.454149062364948
2024-11-04 17:11:16,4.203105742408909,1.164,26.437220450515156,4.203007166018868,1.1649600000000004,26.426770645332045
2024-11-04 17:11:16,4.203270036393308,1.164,26.437220450515156,4.203026881296963,1.1648800000000004,26.426770645332052
2024-11-04 17:11:17,4.2034343303779815,1.164,24.2430730354219,4.203059740093788,1.1648000000000005,26.38288769703019
2024-11-04 17:11:17,4.203105742408909,1.164,23.469396624933097,4.2030794553718485,1.1647200000000004,26.30966844864526
2024-11-04 17:11:17,4.202941448424786,1.163,24.9947353287605,4.203086027131203,1.1646000000000003,26.340175222721815
2024-11-04 17:11:17,4.203105742408909,1.163,26.437220450515156,4.203099170649922,1.1644800000000002,26.3690249251569
2024-11-04 17:11:18,4.203105742408909,1.164,25.72571420883662,4.2030860271311585,1.1644000000000003,26.34093202845005
2024-11-04 17:11:18,4.203105742408909,1.164,27.80614130216054,4.2031123141685525,1.1643200000000002,26.368310445482958
2024-11-04 17:11:18,4.203762918348157,1.164,28.465495270963004,4.203151744724841,1.1642400000000004,26.395013170018636
2024-11-04 17:11:18,4.203105742408909,1.163,27.13035904417916,4.203145172965465,1.1641600000000003,26.395013170018643
2024-11-04 17:11:19,4.202612860457368,1.163,26.437220450515156,4.203145172965465,1.1640800000000002,26.381150398145355
2024-11-04 17:11:19,4.203105742408909,1.163,26.437220450515156,4.203145172965465,1.1640000000000001,26.381150398145355
2024-11-04 17:11:19,4.203105742408909,1.163,24.9947353287605,4.203125457687305,1.1639199999999998,26.324922278677356
2024-11-04 17:11:19,4.203270036393308,1.162,25.72571420883662,4.203132029446682,1.1637999999999997,26.32492227867736
2024-11-04 17:11:20,4.203270036393308,1.162,25.72571420883662,4.203125457687295,1.1636799999999996,26.310692153843785
2024-11-04 17:11:20,4.203270036393308,1.163,24.9947353287605,4.203138601206036,1.1635999999999995,26.28184245140869
2024-11-04 17:11:20,4.2035986243629315,1.163,24.9947353287605,4.203158316484196,1.1635199999999997,26.267222873807167
2024-11-04 17:11:20,4.2034343303779815,1.163,26.437220450515156,4.203178031762324,1.1634799999999994,26.296072576242267
2024-11-04 17:11:20,4.203270036393308,1.162,24.2430730354219,4.2031846035217,1.1633999999999993,26.266419752773977
2024-11-04 17:11:21,4.202941448424786,1.162,26.437220450515156,4.2031780317623335,1.1633199999999992,26.239041335741067
2024-11-04 17:11:21,4.2035986243629315,1.162,26.437220450515156,4.203210890559213,1.1632399999999992,26.21166291870816
2024-11-04 17:11:21,4.203105742408909,1.162,24.2430730354219,4.2032174623185785,1.1631599999999993,26.18201009523987
2024-11-04 17:11:21,4.2034343303779815,1.162,26.437220450515156,4.20321089055918,1.1630799999999994,26.19624022007343
2024-11-04 17:11:22,4.203105742408909,1.162,25.72571420883662,4.20321089055918,1.1629999999999994,26.21085979767495
2024-11-04 17:11:22,4.202941448424786,1.162,25.72571420883662,4.2032043187998145,1.1629199999999995,26.196629672841382
2024-11-04 17:11:22,4.2035986243629315,1.161,24.2430730354219,4.203224034077974,1.1627999999999994,26.152746724539515
2024-11-04 17:11:22,4.203105742408909,1.161,25.72571420883662,4.203217462318599,1.1626799999999995,26.08507551417334
2024-11-04 17:11:23,4.2034343303779815,1.161,22.672238853203226,4.203217462318599,1.1625599999999998,25.995913110353825
2024-11-04 17:11:23,4.2034343303779815,1.161,26.437220450515156,4.203230605837361,1.16244,25.942472024821218
2024-11-04 17:11:23,4.2034343303779815,1.161,24.9947353287605,4.203250321115489,1.16236,25.89975955051285
2024-11-04 17:11:23,4.2039272123336575,1.161,24.9947353287605,4.203283179912479,1.16228,25.870909848077755
2024-11-04 17:11:24,4.2034343303779815,1.161,27.13035904417916,4.203296323431241,1.16216,25.899002744784607
2024-11-04 17:11:24,4.2034343303779815,1.161,26.437220450515156,4.203309466950004,1.1620400000000002,25.858437248375647
2024-11-04 17:11:24,4.2034343303779815,1.161,25.72571420883662,4.203296323431196,1.1619200000000003,25.80364162713312
2024-11-04 17:11:24,4.2039272123336575,1.161,26.437220450515156,4.2033291822281855,1.1618400000000002,25.80364162713313
2024-11-04 17:11:25,4.204091506319434,1.161,26.437220450515156,4.203388328062668,1.1617600000000003,25.817871751966695
2024-11-04 17:11:25,4.204091506319434,1.161,27.80614130216054,4.203427758619089,1.1616800000000003,25.87409987143469
2024-11-04 17:11:25,4.2034343303779815,1.16,27.13035904417916,4.203440902137852,1.1615600000000001,25.916812345743068
2024-11-04 17:11:25,4.204091506319434,1.16,25.72571420883662,4.203473760934898,1.16148,25.931431923344597
2024-11-04 17:11:26,4.2039272123336575,1.16,26.437220450515156,4.203500047972512,1.1614,25.945662048178175
2024-11-04 17:11:26,4.2035986243629315,1.16,27.13035904417916,4.2035131914912975,1.1612799999999999,25.973754944885027
2024-11-04 17:11:26,4.2035986243629315,1.16,24.9947353287605,4.203513191491298,1.1611599999999997,25.94490524244993
2024-11-04 17:11:26,4.203762918348157,1.16,28.465495270963004,4.203526335010107,1.1610399999999996,25.99970086369245
2024-11-04 17:11:27,4.2035986243629315,1.16,25.72571420883662,4.203539478528892,1.1609599999999995,26.014320441293975
2024-11-04 17:11:27,4.2035986243629315,1.16,27.13035904417916,4.203565765566418,1.1608799999999995,25.9876177167583
2024-11-04 17:11:27,4.203762918348157,1.16,24.9947353287605,4.203572337325826,1.1607999999999992,25.972998139156772
2024-11-04 17:11:27,4.2039272123336575,1.16,24.2430730354219,4.203605196122816,1.160719999999999,25.929115190854905
2024-11-04 17:11:28,4.2039272123336575,1.16,23.469396624933097,4.203624911401045,1.1606399999999988,25.883988839176837
2024-11-04 17:11:28,4.2042558003054875,1.16,24.9947353287605,4.203670913716906,1.1605599999999987,25.841276364868467
2024-11-04 17:11:28,4.203762918348157,1.159,27.13035904417916,4.20370377251384,1.1604399999999988,25.855139136741744
2024-11-04 17:11:28,4.2034343303779815,1.159,24.9947353287605,4.203697200754442,1.160359999999999,25.82628943430665
2024-11-04 17:11:29,4.2035986243629315,1.159,26.437220450515156,4.203716916032603,1.1602799999999989,25.826289434306645
2024-11-04 17:11:29,4.2035986243629315,1.159,25.72571420883662,4.203723487792002,1.160199999999999,25.85594225777494
2024-11-04 17:11:29,4.203762918348157,1.159,24.2430730354219,4.203736631310808,1.160119999999999,25.871415785984713
2024-11-04 17:11:29,4.2042558003054875,1.159,27.80614130216054,4.2037694901079075,1.160039999999999,25.92764390545273
2024-11-04 17:11:30,4.2035986243629315,1.159,27.13035904417916,4.203756346589079,1.159959999999999,25.941506677325997
2024-11-04 17:11:30,4.2042558003054875,1.159,24.2430730354219,4.203789205386178,1.1598799999999991,25.911853853857707
2024-11-04 17:11:30,4.2035986243629315,1.159,23.469396624933097,4.203795777145576,1.1597999999999993,25.82511896031316
2024-11-04 17:11:30,4.204091506319434,1.159,26.437220450515156,4.2038220641832345,1.1597199999999994,25.784553463904203
2024-11-04 17:11:31,4.2035986243629315,1.158,24.9947353287605,4.203808920664406,1.1595999999999997,25.741840989595826
2024-11-04 17:11:31,4.2039272123336575,1.158,25.72571420883662,4.203802348904976,1.1594799999999998,25.727610864762266
2024-11-04 17:11:31,4.204091506319434,1.159,25.72571420883662,4.203802348904975,1.1593999999999998,25.713380739928688
2024-11-04 17:11:31,4.203762918348157,1.159,25.72571420883662,4.203815492423781,1.1593599999999997,25.728000317530203
2024-11-04 17:11:32,4.204091506319434,1.159,24.9947353287605,4.203815492423782,1.1593199999999997,25.713380739928684
2024-11-04 17:11:32,4.204420094291815,1.158,27.13035904417916,4.203835207702109,1.1592399999999996,25.741473636635536
2024-11-04 17:11:32,4.2042558003054875,1.158,25.72571420883662,4.20386149473981,1.1591599999999997,25.756093214237055
2024-11-04 17:11:32,4.204091506319434,1.158,25.72571420883662,4.2038812100180705,1.1590799999999997,25.770712791838577
2024-11-04 17:11:33,4.204584388278419,1.158,24.9947353287605,4.20391406881528,1.1589999999999998,25.74186308940348
2024-11-04 17:11:33,4.204091506319434,1.158,25.72571420883662,4.20393378409354,1.15892,25.77151591287178
2024-11-04 17:11:33,4.204420094291815,1.158,24.9947353287605,4.203966642890694,1.15884,25.74266621043669
2024-11-04 17:11:33,4.2042558003054875,1.157,24.9947353287605,4.2039863581689865,1.1587199999999998,25.713816508001592
2024-11-04 17:11:34,4.2042558003054875,1.157,26.437220450515156,4.203999501687859,1.1585999999999999,25.757699456303463
2024-11-04 17:11:34,4.204748682265299,1.157,25.72571420883662,4.204032360485124,1.15848,25.743469331469896
2024-11-04 17:11:34,4.2042558003054875,1.157,26.437220450515156,4.204032360485124,1.1583599999999998,25.75769945630347
2024-11-04 17:11:34,4.2039272123336575,1.157,27.13035904417916,4.204038932244545,1.1582799999999998,25.785792353010315
2024-11-04 17:11:35,4.2042558003054875,1.157,27.80614130216054,4.204071791041645,1.1581999999999995,25.857053718345092
2024-11-04 17:11:35,4.2039272123336575,1.157,27.80614130216054,4.204084934560475,1.1581199999999994,25.898662260211573
2024-11-04 17:11:35,4.2039272123336575,1.157,24.2430730354219,4.204098078079305,1.158039999999999,25.930078943855943
2024-11-04 17:11:35,4.203762918348157,1.157,26.437220450515156,4.204098078079306,1.157959999999999,25.930078943855943
2024-11-04 17:11:36,4.204420094291815,1.157,26.437220450515156,4.204104649838759,1.1578799999999987,25.95892864629103
2024-11-04 17:11:36,4.2042558003054875,1.157,27.80614130216054,4.204130936876461,1.1577999999999988,26.015156765759038
2024-11-04 17:11:36,4.2042558003054875,1.157,24.9947353287605,4.204130936876461,1.1577199999999988,25.97244429145067
2024-11-04 17:11:36,4.204091506319434,1.156,26.437220450515156,4.204150652154721,1.1575999999999989,25.972444291450664
2024-11-04 17:11:37,4.204420094291815,1.156,28.465495270963004,4.204163795673617,1.1574799999999987,26.027239912693187
2024-11-04 17:11:37,4.2042558003054875,1.156,27.13035904417916,4.204190082711318,1.1573999999999989,26.04110268456647
2024-11-04 17:11:37,4.204091506319434,1.156,26.437220450515156,4.20419665447075,1.1573199999999988,26.041102684566468
2024-11-04 17:11:37,4.204420094291815,1.156,25.72571420883662,4.204209797989644,1.157199999999999,25.999494142699987
2024-11-04 17:11:38,4.204748682265299,1.156,25.72571420883662,4.204249228546328,1.1570799999999988,25.97140124599313
2024-11-04 17:11:38,4.2042558003054875,1.156,26.437220450515156,4.20425580030577,1.156959999999999,25.985631370826706
2024-11-04 17:11:38,4.204091506319434,1.156,24.9947353287605,4.204242656786875,1.1568799999999992,25.95678166839161
2024-11-04 17:11:38,4.204091506319434,1.155,25.72571420883662,4.204236085027433,1.1567599999999993,25.928688771684765
2024-11-04 17:11:39,4.204420094291815,1.155,25.72571420883662,4.204249228546328,1.1566399999999997,25.94330834928628
2024-11-04 17:11:39,4.204420094291815,1.156,25.72571420883662,4.204242656786864,1.1565599999999996,25.88851272804375
2024-11-04 17:11:39,4.2042558003054875,1.156,24.9947353287605,4.204249228546306,1.1564799999999997,25.873893150442232
2024-11-04 17:11:39,4.204420094291815,1.155,25.72571420883662,4.204249228546307,1.1563599999999996,25.845800253735387
2024-11-04 17:11:40,4.204091506319434,1.155,26.437220450515156,4.204242656786865,1.1562799999999998,25.87464995617048
2024-11-04 17:11:40,4.2042558003054875,1.156,27.80614130216054,4.204242656786864,1.1562399999999997,25.945911321505253
2024-11-04 17:11:40,4.204912976252455,1.156,23.469396624933097,4.204249228546351,1.1561999999999997,25.94591132150526
2024-11-04 17:11:40,4.203762918348157,1.156,26.437220450515156,4.204229513268058,1.1561599999999996,25.974761023940346
2024-11-04 17:11:41,4.2042558003054875,1.155,25.72571420883662,4.20424265678693,1.1560799999999996,25.946668127233487
2024-11-04 17:11:41,4.204091506319434,1.155,26.437220450515156,4.204236085027488,1.1559999999999997,25.97551782966859
2024-11-04 17:11:41,4.2042558003054875,1.155,26.437220450515156,4.204249228546362,1.1559199999999998,25.975517829668597
2024-11-04 17:11:41,4.204584388278419,1.155,24.9947353287605,4.204275515584153,1.15584,25.960898252067068
2024-11-04 17:11:42,4.204420094291815,1.155,24.2430730354219,4.2043018026219,1.1557600000000001,25.96089825206707
2024-11-04 17:11:42,4.2039272123336575,1.155,25.72571420883662,4.204282087343574,1.15568,25.91928971020059
2024-11-04 17:11:42,4.2039272123336575,1.155,24.9947353287605,4.204268943824701,1.1556000000000002,25.876577235892213
2024-11-04 17:11:42,4.205077270239886,1.154,24.9947353287605,4.204301802622077,1.15548,25.89161048175899
2024-11-04 17:11:43,4.198341216981209,1.154,26.437220450515156,4.204071791048549,1.1554000000000002,25.950966958270637
2024-11-04 17:11:43,4.204091506319434,1.123,26.437220450515156,4.204058647529654,1.1540799999999998,25.950966958270637
2024-11-04 17:11:43,4.204748682265299,1.123,25.72571420883662,4.204078362808047,1.1527599999999998,25.965586535872152
2024-11-04 17:11:43,4.1978483350536315,1.123,24.9947353287605,4.203828635957414,1.1514399999999996,25.950966958270634
2024-11-04 17:11:44,4.198505510957618,1.15,25.72571420883662,4.203592052624047,1.1511999999999998,25.950966958270627
2024-11-04 17:11:44,4.198834098911264,1.15,26.437220450515156,4.203355469289886,1.1509599999999995,25.965197083104204
2024-11-04 17:11:44,4.198669804934304,1.122,25.72571420883662,4.203132029475039,1.1495999999999995,25.97981666070573
2024-11-04 17:11:44,4.198669804934304,1.122,25.72571420883662,4.202915161419633,1.1482399999999995,25.95172376399887
2024-11-04 17:11:45,4.198669804934304,1.122,24.9947353287605,4.202698293364227,1.1469199999999995,25.93710418639734
2024-11-04 17:11:45,4.198505510957618,1.122,26.437220450515156,4.202461710030859,1.1455999999999997,25.951334311230923
2024-11-04 17:11:45,4.198176923005075,1.122,26.437220450515156,4.20221198317939,1.1442399999999997,25.980184013666012
2024-11-04 17:11:45,4.198998392888499,1.122,26.437220450515156,4.202001686882711,1.14288,25.99441413849958
2024-11-04 17:11:46,4.198834098911264,1.122,23.469396624933097,4.201778247067489,1.1415599999999997,25.963907364423036
2024-11-04 17:11:46,4.198669804934304,1.122,25.72571420883662,4.201561379012084,1.14024,25.978526942024555
2024-11-04 17:11:46,4.198834098911264,1.122,25.72571420883662,4.201344510956315,1.13888,25.964296817190988
2024-11-04 17:11:46,4.198834098911264,1.122,26.437220450515156,4.201101355862668,1.1375199999999999,25.978526942024555
2024-11-04 17:11:47,4.198834098911264,1.122,24.9947353287605,4.200904203085193,1.13616,25.94967723958947
2024-11-04 17:11:47,4.199162686866011,1.122,26.437220450515156,4.200700478547613,1.1348399999999998,25.93581446771619
2024-11-04 17:11:47,4.198505510957618,1.122,27.80614130216054,4.200477038733141,1.1335199999999999,25.93581446771619
2024-11-04 17:11:47,4.198669804934304,1.122,27.13035904417916,4.200253598918293,1.1322,25.922298822556563
2024-11-04 17:11:48,4.198834098911264,1.122,25.72571420883662,4.200023587343607,1.1308799999999999,25.951951646024852
2024-11-04 17:11:48,4.198834098911264,1.122,25.72571420883662,4.199800147528386,1.1295599999999997,25.93772152119128
2024-11-04 17:11:48,4.198834098911264,1.122,27.13035904417916,4.1995964229914895,1.12824,25.951584293064556
2024-11-04 17:11:48,4.198505510957618,1.122,26.437220450515156,4.199379554936449,1.12692,25.924205876031646
2024-11-04 17:11:49,4.198998392888499,1.122,26.437220450515156,4.199136399842393,1.12564,25.953055578466746
2024-11-04 17:11:49,4.199162686866011,1.122,26.437220450515156,4.1991692586377845,1.12436,25.953055578466746
2024-11-04 17:11:49,4.199162686866011,1.122,24.9947353287605,4.198972105859648,1.12432,25.883640379622697
2024-11-04 17:11:49,4.199326980843797,1.122,27.13035904417916,4.1987552378027875,1.12428,25.883640379622694
2024-11-04 17:11:50,4.198834098911264,1.122,27.13035904417916,4.198794668357093,1.12424,25.89750315149597
2024-11-04 17:11:50,4.198834098911264,1.122,27.13035904417916,4.198807811875239,1.12312,25.925596048202824
2024-11-04 17:11:50,4.198998392888499,1.122,25.72571420883662,4.198814383634329,1.122,25.925596048202824
2024-11-04 17:11:50,4.198669804934304,1.122,26.437220450515156,4.198814383634328,1.122,25.925596048202834
2024-11-04 17:11:51,4.198834098911264,1.122,25.72571420883662,4.198820955393407,1.122,25.94021562580435
2024-11-04 17:11:51,4.198834098911264,1.122,24.2430730354219,4.198827527152485,1.122,25.91056280233606
2024-11-04 17:11:51,4.198505510957618,1.122,24.2430730354219,4.198827527152485,1.122,25.88090997886776
2024-11-04 17:11:51,4.199491274821859,1.122,25.72571420883662,4.198880101225157,1.122,25.88090997886776
2024-11-04 17:11:52,4.198998392888499,1.122,24.9947353287605,4.198880101225158,1.122,25.880909978867763
2024-11-04 17:11:52,4.199162686866011,1.122,25.72571420883662,4.1988932447433465,1.122,25.88090997886776
2024-11-04 17:11:52,4.198998392888499,1.122,25.72571420883662,4.1989063882615145,1.122,25.866679854034192
2024-11-04 17:11:52,4.198669804934304,1.122,24.9947353287605,4.198899816502435,1.122,25.810451734566183
2024-11-04 17:11:53,4.198505510957618,1.122,26.437220450515156,4.1988866729842895,1.122,25.869808211077824
2024-11-04 17:11:53,4.198834098911264,1.122,26.437220450515156,4.19888667298429,1.122,25.869808211077824
2024-11-04 17:11:53,4.198998392888499,1.122,26.437220450515156,4.198880101225189,1.122,25.8840383359114
2024-11-04 17:11:53,4.198998392888499,1.122,25.72571420883662,4.198899816502425,1.122,25.869808211077824
2024-11-04 17:11:54,4.199162686866011,1.121,26.437220450515156,4.198919531779692,1.12196,25.869808211077835
2024-11-04 17:11:54,4.198669804934304,1.121,24.2430730354219,4.198912960020614,1.1219200000000003,25.85477496521106
2024-11-04 17:11:54,4.198834098911264,1.121,25.72571420883662,4.198912960020614,1.1218800000000002,25.88442778867935
2024-11-04 17:11:54,4.198998392888499,1.121,24.9947353287605,4.198919531779704,1.1218400000000004,25.86980821107784
2024-11-04 17:11:54,4.198834098911264,1.121,26.437220450515156,4.19893267529785,1.1218000000000006,25.898657913512924
2024-11-04 17:11:55,4.198505510957618,1.121,26.437220450515156,4.198912960020615,1.1217600000000005,25.927507615948024
2024-11-04 17:11:55,4.198998392888499,1.121,26.437220450515156,4.1989063882615145,1.1217200000000007,25.927507615948024
2024-11-04 17:11:55,4.198834098911264,1.121,25.72571420883662,4.198893244743324,1.1216800000000007,25.91327749111445
2024-11-04 17:11:55,4.198998392888499,1.121,23.469396624933097,4.198880101225113,1.1216400000000009,25.86815113943638
2024-11-04 17:11:56,4.198669804934304,1.121,27.13035904417916,4.198873529466034,1.121600000000001,25.910863613744752
2024-11-04 17:11:56,4.198669804934304,1.121,25.72571420883662,4.198866957706955,1.121560000000001,25.910863613744752
2024-11-04 17:11:56,4.198998392888499,1.121,26.437220450515156,4.198866957706956,1.121520000000001,25.910863613744752
2024-11-04 17:11:56,4.198834098911264,1.121,27.13035904417916,4.198873529466034,1.121480000000001,25.938956510451604
2024-11-04 17:11:57,4.198669804934304,1.121,24.9947353287605,4.198866957706955,1.1214400000000007,25.924336932850082
2024-11-04 17:11:57,4.198998392888499,1.121,27.13035904417916,4.198873529466045,1.1214000000000006,25.967049407158452
2024-11-04 17:11:57,4.199326980843797,1.12,23.469396624933097,4.198906388261492,1.1213200000000005,25.907692930646807
2024-11-04 17:11:57,4.198998392888499,1.12,25.72571420883662,4.198886672984157,1.1212400000000002,25.893462805813233
2024-11-04 17:11:58,4.198834098911264,1.12,27.13035904417916,4.198880101225068,1.12116,25.90732557768652
2024-11-04 17:11:58,4.199162686866011,1.121,24.9947353287605,4.198880101225068,1.1211200000000001,25.937832351763074
2024-11-04 17:11:58,4.199162686866011,1.121,24.9947353287605,4.198886672984168,1.12108,25.92321277416154
2024-11-04 17:11:58,4.198834098911264,1.12,24.9947353287605,4.198893244743247,1.121,25.908593196560012
2024-11-04 17:11:59,4.198998392888499,1.12,27.13035904417916,4.198912960020482,1.1209199999999997,25.9224559684333
2024-11-04 17:11:59,4.198998392888499,1.12,26.437220450515156,4.198919531779572,1.1208399999999994,25.951305670868397
2024-11-04 17:11:59,4.199162686866011,1.12,25.72571420883662,4.198926103538671,1.1207599999999993,25.937075546034812
2024-11-04 17:11:59,4.198998392888499,1.12,25.72571420883662,4.198926103538671,1.1206799999999992,25.89546700416834
2024-11-04 17:12:00,4.198998392888499,1.12,26.437220450515156,4.198919531779571,1.120639999999999,25.881604232295057
2024-11-04 17:12:00,4.199162686866011,1.12,24.2430730354219,4.198939247056838,1.1205999999999992,25.851951408826768
2024-11-04 17:12:00,4.198834098911264,1.12,26.437220450515156,4.198939247056839,1.1205599999999993,25.86618153366034
2024-11-04 17:12:00,4.199162686866011,1.12,27.13035904417916,4.19894581881594,1.1205199999999993,25.866181533660335
2024-11-04 17:12:01,4.199162686866011,1.12,27.13035904417916,4.198958962334129,1.120479999999999,25.88004430553362
2024-11-04 17:12:01,4.198998392888499,1.12,27.13035904417916,4.198978677611365,1.120439999999999,25.893907077406897
2024-11-04 17:12:01,4.198834098911264,1.12,25.72571420883662,4.198972105852275,1.1203999999999992,25.879676952573327
2024-11-04 17:12:01,4.199655568800195,1.12,26.437220450515156,4.199004964647831,1.120359999999999,25.908526655008426
2024-11-04 17:12:02,4.198998392888499,1.12,24.9947353287605,4.199004964647832,1.120319999999999,25.86581418070005
2024-11-04 17:12:02,4.199326980843797,1.119,23.469396624933097,4.199031251684212,1.1202399999999992,25.792594932315133
2024-11-04 17:12:02,4.199491274821859,1.119,24.9947353287605,4.199064110479714,1.1201599999999994,25.749882458006756
2024-11-04 17:12:02,4.199162686866011,1.12,26.437220450515156,4.199070682238815,1.1201199999999993,25.764112582840326
2024-11-04 17:12:03,4.199326980843797,1.12,27.80614130216054,4.199090397516115,1.1200799999999993,25.791490999873233
2024-11-04 17:12:03,4.199326980843797,1.12,26.437220450515156,4.199116684552496,1.1200399999999995,25.805721124706807
2024-11-04 17:12:03,4.198998392888499,1.119,26.437220450515156,4.1991166845524965,1.1199599999999996,25.849604073008678
2024-11-04 17:12:03,4.199326980843797,1.119,27.13035904417916,4.1991166845524965,1.1199199999999998,25.907349793183815
2024-11-04 17:12:04,4.199326980843797,1.12,25.72571420883662,4.199129828070708,1.1199199999999996,25.907349793183823
2024-11-04 17:12:04,4.199655568800195,1.12,26.437220450515156,4.1991626868662655,1.1199199999999996,25.93619949561891
2024-11-04 17:12:04,4.199162686866011,1.119,26.437220450515156,4.199162686866265,1.1198399999999997,25.950429620452486
2024-11-04 17:12:04,4.199326980843797,1.119,26.437220450515156,4.199169258625376,1.1197599999999999,25.964659745286063
2024-11-04 17:12:05,4.199326980843797,1.119,25.72571420883662,4.199188973902678,1.1197199999999998,25.97927932288759
2024-11-04 17:12:05,4.198998392888499,1.119,27.80614130216054,4.199188973902678,1.1196799999999998,26.00665773992049
2024-11-04 17:12:05,4.199655568800195,1.119,27.80614130216054,4.199215260939145,1.1196399999999997,26.0340361569534
2024-11-04 17:12:05,4.199326980843797,1.119,26.437220450515156,4.199221832698257,1.1196,26.0340361569534
2024-11-04 17:12:06,4.199326980843797,1.119,24.9947353287605,4.199234976216468,1.11956,26.01941657935187
2024-11-04 17:12:06,4.199326980843797,1.119,26.437220450515156,4.19924811973468,1.11952,26.019416579351873
2024-11-04 17:12:06,4.199655568800195,1.119,26.437220450515156,4.199267835012047,1.11948,26.063299527653736
2024-11-04 17:12:06,4.199162686866011,1.118,26.437220450515156,4.199280978530237,1.1194000000000002,26.0775296524873
2024-11-04 17:12:07,4.198998392888499,1.118,24.9947353287605,4.199274406771138,1.1193200000000003,26.077529652487307
2024-11-04 17:12:07,4.199326980843797,1.118,28.465495270963004,4.199280978530249,1.1192400000000005,26.11809514889626
2024-11-04 17:12:07,4.199491274821859,1.118,27.80614130216054,4.199300693807583,1.1191600000000004,26.145473565929166
2024-11-04 17:12:07,4.199162686866011,1.118,26.437220450515156,4.199313837325772,1.1190800000000005,26.14547356592917
2024-11-04 17:12:08,4.199819862778808,1.118,27.13035904417916,4.199320409084918,1.1190000000000007,26.173566462636014
2024-11-04 17:12:08,4.199819862778808,1.118,26.437220450515156,4.19935326788053,1.1189200000000006,26.232922939147656
2024-11-04 17:12:08,4.199326980843797,1.118,25.72571420883662,4.19935326788053,1.1188800000000005,26.204830042440808
2024-11-04 17:12:08,4.199326980843797,1.118,27.13035904417916,4.199346696121407,1.1188400000000007,26.232922939147652
2024-11-04 17:12:09,4.199491274821859,1.118,25.72571420883662,4.1993598396396425,1.1187600000000009,26.218692814314082
2024-11-04 17:12:09,4.199162686866011,1.118,27.13035904417916,4.1993532678805305,1.1186800000000008,26.218692814314085
2024-11-04 17:12:09,4.199655568800195,1.118,26.437220450515156,4.199366411398786,1.1186000000000007,26.24754251674917
2024-11-04 17:12:09,4.199491274821859,1.118,26.437220450515156,4.19938612667612,1.1185600000000007,26.2336797448759
2024-11-04 17:12:10,4.199491274821859,1.118,24.9947353287605,4.199392698435242,1.1185200000000006,26.264186518952442
2024-11-04 17:12:10,4.199655568800195,1.118,25.72571420883662,4.199405841953498,1.1184400000000005,26.264186518952446
2024-11-04 17:12:10,4.199655568800195,1.118,27.13035904417916,4.199405841953498,1.1183600000000005,26.264186518952453
2024-11-04 17:12:10,4.199819862778808,1.118,27.80614130216054,4.199432128990009,1.1183200000000004,26.32041463842045
2024-11-04 17:12:11,4.199491274821859,1.118,25.72571420883662,4.199438700749131,1.1182800000000004,26.335034216021977
2024-11-04 17:12:11,4.199984156757696,1.118,23.469396624933097,4.199464987785687,1.1182400000000006,26.304527441945435
2024-11-04 17:12:11,4.200312744716299,1.118,25.72571420883662,4.199517561858798,1.1182000000000005,26.276434545238573
2024-11-04 17:12:11,4.199984156757696,1.118,26.437220450515156,4.199530705377097,1.1181600000000005,26.27643454523858
2024-11-04 17:12:12,4.199491274821859,1.118,28.465495270963004,4.199537277136222,1.1181200000000004,26.33123016648111
2024-11-04 17:12:12,4.199819862778808,1.117,26.437220450515156,4.199556992413622,1.1180400000000004,26.345460291314684
2024-11-04 17:12:12,4.199491274821859,1.117,25.72571420883662,4.199563564172744,1.1179600000000003,26.3312301664811
2024-11-04 17:12:12,4.199162686866011,1.117,25.72571420883662,4.1995438488953765,1.11788,26.360882989949395
2024-11-04 17:12:13,4.199819862778808,1.117,26.437220450515156,4.19957013593189,1.1178399999999997,26.360882989949395
2024-11-04 17:12:13,4.199655568800195,1.117,25.72571420883662,4.199596422968358,1.1177999999999997,26.332790093242536
2024-11-04 17:12:13,4.199819862778808,1.117,24.9947353287605,4.199616138245758,1.1177599999999994,26.29007761893417
2024-11-04 17:12:13,4.20014845073686,1.117,27.13035904417916,4.199642425282358,1.1177199999999992,26.290077618934166
2024-11-04 17:12:14,4.199984156757696,1.117,26.437220450515156,4.199675284078025,1.1176799999999991,26.30430774376774
2024-11-04 17:12:14,4.199655568800195,1.117,25.72571420883662,4.19966871231888,1.1176399999999989,26.290077618934166
2024-11-04 17:12:14,4.199984156757696,1.117,26.437220450515156,4.199675284078035,1.1175999999999986,26.318927321369255
2024-11-04 17:12:14,4.199655568800195,1.117,26.437220450515156,4.199688427596291,1.1175599999999986,26.378283797880904
2024-11-04 17:12:15,4.199984156757696,1.117,25.72571420883662,4.199714714632846,1.1175199999999987,26.39290337548242
2024-11-04 17:12:15,4.20014845073686,1.116,27.80614130216054,4.199741001669446,1.1174399999999989,26.420281792515333
2024-11-04 17:12:15,4.200312744716299,1.116,27.13035904417916,4.199787003983458,1.117359999999999,26.406766147355707
2024-11-04 17:12:15,4.199984156757696,1.116,24.9947353287605,4.199800147501758,1.1172799999999992,26.37791644492061
2024-11-04 17:12:16,4.200312744716299,1.116,26.437220450515156,4.199833006297535,1.1171999999999995,26.37791644492062
2024-11-04 17:12:16,4.199655568800195,1.116,26.437220450515156,4.199839578056668,1.1171199999999997,26.364053673047337
2024-11-04 17:12:16,4.199819862778808,1.116,25.72571420883662,4.199846149815813,1.1170399999999996,26.364053673047337
2024-11-04 17:12:16,4.200641332676002,1.116,26.437220450515156,4.199885580370847,1.1169599999999997,26.364053673047337
2024-11-04 17:12:17,4.199984156757696,1.116,26.437220450515156,4.199892152130002,1.1168799999999999,26.364053673047348
2024-11-04 17:12:17,4.199984156757696,1.116,25.72571420883662,4.199911867407436,1.1168,26.349823548213763
2024-11-04 17:12:17,4.199984156757696,1.116,24.9947353287605,4.199911867407436,1.1167200000000002,26.33520397061224
2024-11-04 17:12:17,4.199655568800195,1.116,26.437220450515156,4.1998855803707915,1.1166400000000003,26.30782555357933
2024-11-04 17:12:18,4.20014845073686,1.116,27.13035904417916,4.199892152129959,1.1165600000000002,26.294309908419706
2024-11-04 17:12:18,4.199819862778808,1.116,26.437220450515156,4.199905295648237,1.1164800000000001,26.2943099084197
2024-11-04 17:12:18,4.199819862778808,1.116,24.9947353287605,4.199905295648237,1.11644,26.294309908419706
2024-11-04 17:12:18,4.20014845073686,1.116,27.13035904417916,4.199931582684838,1.1164,26.308172680292984
2024-11-04 17:12:19,4.199984156757696,1.116,25.72571420883662,4.199964441480504,1.11636,26.293942555459406
2024-11-04 17:12:19,4.20014845073686,1.116,25.72571420883662,4.199977584998827,1.11632,26.279712430625832
2024-11-04 17:12:19,4.20014845073686,1.115,25.72571420883662,4.199997300276293,1.11624,26.294332008227357
2024-11-04 17:12:19,4.200312744716299,1.115,25.72571420883662,4.200017015553792,1.11616,26.239536386984827
2024-11-04 17:12:20,4.200312744716299,1.116,25.72571420883662,4.20002358731297,1.11612,26.197927845118347
2024-11-04 17:12:20,4.200312744716299,1.116,24.2430730354219,4.200036730831314,1.11608,26.15404489681648
2024-11-04 17:12:20,4.200312744716299,1.116,27.13035904417916,4.200063017867957,1.11604,26.154044896816487
2024-11-04 17:12:20,4.20014845073686,1.116,25.72571420883662,4.200069589627123,1.1159999999999999,26.13981477198291
2024-11-04 17:12:21,4.200312744716299,1.116,26.437220450515156,4.2000958766637675,1.1159599999999998,26.154044896816487
2024-11-04 17:12:21,4.200312744716299,1.115,25.72571420883662,4.2001090201821105,1.11588,26.125952000109628
2024-11-04 17:12:21,4.200312744716299,1.115,26.437220450515156,4.200115591941287,1.1158400000000002,26.140182124943202
2024-11-04 17:12:21,4.200312744716299,1.115,26.437220450515156,4.200115591941287,1.1158000000000003,26.12631935306993
2024-11-04 17:12:22,4.200477038696013,1.115,25.72571420883662,4.200135307218821,1.1157600000000003,26.112089228236364
2024-11-04 17:12:22,4.20014845073686,1.115,26.437220450515156,4.200128735459644,1.1157200000000003,26.112089228236364
2024-11-04 17:12:22,4.200641332676002,1.115,25.72571420883662,4.200168166014677,1.1156800000000002,26.12670880583789
2024-11-04 17:12:22,4.200641332676002,1.115,26.437220450515156,4.200201024810566,1.1156400000000004,26.140938930671464
2024-11-04 17:12:23,4.200477038696013,1.115,26.437220450515156,4.200194453051367,1.1156000000000004,26.127076158798182
2024-11-04 17:12:23,4.200805626656267,1.115,26.437220450515156,4.200227311847311,1.1155600000000006,26.099697741765276
2024-11-04 17:12:23,4.200477038696013,1.115,24.9947353287605,4.200247027124843,1.1155200000000007,26.085078164163757
2024-11-04 17:12:23,4.200312744716299,1.115,25.72571420883662,4.200260170643188,1.1154800000000007,26.130204515841825
2024-11-04 17:12:24,4.20014845073686,1.114,27.13035904417916,4.200279885920654,1.1154000000000004,26.158297412548677
2024-11-04 17:12:24,4.200641332676002,1.114,26.437220450515156,4.200299601198221,1.1153200000000003,26.158297412548674
2024-11-04 17:12:24,4.200312744716299,1.114,27.13035904417916,4.20031931647572,1.11524,26.131594688012996
2024-11-04 17:12:24,4.200477038696013,1.115,24.9947353287605,4.2003456035124085,1.1152,26.1027449855779
2024-11-04 17:12:25,4.200641332676002,1.115,24.2430730354219,4.200365318789974,1.11516,26.07309216210961
2024-11-04 17:12:25,4.20014845073686,1.115,25.72571420883662,4.200371890549139,1.11512,26.073092162109614
2024-11-04 17:12:25,4.20014845073686,1.115,24.2430730354219,4.200371890549139,1.1150799999999998,26.02920921380774
2024-11-04 17:12:25,4.200312744716299,1.115,24.9947353287605,4.200378462308316,1.1150799999999998,26.01458963620622
2024-11-04 17:12:26,4.200969920636808,1.114,25.72571420883662,4.200404749345136,1.1150399999999996,26.029209213807736
2024-11-04 17:12:26,4.201134214617624,1.114,26.437220450515156,4.200437608141189,1.1149599999999995,26.01534644193446
2024-11-04 17:12:26,4.201134214617624,1.114,27.13035904417916,4.200470466937242,1.1148799999999994,26.02920921380774
2024-11-04 17:12:26,4.200312744716299,1.114,24.9947353287605,4.20047046693724,1.1147999999999996,26.01458963620622
2024-11-04 17:12:27,4.200805626656267,1.114,24.9947353287605,4.200496753974017,1.1147199999999995,25.985739933771125
2024-11-04 17:12:27,4.200312744716299,1.114,25.72571420883662,4.200496753974015,1.1146399999999996,25.97150980893756
2024-11-04 17:12:27,4.200641332676002,1.114,26.437220450515156,4.200509897492404,1.1145999999999994,25.98573993377113
2024-11-04 17:12:27,4.200477038696013,1.114,27.13035904417916,4.2005164692515935,1.114559999999999,25.9722242886115
2024-11-04 17:12:28,4.200805626656267,1.114,24.9947353287605,4.2005361845291915,1.114519999999999,25.929511814303122
2024-11-04 17:12:28,4.200641332676002,1.114,25.72571420883662,4.200542756288392,1.1144799999999988,25.944131391904648
2024-11-04 17:12:28,4.200805626656267,1.113,24.2430730354219,4.200569043325169,1.1143999999999987,25.90024844360278
2024-11-04 17:12:28,4.201134214617624,1.113,26.437220450515156,4.2005887586028345,1.1143199999999986,25.900248443602777
2024-11-04 17:12:29,4.200805626656267,1.113,25.72571420883662,4.200595330362045,1.114239999999999,25.900248443602777
2024-11-04 17:12:29,4.201627096561725,1.113,25.72571420883662,4.200641332676675,1.1141599999999992,25.886018318769203
2024-11-04 17:12:29,4.200969920636808,1.113,24.9947353287605,4.200647904435896,1.1140799999999993,25.857168616334107
2024-11-04 17:12:29,4.200969920636808,1.113,26.437220450515156,4.200667619713528,1.1139999999999994,25.871398741167678
2024-11-04 17:12:30,4.200641332676002,1.112,26.437220450515156,4.200680763231916,1.1138799999999998,25.900248443602766
2024-11-04 17:12:30,4.201134214617624,1.112,24.9947353287605,4.200720193787146,1.1138,25.87139874116768
2024-11-04 17:12:30,4.200969920636808,1.112,24.9947353287605,4.200733337305577,1.11372,25.828686266859304
2024-11-04 17:12:30,4.200477038696013,1.112,24.2430730354219,4.200739909064765,1.1136400000000004,25.784803318557447
2024-11-04 17:12:31,4.200805626656267,1.112,26.437220450515156,4.200753052583175,1.1135200000000005,25.813653020992533
2024-11-04 17:12:31,4.200641332676002,1.112,26.437220450515156,4.200753052583176,1.1134000000000006,25.79979024911925
2024-11-04 17:12:31,4.200805626656267,1.112,26.437220450515156,4.200779339619952,1.1132800000000007,25.814020373952836
2024-11-04 17:12:31,4.200805626656267,1.112,27.13035904417916,4.200805626656728,1.1131600000000008,25.842113270659688
2024-11-04 17:12:32,4.200969920636808,1.112,25.72571420883662,4.200831913693548,1.1130400000000007,25.84211327065969
2024-11-04 17:12:32,4.201298508598716,1.112,24.9947353287605,4.200845057212025,1.1129600000000008,25.827493693058162
2024-11-04 17:12:32,4.200969920636808,1.112,24.9947353287605,4.200838485452793,1.1128800000000008,25.812874115456644
2024-11-04 17:12:32,4.201298508598716,1.112,25.72571420883662,4.200845057212036,1.112800000000001,25.842526938924937
2024-11-04 17:12:33,4.201298508598716,1.112,22.672238853203226,4.2008844877673335,1.1127200000000008,25.753364535105415
2024-11-04 17:12:33,4.200805626656267,1.112,25.72571420883662,4.200884487767333,1.112640000000001,25.75336453510542
2024-11-04 17:12:33,4.201298508598716,1.112,26.437220450515156,4.200923918322629,1.112560000000001,25.75336453510542
2024-11-04 17:12:33,4.201134214617624,1.112,25.72571420883662,4.200943633600293,1.112480000000001,25.753364535105412
2024-11-04 17:12:34,4.201134214617624,1.112,24.9947353287605,4.2009699206371565,1.1124000000000012,25.724514832670323
2024-11-04 17:12:34,4.201134214617624,1.112,26.437220450515156,4.2009830641556105,1.1123200000000013,25.724514832670312
2024-11-04 17:12:34,4.200969920636808,1.112,27.13035904417916,4.200996207674043,1.1122400000000012,25.752607729377175
2024-11-04 17:12:34,4.200969920636808,1.112,26.437220450515156,4.2010027794332645,1.1122000000000012,25.752607729377168
2024-11-04 17:12:35,4.201298508598716,1.111,26.437220450515156,4.201009351192508,1.112120000000001,25.766837854210745
2024-11-04 17:12:35,4.200805626656267,1.111,24.9947353287605,4.201009351192508,1.112040000000001,25.73798815177565
2024-11-04 17:12:35,4.201627096561725,1.111,26.437220450515156,4.20100935119251,1.1119600000000007,25.737988151775642
2024-11-04 17:12:35,4.201134214617624,1.111,27.13035904417916,4.201015922951741,1.1118800000000006,25.75185092364892
2024-11-04 17:12:36,4.200969920636808,1.111,26.437220450515156,4.201015922951741,1.1118000000000003,25.78070062608401
2024-11-04 17:12:36,4.201462802580083,1.111,26.437220450515156,4.201048781747906,1.11176,25.794930750917594
2024-11-04 17:12:36,4.201134214617624,1.111,27.80614130216054,4.201048781747906,1.11172,25.808446396077215
2024-11-04 17:12:36,4.201298508598716,1.111,24.9947353287605,4.201061925266382,1.1116799999999998,25.77959669364213
2024-11-04 17:12:37,4.201134214617624,1.111,25.72571420883662,4.2010882123032465,1.1116399999999995,25.751503796935275
2024-11-04 17:12:37,4.201298508598716,1.11,23.469396624933097,4.201107927580946,1.1115599999999994,25.720997022858725
2024-11-04 17:12:37,4.201627096561725,1.11,26.437220450515156,4.2011473581363745,1.1114799999999994,25.76487997116059
2024-11-04 17:12:37,4.201298508598716,1.11,25.72571420883662,4.201167073414073,1.1113999999999995,25.76487997116059
2024-11-04 17:12:38,4.201955684525837,1.11,26.437220450515156,4.201213075728855,1.1113199999999994,25.80876291946246
2024-11-04 17:12:38,4.201627096561725,1.11,27.80614130216054,4.201239362765852,1.1112399999999996,25.864991038930466
2024-11-04 17:12:38,4.201462802580083,1.111,26.437220450515156,4.201245934525108,1.1111999999999995,25.879221163764033
2024-11-04 17:12:38,4.201462802580083,1.111,27.13035904417916,4.2012656498028385,1.1111599999999995,25.89308393563731
2024-11-04 17:12:39,4.201627096561725,1.111,27.80614130216054,4.201278793321361,1.1111199999999994,25.906599580796943
2024-11-04 17:12:39,4.201462802580083,1.111,25.72571420883662,4.201285365080616,1.1110799999999994,25.92121915839846
2024-11-04 17:12:39,4.201462802580083,1.111,25.72571420883662,4.20131165211757,1.1110399999999994,25.935838735999987
2024-11-04 17:12:39,4.201627096561725,1.111,23.469396624933097,4.201324795636091,1.1109999999999995,25.89071238432192
2024-11-04 17:12:39,4.201627096561725,1.111,26.437220450515156,4.201344510913855,1.1109599999999993,25.890712384321915
2024-11-04 17:12:40,4.201627096561725,1.111,25.72571420883662,4.201364226191619,1.1109199999999992,25.862619487615056
2024-11-04 17:12:40,4.201462802580083,1.111,25.72571420883662,4.201377369710118,1.110879999999999,25.877239065216582
2024-11-04 17:12:40,4.201627096561725,1.111,25.72571420883662,4.2014036567471145,1.110839999999999,25.87723906521657
2024-11-04 17:12:40,4.201462802580083,1.11,24.9947353287605,4.201423372024846,1.1107599999999989,25.892272311083346
2024-11-04 17:12:41,4.202284272491052,1.11,25.72571420883662,4.201462802580539,1.1107199999999988,25.878042186249775
2024-11-04 17:12:41,4.201627096561725,1.11,25.72571420883662,4.201495661376757,1.1106799999999992,25.878042186249775
2024-11-04 17:12:41,4.201955684525837,1.11,25.72571420883662,4.2015088048953215,1.1106399999999992,25.87804218624977
2024-11-04 17:12:41,4.201955684525837,1.11,27.13035904417916,4.20154166369165,1.1105999999999994,25.920754660558146
2024-11-04 17:12:42,4.201134214617624,1.11,24.9947353287605,4.201548235450881,1.1105599999999993,25.89190495812306
2024-11-04 17:12:42,4.202119978508306,1.11,27.80614130216054,4.201574522488009,1.1105199999999995,25.919283375155963
2024-11-04 17:12:42,4.201791390543644,1.11,24.2430730354219,4.20160080952505,1.1104799999999997,25.9042501292892
2024-11-04 17:12:42,4.201791390543644,1.11,27.13035904417916,4.201620524802845,1.1104399999999999,25.946962603597576
2024-11-04 17:12:43,4.201627096561725,1.11,26.437220450515156,4.201640240080609,1.1103999999999998,25.990845551899437
2024-11-04 17:12:43,4.202119978508306,1.11,26.437220450515156,4.201673098876992,1.1104,25.990845551899437
2024-11-04 17:12:43,4.201955684525837,1.11,27.13035904417916,4.2016862423955565,1.1104,26.004708323772725
2024-11-04 17:12:43,4.201791390543644,1.11,29.73826698279845,4.2017059576733535,1.1103999999999998,26.07072925441839
2024-11-04 17:12:44,4.201627096561725,1.11,24.9947353287605,4.201692814154789,1.1103999999999998,26.02801678011002
2024-11-04 17:12:44,4.201791390543644,1.11,26.437220450515156,4.201699385914066,1.1103999999999998,26.042246904943585
2024-11-04 17:12:44,4.201955684525837,1.11,24.9947353287605,4.201719101191896,1.1103599999999998,26.04224690494359
2024-11-04 17:12:44,4.201955684525837,1.11,23.469396624933097,4.201738816469727,1.1103199999999998,26.01174013086704
2024-11-04 17:12:45,4.202284272491052,1.11,26.437220450515156,4.201765103506902,1.1102799999999997,26.025970255700614
2024-11-04 17:12:45,4.202777154440939,1.11,27.13035904417916,4.201817677581336,1.1102399999999997,26.11513265952013
2024-11-04 17:12:45,4.201791390543644,1.11,25.72571420883662,4.201830821099878,1.1101999999999996,26.115132659520132
2024-11-04 17:12:45,4.201462802580083,1.11,26.437220450515156,4.201824249340612,1.1101599999999996,26.115132659520132
2024-11-04 17:12:46,4.202284272491052,1.11,24.9947353287605,4.201850536377785,1.1101199999999996,26.10051308191861
2024-11-04 17:12:46,4.202284272491052,1.11,28.465495270963004,4.20187682341496,1.1100799999999995,26.169928280762655
2024-11-04 17:12:46,4.202284272491052,1.109,26.437220450515156,4.201909682211397,1.1099999999999997,26.16992828076265
2024-11-04 17:12:46,4.201955684525837,1.109,25.72571420883662,4.201922825729963,1.1099199999999998,26.141835384055803
2024-11-04 17:12:47,4.202284272491052,1.109,27.80614130216054,4.201955684526402,1.1098799999999998,26.16921380108871
2024-11-04 17:12:47,4.202119978508306,1.109,27.13035904417916,4.2019491127670925,1.10984,26.183076572961987
2024-11-04 17:12:47,4.202777154440939,1.109,25.72571420883662,4.201995115082261,1.1098000000000001,26.197696150563505
2024-11-04 17:12:47,4.202612860457368,1.109,27.13035904417916,4.202021402119522,1.10976,26.211558922436794
2024-11-04 17:12:48,4.202119978508306,1.109,25.72571420883662,4.202027973878821,1.1097200000000003,26.183466025729942
2024-11-04 17:12:48,4.202448566474072,1.109,27.80614130216054,4.202080547953078,1.1096800000000002,26.210844442762845
2024-11-04 17:12:48,4.202448566474072,1.109,27.13035904417916,4.202093691471708,1.1096400000000004,26.224707214636133
2024-11-04 17:12:48,4.202119978508306,1.109,24.2430730354219,4.202106834990294,1.1096000000000006,26.15344584930136
2024-11-04 17:12:49,4.202284272491052,1.108,25.72571420883662,4.202126550268191,1.1095200000000005,26.168065426902878
2024-11-04 17:12:49,4.202612860457368,1.108,27.80614130216054,4.202165980824017,1.1094400000000002,26.20967396876936
2024-11-04 17:12:49,4.201955684525837,1.109,25.72571420883662,4.202159409064718,1.1094000000000004,26.25480032044742
2024-11-04 17:12:49,4.202119978508306,1.109,27.13035904417916,4.202165980824017,1.1093600000000006,26.268663092320708
2024-11-04 17:12:50,4.202284272491052,1.109,25.72571420883662,4.202185696101912,1.1093200000000005,26.268663092320704
2024-11-04 17:12:50,4.202284272491052,1.108,24.9947353287605,4.202211983139085,1.1092400000000004,26.239813389885608
2024-11-04 17:12:50,4.202119978508306,1.108,27.13035904417916,4.202225126657671,1.1091600000000004,26.22629774472599
2024-11-04 17:12:50,4.202612860457368,1.109,25.72571420883662,4.202251413694934,1.1091200000000003,26.212067619892412
2024-11-04 17:12:51,4.202777154440939,1.109,24.9947353287605,4.202284272491538,1.1090800000000005,26.169355145584035
2024-11-04 17:12:51,4.202612860457368,1.108,24.2430730354219,4.202297416010191,1.1090000000000002,26.098093780249265
2024-11-04 17:12:51,4.202284272491052,1.108,24.9947353287605,4.202277700732195,1.1089200000000001,26.083474202647743
2024-11-04 17:12:51,4.202612860457368,1.108,25.72571420883662,4.202310559528745,1.10884,26.08347420264775
2024-11-04 17:12:52,4.203105742408909,1.107,25.72571420883662,4.202376277121899,1.1087200000000001,26.12860055432582
2024-11-04 17:12:52,4.202448566474072,1.107,26.437220450515156,4.20238284888122,1.1086,26.12860055432582
2024-11-04 17:12:52,4.202777154440939,1.108,25.72571420883662,4.2024025641592155,1.1085199999999997,26.128600554325814
2024-11-04 17:12:52,4.202448566474072,1.108,25.72571420883662,4.202409135918535,1.1084799999999995,26.128600554325814
2024-11-04 17:12:53,4.202612860457368,1.107,25.72571420883662,4.202435422955798,1.1083999999999996,26.12860055432582
2024-11-04 17:12:53,4.202612860457368,1.107,26.437220450515156,4.202448566474449,1.1083199999999997,26.157450256760903
2024-11-04 17:12:53,4.202777154440939,1.108,27.13035904417916,4.202474853511754,1.1082799999999997,26.185543153467755
2024-11-04 17:12:53,4.202777154440939,1.108,25.72571420883662,4.202474853511754,1.1082399999999994,26.185543153467762
2024-11-04 17:12:54,4.202941448424786,1.108,26.437220450515156,4.202487997030451,1.1081999999999994,26.199773278301336
2024-11-04 17:12:54,4.202612860457368,1.107,24.9947353287605,4.202507712308413,1.1081199999999993,26.15706080399296
2024-11-04 17:12:54,4.202284272491052,1.107,25.72571420883662,4.202501140549092,1.1080399999999995,26.171680381594488
2024-11-04 17:12:54,4.202612860457368,1.107,25.72571420883662,4.2025077123084245,1.1079599999999994,26.130071839728007
2024-11-04 17:12:55,4.202777154440939,1.107,26.437220450515156,4.20253399934573,1.1078799999999993,26.173954788029878
2024-11-04 17:12:55,4.202448566474072,1.107,24.9947353287605,4.20254057110505,1.1078399999999995,26.1312423137215
2024-11-04 17:12:55,4.202612860457368,1.107,26.437220450515156,4.20254057110505,1.1077999999999997,26.131242313721504
2024-11-04 17:12:55,4.202777154440939,1.107,26.437220450515156,4.202573429901655,1.1077199999999996,26.131242313721504
2024-11-04 17:12:56,4.202777154440939,1.106,24.9947353287605,4.20259971693896,1.1075999999999995,26.088529839413127
2024-11-04 17:12:56,4.2035986243629315,1.106,27.13035904417916,4.202652291013835,1.1074799999999998,26.03637168064074
2024-11-04 17:12:56,4.202612860457368,1.106,26.437220450515156,4.202665434532488,1.1074,26.065221383075833
2024-11-04 17:12:56,4.202448566474072,1.106,25.72571420883662,4.202678578051118,1.10732,26.050991258242256
2024-11-04 17:12:57,4.202284272491052,1.106,26.437220450515156,4.202665434532466,1.1072000000000002,26.079840960677355
2024-11-04 17:12:57,4.202448566474072,1.107,25.72571420883662,4.20265229101379,1.10712,26.12496731235542
2024-11-04 17:12:57,4.202941448424786,1.107,24.9947353287605,4.202665434532486,1.1070800000000003,26.096117609920334
2024-11-04 17:12:57,4.202612860457368,1.107,25.72571420883662,4.202678578051139,1.10704,26.068024713213482
2024-11-04 17:12:58,4.202777154440939,1.106,24.9947353287605,4.202685149810481,1.1069600000000002,26.05340513561196
2024-11-04 17:12:58,4.202777154440939,1.106,27.13035904417916,4.202672006291763,1.1069200000000001,26.06726790748524
2024-11-04 17:12:58,4.202612860457368,1.106,25.72571420883662,4.202678578051096,1.1068800000000003,26.081887485086753
2024-11-04 17:12:58,4.202612860457368,1.106,26.437220450515156,4.202672006291752,1.1068000000000005,26.0413219886778
2024-11-04 17:12:59,4.202777154440939,1.105,27.80614130216054,4.202685149810427,1.10668,26.068700405710707
2024-11-04 17:12:59,4.203105742408909,1.105,24.9947353287605,4.2027048650884895,1.1066,26.054080828109186
2024-11-04 17:12:59,4.202777154440939,1.105,26.437220450515156,4.202711436847833,1.10652,26.026702411076275
2024-11-04 17:12:59,4.2034343303779815,1.105,26.437220450515156,4.202737723885315,1.1064,26.012839639203
2024-11-04 17:13:00,4.202284272491052,1.105,24.9947353287605,4.202718008607319,1.10628,25.998220061601472
2024-11-04 17:13:00,4.202612860457368,1.105,27.13035904417916,4.202704865088623,1.1061599999999998,25.99822006160148
2024-11-04 17:13:00,4.202941448424786,1.105,26.437220450515156,4.202718008607319,1.1060799999999995,26.012450186435053
2024-11-04 17:13:00,4.202777154440939,1.105,26.437220450515156,4.202737723885315,1.1059999999999992,25.985071769402147
2024-11-04 17:13:01,4.202612860457368,1.105,26.437220450515156,4.202737723885315,1.1059199999999991,25.971208997528866
2024-11-04 17:13:01,4.203105742408909,1.105,26.437220450515156,4.202750867404033,1.1058399999999988,26.015091945830736
2024-11-04 17:13:01,4.202941448424786,1.105,24.2430730354219,4.202770582682061,1.1057599999999987,25.985439122362447
2024-11-04 17:13:01,4.202612860457368,1.105,25.72571420883662,4.202770582682061,1.1056799999999989,25.94383058049597
2024-11-04 17:13:02,4.202777154440939,1.105,24.9947353287605,4.202770582682061,1.1055999999999988,25.92921100289444
2024-11-04 17:13:02,4.203270036393308,1.105,24.9947353287605,4.202790297960156,1.1055599999999988,25.886498528586063
2024-11-04 17:13:02,4.202941448424786,1.104,26.437220450515156,4.202764010922631,1.105479999999999,25.900728653419637
2024-11-04 17:13:02,4.203270036393308,1.104,25.72571420883662,4.202790297960068,1.105399999999999,25.915348231021163
2024-11-04 17:13:03,4.203105742408909,1.104,25.72571420883662,4.202816584997462,1.1053199999999992,25.887255334314304
2024-11-04 17:13:03,4.202612860457368,1.104,25.72571420883662,4.2028297285161145,1.1052399999999991,25.887255334314304
2024-11-04 17:13:03,4.202777154440939,1.104,24.9947353287605,4.20284287203479,1.1051199999999992,25.8872553343143
2024-11-04 17:13:03,4.203105742408909,1.104,25.72571420883662,4.202849443794155,1.1049999999999993,25.91690815778259
2024-11-04 17:13:04,4.203105742408909,1.104,25.72571420883662,4.2028691590722165,1.1048799999999994,25.93152773538411
2024-11-04 17:13:04,4.202941448424786,1.104,25.72571420883662,4.20287573083157,1.1047999999999996,25.93152773538411
2024-11-04 17:13:04,4.202941448424786,1.104,25.72571420883662,4.202882302590923,1.1047199999999997,25.931527735384098
2024-11-04 17:13:04,4.203270036393308,1.104,27.13035904417916,4.202908589628361,1.1046399999999998,25.945390507257386
2024-11-04 17:13:05,4.2034343303779815,1.104,25.72571420883662,4.202941448425185,1.10456,25.94539050725739
2024-11-04 17:13:05,4.203270036393308,1.104,26.437220450515156,4.2029611637032795,1.10452,25.959620632090964
2024-11-04 17:13:05,4.203105742408909,1.104,27.13035904417916,4.2029611637032795,1.1044799999999997,25.987713528797816
2024-11-04 17:13:05,4.203105742408909,1.104,24.9947353287605,4.202974307221998,1.1044399999999996,25.958863826362723
2024-11-04 17:13:06,4.202941448424786,1.104,24.9947353287605,4.20295459194387,1.1043999999999996,25.916151352054342
2024-11-04 17:13:06,4.2035986243629315,1.103,27.13035904417916,4.203007166018745,1.1043199999999997,25.944244248761198
2024-11-04 17:13:06,4.203762918348157,1.103,26.437220450515156,4.203053168334377,1.1042399999999999,25.944244248761205
2024-11-04 17:13:06,4.2034343303779815,1.103,26.437220450515156,4.203072883612505,1.1041599999999998,25.973093951196304
2024-11-04 17:13:06,4.2035986243629315,1.103,26.437220450515156,4.2031057424093845,1.10408,25.98732407602987
2024-11-04 17:13:07,4.2034343303779815,1.103,24.9947353287605,4.203138601206208,1.1039999999999999,25.972704498428353
2024-11-04 17:13:07,4.203105742408909,1.103,25.72571420883662,4.203138601206209,1.10392,25.958474373594782
2024-11-04 17:13:07,4.2034343303779815,1.103,28.465495270963004,4.203158316484337,1.10384,26.027889572438827
2024-11-04 17:13:07,4.203105742408909,1.103,25.72571420883662,4.203178031762398,1.1037600000000003,26.01365944760525
2024-11-04 17:13:08,4.203270036393308,1.103,27.13035904417916,4.203197747040493,1.1036800000000002,26.027522219478538
2024-11-04 17:13:08,4.203762918348157,1.103,25.72571420883662,4.203217462318687,1.1036000000000004,26.042141797080056
2024-11-04 17:13:08,4.2034343303779815,1.103,25.72571420883662,4.203237177596814,1.1035600000000003,26.014048900373208
2024-11-04 17:13:08,4.202777154440939,1.103,25.72571420883662,4.203217462318721,1.1035200000000005,25.999818775539634
2024-11-04 17:13:09,4.203762918348157,1.103,24.9947353287605,4.20324374935629,1.1034800000000005,25.985199197938105
2024-11-04 17:13:09,4.2034343303779815,1.102,25.72571420883662,4.203276608153114,1.1034000000000004,25.970969073104534
2024-11-04 17:13:09,4.203105742408909,1.102,24.9947353287605,4.203289751671834,1.1033200000000003,25.956349495503012
2024-11-04 17:13:09,4.2034343303779815,1.102,26.437220450515156,4.203302895190596,1.1032400000000002,25.9851991979381
2024-11-04 17:13:10,4.2034343303779815,1.102,26.437220450515156,4.203316038709359,1.1031600000000001,25.999429322771675
2024-11-04 17:13:10,4.2035986243629315,1.102,24.2430730354219,4.203342325746886,1.10308,25.984396076904908
2024-11-04 17:13:10,4.2035986243629315,1.102,24.9947353287605,4.203368612784411,1.1029999999999998,25.94168360259653
2024-11-04 17:13:10,4.203762918348157,1.102,25.72571420883662,4.203388328062605,1.1029199999999997,25.94168360259653
2024-11-04 17:13:11,4.2034343303779815,1.102,26.437220450515156,4.203388328062605,1.1028399999999996,25.94168360259654
2024-11-04 17:13:11,4.2034343303779815,1.102,24.9947353287605,4.2033948998219905,1.1027599999999993,25.88545548312853
2024-11-04 17:13:11,4.203270036393308,1.101,26.437220450515156,4.203401471581368,1.1026399999999992,25.914305185563627
2024-11-04 17:13:11,4.203762918348157,1.101,24.9947353287605,4.203427758618938,1.1025199999999993,25.88545548312853
2024-11-04 17:13:12,4.2034343303779815,1.101,26.437220450515156,4.203447473897064,1.1023999999999992,25.885455483128535
2024-11-04 17:13:12,4.2034343303779815,1.101,24.9947353287605,4.203440902137667,1.1023199999999993,25.88545548312853
2024-11-04 17:13:12,4.2039272123336575,1.101,24.9947353287605,4.2034474738970875,1.1022399999999992,25.842743008820154
2024-11-04 17:13:12,4.203105742408909,1.101,25.72571420883662,4.203434330378324,1.1021599999999994,25.828512883986587
2024-11-04 17:13:13,4.203762918348157,1.101,25.72571420883662,4.203440902137733,1.1020799999999995,25.814282759153013
2024-11-04 17:13:13,4.2034343303779815,1.101,25.72571420883662,4.203440902137733,1.1019999999999994,25.800052634319435
2024-11-04 17:13:13,4.2035986243629315,1.101,25.72571420883662,4.203460617415894,1.1019199999999996,25.78582250948586
2024-11-04 17:13:13,4.2035986243629315,1.1,24.9947353287605,4.203467189175293,1.1018,25.800855755352636
2024-11-04 17:13:14,4.203762918348157,1.1,27.80614130216054,4.203493476212863,1.10168,25.842464297219117
2024-11-04 17:13:14,4.2035986243629315,1.1,24.9947353287605,4.203506619731648,1.1015599999999999,25.84246429721912
2024-11-04 17:13:14,4.2035986243629315,1.1,27.13035904417916,4.20350004797224,1.10144,25.88517677152749
2024-11-04 17:13:14,4.203105742408909,1.1,24.9947353287605,4.203486904453478,1.10132,25.856327069092405
2024-11-04 17:13:15,4.203762918348157,1.1,25.72571420883662,4.203526335009767,1.1012000000000002,25.856327069092394
2024-11-04 17:13:15,4.2034343303779815,1.1,25.72571420883662,4.203513191490958,1.1010800000000003,25.856327069092394
2024-11-04 17:13:15,4.203762918348157,1.1,25.72571420883662,4.203526335009766,1.1010000000000002,25.856327069092405
2024-11-04 17:13:15,4.203762918348157,1.1,26.437220450515156,4.203552622047336,1.1009200000000003,25.885176771527494
2024-11-04 17:13:16,4.2039272123336575,1.1,27.80614130216054,4.2035723373255625,1.1008400000000003,25.926785313393975
2024-11-04 17:13:16,4.204091506319434,1.1,26.437220450515156,4.20359862436322,1.1007600000000004,25.941015438227552
2024-11-04 17:13:16,4.2039272123336575,1.1,24.2430730354219,4.203611767882049,1.1006800000000003,25.91136261475926
2024-11-04 17:13:16,4.203762918348157,1.099,26.437220450515156,4.203618339641457,1.1005600000000002,25.92559273959283
2024-11-04 17:13:17,4.204420094291815,1.099,26.437220450515156,4.203644626679203,1.10044,25.91172996771955
2024-11-04 17:13:17,4.204091506319434,1.099,26.437220450515156,4.20367091371686,1.1003200000000002,25.925960092553122
2024-11-04 17:13:17,4.2042558003054875,1.099,26.437220450515156,4.20370377251396,1.1002,25.925960092553122
2024-11-04 17:13:17,4.204584388278419,1.099,26.437220450515156,4.203756346589365,1.1001199999999998,25.912097320679848
2024-11-04 17:13:18,4.204091506319434,1.099,26.437220450515156,4.203769490108216,1.1000399999999997,25.94094702311494
2024-11-04 17:13:18,4.2039272123336575,1.099,26.437220450515156,4.203789205386443,1.0999599999999996,25.96979672555004
2024-11-04 17:13:18,4.2042558003054875,1.099,25.72571420883662,4.2038220641835435,1.0998799999999995,25.941703828843185
2024-11-04 17:13:18,4.204420094291815,1.099,26.437220450515156,4.203841779461869,1.0997999999999992,25.941703828843185
2024-11-04 17:13:19,4.2042558003054875,1.099,25.72571420883662,4.203887781777731,1.099719999999999,25.927473704009618
2024-11-04 17:13:19,4.204091506319434,1.099,27.13035904417916,4.203900925296582,1.099639999999999,25.941336475882895
2024-11-04 17:13:19,4.2035986243629315,1.099,26.437220450515156,4.20390749705598,1.099559999999999,25.97018617831798
2024-11-04 17:13:19,4.204091506319434,1.098,26.437220450515156,4.20392721233424,1.0994399999999989,25.984416303151555
2024-11-04 17:13:20,4.203762918348157,1.098,27.13035904417916,4.20393378409365,1.099359999999999,25.95771357861587
2024-11-04 17:13:20,4.2042558003054875,1.098,27.13035904417916,4.203953499371943,1.099279999999999,25.985806475322725
2024-11-04 17:13:20,4.2035986243629315,1.098,24.9947353287605,4.203953499371943,1.099199999999999,25.943094001014348
2024-11-04 17:13:20,4.2035986243629315,1.098,27.80614130216054,4.203953499371943,1.099119999999999,25.984702542880818
2024-11-04 17:13:21,4.204091506319434,1.098,26.437220450515156,4.203992929928365,1.0990399999999991,25.99893266771439
2024-11-04 17:13:21,4.2042558003054875,1.098,25.72571420883662,4.2040126452066575,1.0989599999999993,25.99893266771439
2024-11-04 17:13:21,4.204091506319434,1.097,25.72571420883662,4.204038932244316,1.0988399999999994,26.013552245315914
2024-11-04 17:13:21,4.204091506319434,1.097,27.13035904417916,4.204052075763167,1.0987199999999997,26.041645142022766
2024-11-04 17:13:22,4.204584388278419,1.097,25.72571420883662,4.2040849345603775,1.0985999999999998,26.056264719624288
2024-11-04 17:13:22,4.2039272123336575,1.098,24.9947353287605,4.2040849345603775,1.09852,26.027415017189192
2024-11-04 17:13:22,4.204420094291815,1.098,26.437220450515156,4.204098078079273,1.0984399999999999,26.027415017189195
2024-11-04 17:13:22,4.2042558003054875,1.097,25.72571420883662,4.204111221598145,1.09832,26.05706784065748
2024-11-04 17:13:23,4.204420094291815,1.097,25.72571420883662,4.204137508635891,1.0982399999999999,26.071687418259007
2024-11-04 17:13:23,4.204584388278419,1.097,27.13035904417916,4.204144080395355,1.09816,26.09978031496586
2024-11-04 17:13:23,4.204748682265299,1.097,27.80614130216054,4.204170367433189,1.0980800000000002,26.127158731998765
2024-11-04 17:13:23,4.2042558003054875,1.097,27.80614130216054,4.204170367433189,1.098,26.18338685146677
2024-11-04 17:13:24,4.204091506319434,1.097,27.13035904417916,4.20415065215483,1.0979200000000002,26.19724962334005
2024-11-04 17:13:24,4.2039272123336575,1.097,25.72571420883662,4.204144080395399,1.0978400000000001,26.211869200941564
2024-11-04 17:13:24,4.204091506319434,1.097,27.13035904417916,4.20415065215483,1.0977600000000003,26.225731972814852
2024-11-04 17:13:24,4.204091506319434,1.097,24.9947353287605,4.204144080395388,1.0976800000000007,26.225731972814856
2024-11-04 17:13:25,4.204420094291815,1.097,24.9947353287605,4.204144080395388,1.0976000000000006,26.225731972814852
2024-11-04 17:13:25,4.2042558003054875,1.096,27.80614130216054,4.2041440803953884,1.0974800000000007,26.267340514681333
2024-11-04 17:13:25,4.204091506319434,1.096,25.72571420883662,4.2041440803953884,1.0973600000000008,26.267340514681337
2024-11-04 17:13:25,4.204420094291815,1.096,25.72571420883662,4.204176939192544,1.097240000000001,26.267340514681337
2024-11-04 17:13:26,4.2042558003054875,1.096,24.9947353287605,4.204183510951986,1.097160000000001,26.252720937079815
2024-11-04 17:13:26,4.204420094291815,1.096,24.2430730354219,4.204209797989733,1.0970800000000012,26.23768769121304
2024-11-04 17:13:26,4.2042558003054875,1.096,26.437220450515156,4.204209797989732,1.0970000000000013,26.210309274180137
2024-11-04 17:13:26,4.204748682265299,1.096,26.437220450515156,4.204255800305826,1.0969200000000014,26.239158976615226
2024-11-04 17:13:27,4.2042558003054875,1.095,26.437220450515156,4.204282087343527,1.0968000000000016,26.22529620474195
2024-11-04 17:13:27,4.204912976252455,1.095,26.437220450515156,4.2043149461408476,1.0966800000000012,26.254145907177044
2024-11-04 17:13:27,4.204584388278419,1.096,27.13035904417916,4.204328089659765,1.0966000000000014,26.282238803883896
2024-11-04 17:13:27,4.204091506319434,1.096,26.437220450515156,4.204328089659765,1.096560000000001,26.296468928717466
2024-11-04 17:13:28,4.204584388278419,1.096,27.13035904417916,4.204347804938124,1.0965200000000013,26.324561825424322
2024-11-04 17:13:28,4.204584388278419,1.096,28.465495270963004,4.204347804938126,1.096480000000001,26.365127321833274
2024-11-04 17:13:28,4.205077270239886,1.096,27.13035904417916,4.204393807254376,1.0964000000000014,26.351611676673645
2024-11-04 17:13:28,4.198341216981209,1.095,28.465495270963004,4.204150652161953,1.096280000000001,26.3921771730826
2024-11-04 17:13:29,4.204748682265299,1.095,26.437220450515156,4.204170367440345,1.0962000000000005,26.43606012138447
2024-11-04 17:13:29,4.204091506319434,1.095,26.437220450515156,4.204157223921451,1.0961200000000004,26.43606012138447
2024-11-04 17:13:29,4.204584388278419,1.095,29.73826698279845,4.204157223921451,1.0960400000000003,26.502081052030135
2024-11-04 17:13:29,4.2042558003054875,1.095,27.13035904417916,4.204137508643059,1.0959600000000003,26.515943823903413
2024-11-04 17:13:30,4.204420094291815,1.095,26.437220450515156,4.204144080402511,1.0958800000000002,26.51594382390341
2024-11-04 17:13:30,4.204748682265299,1.095,27.80614130216054,4.204170367440345,1.0958,26.543322240936313
2024-11-04 17:13:30,4.204420094291815,1.094,26.437220450515156,4.204190082718671,1.0956799999999998,26.543322240936323
2024-11-04 17:13:30,4.204748682265299,1.094,24.9947353287605,4.204216369756505,1.0955599999999999,26.514472538501217
2024-11-04 17:13:31,4.204420094291815,1.094,25.72571420883662,4.2042295132754,1.0954399999999997,26.51447253850123
2024-11-04 17:13:31,4.204584388278419,1.094,26.437220450515156,4.2042360850348635,1.0953199999999998,26.51447253850123
2024-11-04 17:13:31,4.204912976252455,1.094,26.437220450515156,4.204262372072742,1.09524,26.52870266333481
2024-11-04 17:13:31,4.204584388278419,1.093,24.9947353287605,4.204282087351101,1.09512,26.485990189026428
2024-11-04 17:13:32,4.203762918348157,1.093,25.72571420883662,4.204255800313356,1.0950000000000002,26.471760064192857
2024-11-04 17:13:32,4.203762918348157,1.091,27.13035904417916,4.204236085035063,1.0948000000000002,26.485622836066145
2024-11-04 17:13:32,4.2039272123336575,1.091,24.2430730354219,4.204216369756738,1.0946000000000005,26.427877115890997
2024-11-04 17:13:32,4.202941448424786,1.088,27.80614130216054,4.20416379568151,1.0942800000000004,26.44139276105063
2024-11-04 17:13:33,4.2034343303779815,1.088,27.80614130216054,4.204111221606017,1.09396,26.497620880518625
2024-11-04 17:13:33,4.2034343303779815,1.088,26.437220450515156,4.204078362808917,1.0936800000000004,26.470242463485718
2024-11-04 17:13:33,4.203105742408909,1.087,27.80614130216054,4.204006073455177,1.0933600000000008,26.497620880518625
2024-11-04 17:13:33,4.203270036393308,1.087,27.80614130216054,4.203953499379773,1.0930000000000006,26.539229422385105
2024-11-04 17:13:34,4.202777154440939,1.086,24.9947353287605,4.203900925304634,1.0926000000000007,26.524609844783576
2024-11-04 17:13:34,4.203105742408909,1.086,27.13035904417916,4.203841779469854,1.0922000000000005,26.524609844783573
2024-11-04 17:13:34,4.2035986243629315,1.086,24.9947353287605,4.203802348913234,1.0918000000000005,26.509990267182044
2024-11-04 17:13:34,4.2035986243629315,1.085,28.465495270963004,4.203743203078156,1.0913600000000006,26.579405466026095
2024-11-04 17:13:35,4.2035986243629315,1.085,25.72571420883662,4.203953499373425,1.0909600000000004,26.565175341192525
2024-11-04 17:13:35,4.202777154440939,1.086,27.13035904417916,4.203874638260451,1.0906000000000002,26.59326823789938
2024-11-04 17:13:35,4.203762918348157,1.086,24.9947353287605,4.2038614947416,1.09024,26.57864866029786
2024-11-04 17:13:35,4.203270036393308,1.086,24.9947353287605,4.203808920666197,1.0898800000000002,26.53593618598948
2024-11-04 17:13:36,4.2035986243629315,1.086,25.72571420883662,4.203782633628495,1.08952,26.494327644123004
2024-11-04 17:13:36,4.2035986243629315,1.086,26.437220450515156,4.203749774831339,1.08916,26.466949227090097
2024-11-04 17:13:36,4.2034343303779815,1.085,25.72571420883662,4.203697200755845,1.0887599999999997,26.43885633038325
2024-11-04 17:13:36,4.2034343303779815,1.085,27.13035904417916,4.203657770199291,1.0883999999999998,26.466949227090094
2024-11-04 17:13:37,4.2034343303779815,1.085,25.72571420883662,4.203605196123798,1.0880399999999997,26.43885633038325
2024-11-04 17:13:37,4.2034343303779815,1.085,24.2430730354219,4.203565765567243,1.0876799999999998,26.423823084516474
2024-11-04 17:13:37,4.203270036393308,1.085,25.72571420883662,4.203513191491838,1.0873199999999998,26.438442662118003
2024-11-04 17:13:37,4.203762918348157,1.085,26.437220450515156,4.203467189175666,1.08696,26.4110642450851
2024-11-04 17:13:38,4.204420094291815,1.085,27.13035904417916,4.2034606174162015,1.0866399999999998,26.43915714179194
2024-11-04 17:13:38,4.2034343303779815,1.085,26.437220450515156,4.203447473897393,1.08632,26.453387266625523
2024-11-04 17:13:38,4.2035986243629315,1.085,27.13035904417916,4.203440902137984,1.08608,26.496099740933882
2024-11-04 17:13:38,4.2039272123336575,1.085,27.13035904417916,4.203440902137984,1.0858400000000001,26.55384546110903
2024-11-04 17:13:39,4.2035986243629315,1.085,28.465495270963004,4.2034671891755115,1.0857200000000002,26.594410957517983
2024-11-04 17:13:39,4.2042558003054875,1.085,27.80614130216054,4.203500047972612,1.0856000000000001,26.6217893745509
2024-11-04 17:13:39,4.2035986243629315,1.085,27.80614130216054,4.2035066197320115,1.0854800000000002,26.649167791583803
2024-11-04 17:13:39,4.2039272123336575,1.085,25.72571420883662,4.2035394785290014,1.0854000000000004,26.63493766675023
2024-11-04 17:13:40,4.2034343303779815,1.084,26.437220450515156,4.203546050288388,1.0852800000000005,26.621074894876948
2024-11-04 17:13:40,4.203762918348157,1.084,26.437220450515156,4.203585480844677,1.0852000000000006,26.621074894876948
2024-11-04 17:13:40,4.203762918348157,1.085,27.13035904417916,4.203611767882248,1.0851600000000008,26.62107489487695
2024-11-04 17:13:40,4.2035986243629315,1.085,23.469396624933097,4.203611767882248,1.0851200000000008,26.521152921956354
2024-11-04 17:13:41,4.203762918348157,1.085,27.80614130216054,4.203618339641657,1.0851200000000008,26.53466856711598
2024-11-04 17:13:41,4.203762918348157,1.085,27.13035904417916,4.203624911401065,1.0851200000000008,26.5079658425803
2024-11-04 17:13:41,4.2039272123336575,1.085,27.13035904417916,4.203670913716774,1.0850800000000007,26.52182861445358
2024-11-04 17:13:41,4.204091506319434,1.085,26.437220450515156,4.203684057235625,1.085040000000001,26.52182861445359
2024-11-04 17:13:42,4.203762918348157,1.085,25.72571420883662,4.203703772513818,1.0850000000000009,26.44157755897435
2024-11-04 17:13:42,4.2039272123336575,1.085,26.437220450515156,4.203716916032647,1.0849600000000008,26.427714787101078
2024-11-04 17:13:42,4.203762918348157,1.085,27.13035904417916,4.203723487792057,1.0849200000000008,26.441577558974355
2024-11-04 17:13:42,4.2034343303779815,1.085,25.72571420883662,4.203723487792056,1.0849200000000006,26.399969017107868
2024-11-04 17:13:43,4.2039272123336575,1.084,25.72571420883662,4.203743203070284,1.0848800000000007,26.385738892274304
2024-11-04 17:13:43,4.203762918348157,1.084,26.437220450515156,4.203756346589091,1.0848400000000007,26.414588594709393
2024-11-04 17:13:43,4.204091506319434,1.085,23.469396624933097,4.203782633626749,1.0848400000000007,26.369462243031325
2024-11-04 17:13:43,4.2042558003054875,1.085,24.2430730354219,4.203822064183235,1.0848400000000007,26.325579294729458
2024-11-04 17:13:44,4.203762918348157,1.084,25.72571420883662,4.203822064183236,1.0848000000000009,26.311349169895884
2024-11-04 17:13:44,4.2039272123336575,1.084,25.72571420883662,4.20380234890491,1.084760000000001,26.32596874749741
2024-11-04 17:13:44,4.2035986243629315,1.084,25.72571420883662,4.203808920664308,1.084720000000001,26.32596874749741
2024-11-04 17:13:44,4.2042558003054875,1.084,24.9947353287605,4.203835207702008,1.0846800000000012,26.283256273189032
2024-11-04 17:13:45,4.204091506319434,1.084,27.13035904417916,4.203841779461439,1.0846400000000012,26.34100199336417
2024-11-04 17:13:45,4.2042558003054875,1.084,24.2430730354219,4.203868066499141,1.0846000000000013,26.2697406280294
2024-11-04 17:13:45,4.204091506319434,1.084,24.9947353287605,4.203861494739699,1.0845600000000015,26.213512508561397
2024-11-04 17:13:45,4.204748682265299,1.084,24.9947353287605,4.203907497055793,1.0845200000000015,26.1846628061263
2024-11-04 17:13:45,4.204091506319434,1.084,24.2430730354219,4.203914068815225,1.0844800000000014,26.11340144079153
2024-11-04 17:13:46,4.204091506319434,1.084,24.2430730354219,4.2039403558528825,1.0844800000000014,26.042140075456768
2024-11-04 17:13:46,4.204584388278419,1.084,27.13035904417916,4.203973214650094,1.0844800000000014,26.084852549765138
2024-11-04 17:13:46,4.2039272123336575,1.084,26.437220450515156,4.203979786409513,1.0844400000000014,26.070989777891864
2024-11-04 17:13:46,4.2042558003054875,1.084,26.437220450515156,4.204006073447214,1.0844000000000014,26.099839480326956
2024-11-04 17:13:47,4.204420094291815,1.084,26.437220450515156,4.204032360484961,1.0843600000000013,26.059273983918
2024-11-04 17:13:47,4.204091506319434,1.084,26.437220450515156,4.204045504003812,1.0843200000000013,26.073504108751578
2024-11-04 17:13:47,4.2035986243629315,1.084,26.437220450515156,4.204032360484984,1.0842800000000012,26.059641336878293
2024-11-04 17:13:47,4.2042558003054875,1.084,24.2430730354219,4.204038932244425,1.0842400000000012,26.04460809101153
2024-11-04 17:13:48,4.204420094291815,1.084,26.437220450515156,4.204065219282172,1.0842000000000012,26.073457793446615
2024-11-04 17:13:48,4.2042558003054875,1.083,23.469396624933097,4.204078362801044,1.084120000000001,26.028331441768547
2024-11-04 17:13:48,4.204091506319434,1.083,25.72571420883662,4.204091506319895,1.0840400000000008,26.014101316934976
2024-11-04 17:13:48,4.2042558003054875,1.083,27.80614130216054,4.2041243651169955,1.0839600000000005,26.055709858801457
2024-11-04 17:13:49,4.204584388278419,1.083,25.72571420883662,4.204150652154786,1.0839200000000004,26.027616962094598
2024-11-04 17:13:49,4.204584388278419,1.083,24.9947353287605,4.204183510951996,1.0838800000000002,26.01299738449308
2024-11-04 17:13:49,4.2042558003054875,1.083,27.80614130216054,4.204190082711438,1.0837999999999999,26.084258749827846
2024-11-04 17:13:49,4.203762918348157,1.082,24.2430730354219,4.204170367433146,1.08368,26.054605926359546
2024-11-04 17:13:50,4.2042558003054875,1.082,25.72571420883662,4.204190082711438,1.0836,26.04037580152598
2024-11-04 17:13:50,4.204420094291815,1.082,24.9947353287605,4.204209797989765,1.0835199999999998,25.9976633272176
2024-11-04 17:13:50,4.204584388278419,1.083,26.437220450515156,4.204249228546384,1.0834799999999996,25.997663327217605
2024-11-04 17:13:50,4.204091506319434,1.083,26.437220450515156,4.204242656786943,1.0834399999999995,25.983800555344324
2024-11-04 17:13:51,4.204420094291815,1.083,27.13035904417916,4.2042558003058375,1.0833999999999995,25.983800555344327
2024-11-04 17:13:51,4.2042558003054875,1.082,23.469396624933097,4.2042558003058375,1.0833199999999996,25.88387858242373
2024-11-04 17:13:51,4.2042558003054875,1.082,26.437220450515156,4.20426237206528,1.0832399999999995,25.856500165390816
2024-11-04 17:13:51,4.2042558003054875,1.082,25.72571420883662,4.204242656786887,1.0831599999999997,25.814891623524346
2024-11-04 17:13:52,4.204091506319434,1.082,24.9947353287605,4.204242656786887,1.0830799999999996,25.800272045922824
2024-11-04 17:13:52,4.203762918348157,1.08,27.13035904417916,4.204229513268036,1.0829199999999994,25.814134817796102
2024-11-04 17:13:52,4.204091506319434,1.08,26.437220450515156,4.2042097979896775,1.0827599999999995,25.814134817796102
2024-11-04 17:13:52,4.203762918348157,1.08,23.469396624933097,4.204203226230257,1.0825999999999996,25.740915569411186
2024-11-04 17:13:53,4.203762918348157,1.079,28.465495270963004,4.204183510951965,1.0823999999999996,25.84083754233178
2024-11-04 17:13:53,4.2042558003054875,1.079,22.672238853203226,4.204176939192511,1.0821999999999996,25.738159493352633
2024-11-04 17:13:53,4.204091506319434,1.079,25.72571420883662,4.204176939192512,1.0819999999999999,25.710066596645774
2024-11-04 17:13:53,4.2039272123336575,1.079,27.13035904417916,4.204190082711341,1.0817999999999999,25.710066596645778
2024-11-04 17:13:54,4.203762918348157,1.079,26.437220450515156,4.204170367433049,1.0816,25.710066596645774
2024-11-04 17:13:54,4.2035986243629315,1.079,24.9947353287605,4.2041375086358945,1.0814,25.695447019044256
2024-11-04 17:13:54,4.2039272123336575,1.079,26.437220450515156,4.204124365117021,1.08124,25.69544701904424
2024-11-04 17:13:54,4.204091506319434,1.079,25.72571420883662,4.204124365117021,1.08108,25.667354122337393
2024-11-04 17:13:55,4.204091506319434,1.079,25.72571420883662,4.204117793357579,1.08092,25.667354122337393
2024-11-04 17:13:55,4.2035986243629315,1.079,27.13035904417916,4.204078362800959,1.0807600000000002,25.695447019044245
2024-11-04 17:13:55,4.2035986243629315,1.08,24.2430730354219,4.20403893224434,1.08064,25.651564070742378
2024-11-04 17:13:55,4.204420094291815,1.08,23.469396624933097,4.204045504003793,1.0805200000000001,25.651564070742385
2024-11-04 17:13:56,4.2039272123336575,1.079,25.72571420883662,4.204052075763213,1.0804,25.681216894210674
2024-11-04 17:13:56,4.2039272123336575,1.079,25.72571420883662,4.204038932244341,1.0802800000000001,25.681216894210685
2024-11-04 17:13:56,4.203762918348157,1.079,26.437220450515156,4.2040126452065945,1.0801600000000002,25.69544701904425
2024-11-04 17:13:56,4.2039272123336575,1.079,27.80614130216054,4.2039863581688035,1.08,25.73705556091073
2024-11-04 17:13:57,4.204091506319434,1.079,26.437220450515156,4.203986358168803,1.0798400000000001,25.76590526334583
2024-11-04 17:13:57,4.2035986243629315,1.079,25.72571420883662,4.203953499371647,1.0796800000000002,25.73781236663898
2024-11-04 17:13:57,4.204748682265299,1.079,27.13035904417916,4.2039732146500395,1.0795600000000003,25.795558086814122
2024-11-04 17:13:57,4.204091506319434,1.079,24.9947353287605,4.203966642890597,1.0794400000000004,25.79555808681412
2024-11-04 17:13:58,4.204420094291815,1.079,25.72571420883662,4.203973214650049,1.0793200000000003,25.81017766441564
2024-11-04 17:13:58,4.204748682265299,1.078,27.80614130216054,4.203999501687884,1.0791600000000003,25.881439029750418
2024-11-04 17:13:58,4.204091506319434,1.078,25.72571420883662,4.204012645206734,1.0790800000000005,25.911091853218704
2024-11-04 17:13:58,4.204420094291815,1.079,27.13035904417916,4.2040257887256285,1.0790400000000004,25.911091853218707
2024-11-04 17:13:59,4.2042558003054875,1.079,25.72571420883662,4.204045504003922,1.0790000000000004,25.896861728385137
2024-11-04 17:13:59,4.204091506319434,1.078,24.9947353287605,4.204058647522772,1.0789600000000006,25.868012025950044
2024-11-04 17:13:59,4.204584388278419,1.078,24.9947353287605,4.20407179104169,1.0789200000000008,25.839162323514948
2024-11-04 17:13:59,4.2042558003054875,1.078,27.13035904417916,4.204078362801131,1.078880000000001,25.853025095388233
2024-11-04 17:14:00,4.204584388278419,1.079,24.9947353287605,4.204104649838922,1.078880000000001,25.824175392953137
2024-11-04 17:14:00,4.2042558003054875,1.079,23.469396624933097,4.204124365117215,1.078880000000001,25.808701864743355
2024-11-04 17:14:00,4.204420094291815,1.079,25.72571420883662,4.204157223914371,1.078880000000001,25.794471739909795
2024-11-04 17:14:00,4.204091506319434,1.079,26.437220450515156,4.204163795673802,1.078880000000001,25.853828216421444
2024-11-04 17:14:01,4.204912976252455,1.078,26.437220450515156,4.204196654471122,1.078840000000001,25.86805834125502
2024-11-04 17:14:01,4.204584388278419,1.078,28.465495270963004,4.204216369749483,1.0788000000000009,25.881245420631057
2024-11-04 17:14:01,4.204748682265299,1.078,25.72571420883662,4.204262372065578,1.0787600000000008,25.881245420631057
2024-11-04 17:14:01,4.204420094291815,1.079,24.2430730354219,4.204295230862733,1.0787200000000008,25.866212174764282
2024-11-04 17:14:02,4.204584388278419,1.079,24.2430730354219,4.204301802622197,1.0786800000000007,25.794950809429512
2024-11-04 17:14:02,4.204091506319434,1.078,25.72571420883662,4.204308374381628,1.0786400000000007,25.824603632897805
2024-11-04 17:14:02,4.204420094291815,1.078,25.72571420883662,4.2043280896599535,1.0786000000000007,25.824603632897805
2024-11-04 17:14:02,4.204091506319434,1.078,27.13035904417916,4.2043412331788055,1.0785600000000009,25.867316107206175
2024-11-04 17:14:03,4.204584388278419,1.078,23.469396624933097,4.204367520216596,1.0785200000000008,25.80795963069453
2024-11-04 17:14:03,4.204091506319434,1.078,25.72571420883662,4.204367520216596,1.078480000000001,25.793729505860956
2024-11-04 17:14:03,4.204420094291815,1.078,24.9947353287605,4.204400379013752,1.0784400000000012,25.75101703155259
2024-11-04 17:14:03,4.204584388278419,1.077,27.13035904417916,4.204393807254276,1.0783600000000009,25.824236279937512
2024-11-04 17:14:04,4.2042558003054875,1.077,24.2430730354219,4.204400379013719,1.0782800000000006,25.78035333163565
2024-11-04 17:14:04,4.204420094291815,1.078,26.437220450515156,4.204400379013719,1.0782400000000008,25.79458345646922
2024-11-04 17:14:04,4.204420094291815,1.078,25.72571420883662,4.20438723549478,1.0782400000000008,25.809203034070734
2024-11-04 17:14:04,4.204912976252455,1.077,24.9947353287605,4.2044200942921,1.0782000000000007,25.766490559762364
2024-11-04 17:14:05,4.2042558003054875,1.077,25.72571420883662,4.204413522532646,1.0781200000000006,25.752260434928793
2024-11-04 17:14:05,4.204748682265299,1.077,25.72571420883662,4.204433237811038,1.0780400000000003,25.797386786606868
2024-11-04 17:14:05,4.204584388278419,1.077,27.80614130216054,4.204452953089398,1.078,25.78419970723082
2024-11-04 17:14:05,4.204748682265299,1.077,26.437220450515156,4.204459524848873,1.0779599999999998,25.859499339177056
2024-11-04 17:14:06,4.205077270239886,1.077,25.72571420883662,4.204492383646249,1.0779199999999995,25.859499339177056
2024-11-04 17:14:06,4.198505510957618,1.077,26.437220450515156,4.204249228553417,1.0778399999999995,25.84563656730377
2024-11-04 17:14:06,4.204912976252455,1.044,25.72571420883662,4.204275515591296,1.0764399999999994,25.831406442470207
2024-11-04 17:14:06,4.204584388278419,1.044,24.9947353287605,4.204282087350761,1.075039999999999,25.8314064424702
2024-11-04 17:14:07,4.198834098911264,1.044,26.437220450515156,4.204071791054435,1.0736399999999988,25.831406442470207
2024-11-04 17:14:07,4.198669804934304,1.076,25.72571420883662,4.2038220642017095,1.0735599999999987,25.831406442470197
2024-11-04 17:14:07,4.198341216981209,1.076,24.9947353287605,4.203572337349822,1.0734799999999989,25.81678686486868
2024-11-04 17:14:07,4.198012629029216,1.043,26.437220450515156,4.2033028952203795,1.0720799999999988,25.8029240929954
2024-11-04 17:14:08,4.198669804934304,1.043,26.437220450515156,4.20307288364608,1.070639999999999,25.84680704129726
2024-11-04 17:14:08,4.198669804934304,1.043,25.72571420883662,4.202836300312315,1.069199999999999,25.891933392975332
2024-11-04 17:14:08,4.198341216981209,1.043,25.72571420883662,4.202606288738785,1.067799999999999,25.891933392975325
2024-11-04 17:14:08,4.198669804934304,1.043,25.72571420883662,4.202376277164484,1.066399999999999,25.891933392975325
2024-11-04 17:14:09,4.198669804934304,1.043,25.72571420883662,4.202159409109079,1.064999999999999,25.877703268141758
2024-11-04 17:14:09,4.198834098911264,1.043,24.9947353287605,4.201929397534394,1.0635999999999992,25.82147514867376
2024-11-04 17:14:09,4.198998392888499,1.042,26.437220450515156,4.2017256729971555,1.0621599999999995,25.821475148673752
2024-11-04 17:14:09,4.198505510957618,1.042,28.465495270963004,4.201489089663788,1.0607199999999997,25.876270769916292
2024-11-04 17:14:10,4.198834098911264,1.043,25.72571420883662,4.201259078089102,1.0593599999999999,25.848177873209433
2024-11-04 17:14:10,4.198669804934304,1.043,28.465495270963004,4.201035638274254,1.0579999999999998,25.917593072053478
2024-11-04 17:14:10,4.198505510957618,1.042,25.72571420883662,4.200799054940887,1.0565600000000002,25.917593072053478
2024-11-04 17:14:10,4.198998392888499,1.042,24.9947353287605,4.200582186884755,1.05512,25.861364952585475
2024-11-04 17:14:11,4.198834098911264,1.042,25.72571420883662,4.200339031791107,1.0537200000000002,25.86136495258549
2024-11-04 17:14:11,4.198505510957618,1.042,24.9947353287605,4.200109020217194,1.0523200000000004,25.818652478277112
2024-11-04 17:14:11,4.199162686866011,1.042,27.13035904417916,4.199885580401221,1.0509200000000003,25.846745374983968
2024-11-04 17:14:11,4.198669804934304,1.042,24.9947353287605,4.199648997067456,1.0495200000000002,25.84674537498397
2024-11-04 17:14:12,4.198834098911264,1.042,27.13035904417916,4.199412413733294,1.0481200000000004,25.889457849292338
2024-11-04 17:14:12,4.198998392888499,1.042,24.2430730354219,4.199169258639239,1.0467200000000005,25.8317121291172
2024-11-04 17:14:12,4.198834098911264,1.042,24.9947353287605,4.199182402157385,1.0453200000000005,25.831712129117204
2024-11-04 17:14:12,4.198505510957618,1.042,25.72571420883662,4.198926103545592,1.0452400000000006,25.87683848079528
2024-11-04 17:14:13,4.198341216981209,1.042,25.72571420883662,4.1986763766937045,1.0451600000000005,25.876838480795268
2024-11-04 17:14:13,4.198505510957618,1.042,24.9947353287605,4.198663233175559,1.0450800000000007,25.847988778360172
2024-11-04 17:14:13,4.198834098911264,1.042,26.437220450515156,4.198669804934637,1.0437200000000006,25.847988778360175
2024-11-04 17:14:13,4.198834098911264,1.042,25.72571420883662,4.19868952021184,1.0423600000000008,25.79319315711765
2024-11-04 17:14:14,4.199162686866011,1.042,26.437220450515156,4.19873552252531,1.0423200000000008,25.807423281951223
2024-11-04 17:14:14,4.198834098911264,1.042,23.469396624933097,4.198742094284389,1.042280000000001,25.79194975374144
2024-11-04 17:14:14,4.199162686866011,1.042,24.9947353287605,4.198761809561657,1.042240000000001,25.806982999608216
2024-11-04 17:14:14,4.198669804934304,1.041,25.72571420883662,4.198774953079781,1.0421600000000009,25.806982999608216
2024-11-04 17:14:15,4.198834098911264,1.041,27.13035904417916,4.198781524838859,1.0420800000000006,25.83507589631506
2024-11-04 17:14:15,4.198341216981209,1.041,26.437220450515156,4.198768381320735,1.0420000000000005,25.821213124441783
2024-11-04 17:14:15,4.198834098911264,1.041,27.13035904417916,4.198768381320735,1.0419200000000002,25.89443237282671
2024-11-04 17:14:15,4.198834098911264,1.041,27.13035904417916,4.1987618095616455,1.04188,25.92252526953355
2024-11-04 17:14:16,4.198341216981209,1.039,25.72571420883662,4.198755237802589,1.04176,25.937144847135077
2024-11-04 17:14:16,4.198012629029216,1.039,26.437220450515156,4.198722379007307,1.0416,25.923282075261795
2024-11-04 17:14:16,4.197684041078324,1.035,25.72571420883662,4.198682948453069,1.0412799999999998,25.952934898730092
2024-11-04 17:14:16,4.197191159154049,1.035,25.72571420883662,4.198630374380925,1.0409999999999997,25.938704773896525
2024-11-04 17:14:17,4.197026865179842,1.035,26.437220450515156,4.198551513272579,1.0407199999999996,25.952934898730092
2024-11-04 17:14:17,4.197355453128532,1.033,25.72571420883662,4.19849236744127,1.0403599999999997,25.967554476331614
2024-11-04 17:14:17,4.197191159154049,1.033,26.437220450515156,4.1984397933691255,1.0399999999999998,25.98178460116519
2024-11-04 17:14:17,4.197355453128532,1.033,24.9947353287605,4.198367504019626,1.03964,25.967165023563663
2024-11-04 17:14:18,4.197191159154049,1.033,27.80614130216054,4.198308358188416,1.0392800000000002,25.96716502356367
2024-11-04 17:14:18,4.197026865179842,1.033,26.437220450515156,4.198236068839158,1.03892,25.967165023563666
2024-11-04 17:14:18,4.197026865179842,1.032,26.437220450515156,4.198157207730812,1.03852,25.981395148397233
2024-11-04 17:14:18,4.197355453128532,1.032,27.13035904417916,4.198098061899502,1.03812,25.995257920270518
2024-11-04 17:14:19,4.197026865179842,1.03,24.9947353287605,4.198038916068391,1.0376400000000001,25.980638342669
2024-11-04 17:14:19,4.197191159154049,1.03,26.437220450515156,4.1979929137553045,1.03716,26.00948804510409
2024-11-04 17:14:19,4.19653398325887,1.03,27.13035904417916,4.197914052647354,1.0366800000000003,26.023350816977377
2024-11-04 17:14:19,4.1968625712059096,1.03,26.437220450515156,4.1978351915391405,1.0362000000000002,26.037580941810937
2024-11-04 17:14:20,4.196698277232252,1.03,26.437220450515156,4.19774975867198,1.0357200000000004,26.06643064424604
2024-11-04 17:14:20,4.197191159154049,1.031,27.13035904417916,4.197670897563502,1.0352800000000002,26.080293416119318
2024-11-04 17:14:20,4.1968625712059096,1.031,25.72571420883662,4.197592036455288,1.03484,26.066063291285744
2024-11-04 17:14:20,4.1968625712059096,1.031,26.437220450515156,4.197500031828884,1.0344000000000002,26.08029341611932
2024-11-04 17:14:21,4.197355453128532,1.031,25.72571420883662,4.1974474577566525,1.0340000000000003,26.08029341611932
2024-11-04 17:14:21,4.197026865179842,1.031,26.437220450515156,4.1973751684073966,1.0336,26.09452354095289
2024-11-04 17:14:21,4.197355453128532,1.031,24.9947353287605,4.1973357378532885,1.0332000000000001,26.079903963351367
2024-11-04 17:14:21,4.197355453128532,1.031,24.2430730354219,4.1972765920219794,1.0328,26.0648707174846
2024-11-04 17:14:22,4.197355453128532,1.031,26.437220450515156,4.1972174461906695,1.0323999999999998,26.0648707174846
2024-11-04 17:14:22,4.197191159154049,1.031,26.437220450515156,4.197171443877583,1.0320799999999997,26.024305221075647
2024-11-04 17:14:22,4.197684041078324,1.031,27.13035904417916,4.197158300359549,1.0317599999999998,26.05239811778249
2024-11-04 17:14:22,4.197355453128532,1.031,23.469396624933097,4.1971451568415565,1.0315999999999996,25.952476144861894
2024-11-04 17:14:23,4.1978483350536315,1.031,24.9947353287605,4.19717144387754,1.0314399999999997,25.937856567260372
2024-11-04 17:14:23,4.197684041078324,1.031,24.9947353287605,4.19719773091348,1.0312799999999995,25.93785656726037
2024-11-04 17:14:23,4.197684041078324,1.031,25.72571420883662,4.197210874431472,1.0311999999999995,25.93785656726037
2024-11-04 17:14:23,4.197684041078324,1.032,24.2430730354219,4.197230589708443,1.0311599999999992,25.922823321393594
2024-11-04 17:14:24,4.198176923005075,1.032,26.437220450515156,4.197263448503505,1.0311199999999991,25.908960549520305
2024-11-04 17:14:24,4.19751974710329,1.032,25.72571420883662,4.197276592021475,1.0310799999999989,25.92358012712183
2024-11-04 17:14:24,4.197684041078324,1.032,23.469396624933097,4.197302879057415,1.031039999999999,25.850360878736907
2024-11-04 17:14:24,4.197684041078324,1.032,27.13035904417916,4.197329166093355,1.0310399999999986,25.908106598912056
2024-11-04 17:14:25,4.19751974710329,1.032,24.9947353287605,4.197335737852344,1.0310399999999986,25.90810659891205
2024-11-04 17:14:25,4.197684041078324,1.032,28.465495270963004,4.1973620248882835,1.0311199999999987,25.96290222015458
2024-11-04 17:14:25,4.197191159154049,1.032,26.437220450515156,4.1973620248882835,1.0311999999999986,25.97713234498815
2024-11-04 17:14:25,4.1978483350536315,1.032,25.72571420883662,4.197414598960074,1.0312799999999984,25.991751922589664
2024-11-04 17:14:26,4.19751974710329,1.032,24.2430730354219,4.1974408859959675,1.0313599999999985,25.947868974287807
2024-11-04 17:14:26,4.1978483350536315,1.032,26.437220450515156,4.1974868883088226,1.0314399999999986,25.96209909912137
2024-11-04 17:14:26,4.197684041078324,1.032,27.13035904417916,4.197506603585794,1.0314799999999986,25.975961870994656
2024-11-04 17:14:26,4.1978483350536315,1.032,24.2430730354219,4.1975460341397035,1.0315199999999987,25.991435399204438
2024-11-04 17:14:27,4.19751974710329,1.032,27.13035904417916,4.197572321175598,1.0315599999999987,26.034147873512808
2024-11-04 17:14:27,4.1978483350536315,1.032,25.72571420883662,4.197592036452602,1.0315999999999987,26.03414787351281
2024-11-04 17:14:27,4.198012629029216,1.032,25.72571420883662,4.197631467006577,1.0316399999999988,26.006054976805952
2024-11-04 17:14:27,4.198176923005075,1.032,24.9947353287605,4.197664325801639,1.0316799999999988,25.977205274370867
2024-11-04 17:14:27,4.198012629029216,1.032,25.72571420883662,4.197690612837666,1.0317199999999989,25.949112377664015
2024-11-04 17:14:28,4.198012629029216,1.032,25.72571420883662,4.197716899873694,1.0317599999999987,25.921019480957167
2024-11-04 17:14:28,4.198176923005075,1.032,27.13035904417916,4.197756330427734,1.031799999999999,25.94911237766402
2024-11-04 17:14:28,4.197684041078324,1.032,26.437220450515156,4.197756330427734,1.0318399999999988,25.949112377664015
2024-11-04 17:14:28,4.198012629029216,1.032,27.13035904417916,4.197782617463762,1.0318799999999988,25.97720527437086
2024-11-04 17:14:29,4.198176923005075,1.032,26.437220450515156,4.19779576098182,1.0319199999999986,25.99143539920443
2024-11-04 17:14:29,4.198341216981209,1.032,24.9947353287605,4.197822048017935,1.0319599999999989,25.96258569676934
2024-11-04 17:14:29,4.198669804934304,1.032,27.13035904417916,4.197861478572174,1.0319999999999987,25.990678593476186
2024-11-04 17:14:29,4.197684041078324,1.032,25.72571420883662,4.197861478572175,1.0319999999999987,25.976448468642612
2024-11-04 17:14:30,4.198341216981209,1.032,27.13035904417916,4.197868050331222,1.0319999999999987,26.01916094295099
2024-11-04 17:14:30,4.197684041078324,1.032,27.13035904417916,4.1978746220902226,1.0319999999999987,26.00564529779136
2024-11-04 17:14:30,4.198505510957618,1.032,24.9947353287605,4.197907480885395,1.0319999999999987,25.976795595356275
2024-11-04 17:14:30,4.198012629029216,1.032,27.80614130216054,4.197920624403432,1.0319999999999987,26.004174012389182
2024-11-04 17:14:31,4.198012629029216,1.032,26.437220450515156,4.197940339680469,1.0319999999999987,25.990311240515904
2024-11-04 17:14:31,4.198012629029216,1.032,24.2430730354219,4.197953483198504,1.0319999999999987,25.975277994649137
2024-11-04 17:14:31,4.198341216981209,1.032,26.437220450515156,4.197999485511591,1.0319999999999987,25.975277994649133
2024-11-04 17:14:31,4.198341216981209,1.032,26.437220450515156,4.1980192007886945,1.0319999999999987,25.961415222775848
2024-11-04 17:14:32,4.198012629029216,1.032,26.437220450515156,4.198038916065731,1.0319999999999987,25.96141522277586
2024-11-04 17:14:32,4.198341216981209,1.032,26.437220450515156,4.198058631342834,1.0319999999999987,25.96141522277586
2024-11-04 17:14:32,4.198012629029216,1.032,26.437220450515156,4.198071774860869,1.0319999999999987,25.947552450902585
2024-11-04 17:14:32,4.198669804934304,1.032,28.465495270963004,4.198104633656095,1.0319999999999987,26.002348072145104
2024-11-04 17:14:33,4.198505510957618,1.032,26.437220450515156,4.198144064210268,1.0319999999999987,26.002348072145114
2024-11-04 17:14:33,4.198012629029216,1.032,26.437220450515156,4.1981506359692915,1.0319999999999987,26.01657819697869
2024-11-04 17:14:33,4.198505510957618,1.032,27.80614130216054,4.198170351246429,1.0319999999999987,26.043956614011595
2024-11-04 17:14:33,4.198341216981209,1.031,26.437220450515156,4.198176923005474,1.0319599999999989,26.072806316446687
2024-11-04 17:14:34,4.198012629029216,1.031,25.72571420883662,4.198176923005474,1.0319199999999988,26.10245913991498
2024-11-04 17:14:34,4.198176923005075,1.032,25.72571420883662,4.198183494764508,1.0319199999999988,26.088229015081406
2024-11-04 17:14:34,4.198505510957618,1.032,25.72571420883662,4.19819663828261,1.0319199999999988,26.073998890247832
2024-11-04 17:14:34,4.198341216981209,1.032,24.9947353287605,4.198222925318726,1.0319199999999988,26.03128641593945
2024-11-04 17:14:35,4.198834098911264,1.031,26.437220450515156,4.198255784114008,1.031879999999999,26.090642892451086
2024-11-04 17:14:35,4.198834098911264,1.031,25.72571420883662,4.198282071150256,1.0318399999999992,26.10526247005261
2024-11-04 17:14:35,4.198669804934304,1.031,25.72571420883662,4.198295214668378,1.0317999999999992,26.119882047654126
2024-11-04 17:14:35,4.198176923005075,1.031,26.437220450515156,4.198275499391208,1.0317599999999993,26.134112172487704
2024-11-04 17:14:36,4.198341216981209,1.031,24.9947353287605,4.198301786427324,1.0317199999999993,26.14914541835447
2024-11-04 17:14:36,4.198834098911264,1.031,26.437220450515156,4.198321501704526,1.0316799999999993,26.149145418354465
2024-11-04 17:14:36,4.198998392888499,1.031,25.72571420883662,4.198374075776934,1.0316399999999992,26.149145418354475
2024-11-04 17:14:36,4.198669804934304,1.031,26.437220450515156,4.198380647536001,1.0315999999999994,26.208501894866114
2024-11-04 17:14:37,4.198669804934304,1.031,24.9947353287605,4.198406934572204,1.0315599999999996,26.165789420557743
2024-11-04 17:14:37,4.198176923005075,1.031,25.72571420883662,4.198413506331238,1.0315199999999995,26.180408998159272
2024-11-04 17:14:37,4.198669804934304,1.03,26.437220450515156,4.198439793367441,1.0314399999999995,26.13984350175032
2024-11-04 17:14:37,4.198012629029216,1.03,25.72571420883662,4.1984266498493605,1.0313599999999996,26.125613376916746
2024-11-04 17:14:38,4.198505510957618,1.031,25.72571420883662,4.1984332216084175,1.0313199999999996,26.125613376916746
2024-11-04 17:14:38,4.198669804934304,1.031,23.469396624933097,4.19845950864462,1.0312799999999995,26.11013984870697
2024-11-04 17:14:38,4.198998392888499,1.031,27.13035904417916,4.198485795680912,1.0312399999999995,26.12400262058025
2024-11-04 17:14:38,4.198834098911264,1.031,24.9947353287605,4.198518654476194,1.0311999999999995,26.081290146271872
2024-11-04 17:14:39,4.198834098911264,1.03,24.2430730354219,4.198525226235273,1.0311199999999996,26.081290146271876
2024-11-04 17:14:39,4.198176923005075,1.03,26.437220450515156,4.198512082717171,1.0310399999999995,26.067427374398605
2024-11-04 17:14:39,4.198012629029216,1.03,24.9947353287605,4.198512082717171,1.0309599999999997,26.052807796797072
2024-11-04 17:14:39,4.198834098911264,1.03,25.72571420883662,4.198525226235318,1.0308799999999998,26.05280779679708
2024-11-04 17:14:40,4.198505510957618,1.03,25.72571420883662,4.198531797994375,1.03084,26.067427374398594
2024-11-04 17:14:40,4.198505510957618,1.03,26.437220450515156,4.198551513271512,1.0308,26.08165749923217
2024-11-04 17:14:40,4.198669804934304,1.03,22.672238853203226,4.19857122854868,1.03072,26.020587992119502
2024-11-04 17:14:40,4.198834098911264,1.03,26.437220450515156,4.198584372066826,1.0306400000000002,26.006725220246217
2024-11-04 17:14:41,4.198505510957618,1.03,25.72571420883662,4.198590943825883,1.0305600000000004,25.99249509541265
2024-11-04 17:14:41,4.199162686866011,1.03,25.72571420883662,4.198604087344072,1.0305200000000003,25.964402198705795
2024-11-04 17:14:41,4.198505510957618,1.03,24.9947353287605,4.198590943825927,1.0304800000000005,25.9355524962707
2024-11-04 17:14:41,4.198505510957618,1.03,25.72571420883662,4.19858437206686,1.0304400000000005,25.950172073872228
2024-11-04 17:14:42,4.198998392888499,1.03,28.465495270963004,4.198617230862197,1.0304000000000004,25.9768747984079
2024-11-04 17:14:42,4.198669804934304,1.03,25.72571420883662,4.19863037438032,1.0303600000000004,25.9768747984079
2024-11-04 17:14:42,4.198834098911264,1.03,25.72571420883662,4.19863037438032,1.0303200000000006,25.94878190170104
2024-11-04 17:14:42,4.199162686866011,1.03,26.437220450515156,4.19863694613942,1.0302800000000005,25.93491912982777
2024-11-04 17:14:43,4.199491274821859,1.03,26.437220450515156,4.198669804934923,1.030240000000001,25.963768832262858
2024-11-04 17:14:43,4.199162686866011,1.03,24.2430730354219,4.19868952021219,1.030200000000001,25.892507466928087
2024-11-04 17:14:43,4.198669804934304,1.03,29.10927472714519,4.198709235489359,1.0301600000000009,25.945948552460695
2024-11-04 17:14:43,4.198834098911264,1.03,26.437220450515156,4.198715807248437,1.0301600000000006,25.989831500762566
2024-11-04 17:14:44,4.199655568800195,1.03,25.72571420883662,4.1987815248392755,1.0301600000000006,25.97560137592898
2024-11-04 17:14:44,4.199491274821859,1.03,27.13035904417916,4.1988209553938445,1.0301200000000006,25.98946414780227
2024-11-04 17:14:44,4.199162686866011,1.029,26.437220450515156,4.198840670671112,1.0300400000000005,25.989464147802273
2024-11-04 17:14:44,4.198669804934304,1.029,25.72571420883662,4.198827527152944,1.0299600000000004,25.9752340229687
2024-11-04 17:14:44,4.199655568800195,1.029,26.437220450515156,4.1988603859485005,1.0298800000000004,25.9752340229687
2024-11-04 17:14:45,4.198669804934304,1.03,25.72571420883662,4.198853814189422,1.0298800000000004,25.92043840172617
2024-11-04 17:14:45,4.198669804934304,1.03,25.72571420883662,4.19887352946659,1.0298800000000004,25.906208276892595
2024-11-04 17:14:45,4.198998392888499,1.029,25.72571420883662,4.198912960020963,1.02984,25.891978152059018
2024-11-04 17:14:45,4.199326980843797,1.029,24.2430730354219,4.1989326752982645,1.0297999999999998,25.820716786724248
2024-11-04 17:14:46,4.199326980843797,1.029,25.72571420883662,4.198965534093712,1.0297599999999998,25.806486661890677
2024-11-04 17:14:46,4.198998392888499,1.03,27.13035904417916,4.198985249370948,1.0297599999999998,25.83457955859753
2024-11-04 17:14:46,4.198834098911264,1.03,25.72571420883662,4.198991821130027,1.0297599999999998,25.834579558597532
2024-11-04 17:14:46,4.198998392888499,1.029,26.437220450515156,4.198998392889116,1.0297199999999997,25.84880968343111
2024-11-04 17:14:47,4.198834098911264,1.029,25.72571420883662,4.199011536407263,1.0296799999999997,25.863429261032625
2024-11-04 17:14:47,4.199162686866011,1.029,28.465495270963004,4.199011536407264,1.0296399999999994,25.903994757441588
2024-11-04 17:14:47,4.199162686866011,1.029,28.465495270963004,4.1990378234436,1.0295999999999992,25.958790378684117
2024-11-04 17:14:47,4.198834098911264,1.028,26.437220450515156,4.199050966961746,1.0295199999999993,25.97302050351769
2024-11-04 17:14:48,4.198998392888499,1.028,27.13035904417916,4.199050966961746,1.0294399999999992,25.98688327539097
2024-11-04 17:14:48,4.198834098911264,1.028,25.72571420883662,4.199057538720825,1.0293599999999996,26.0015028529925
2024-11-04 17:14:48,4.198834098911264,1.028,26.437220450515156,4.199057538720825,1.0292799999999993,26.0015028529925
2024-11-04 17:14:48,4.198834098911264,1.028,25.72571420883662,4.199044395202635,1.0291999999999992,26.001502852992488
2024-11-04 17:14:49,4.198998392888499,1.027,25.72571420883662,4.199024679925301,1.0290799999999996,25.987272728158914
2024-11-04 17:14:49,4.198998392888499,1.027,24.9947353287605,4.1990181081662,1.0289599999999997,25.987272728158917
2024-11-04 17:14:49,4.199162686866011,1.027,24.2430730354219,4.199037823443469,1.0288399999999998,25.957619904690617
2024-11-04 17:14:49,4.198998392888499,1.027,26.437220450515156,4.1990443952025585,1.0287199999999999,25.957619904690628
2024-11-04 17:14:50,4.199162686866011,1.027,23.469396624933097,4.1990246799251905,1.0286,25.91249355301255
2024-11-04 17:14:50,4.199162686866011,1.027,26.437220450515156,4.199011536406956,1.02848,25.92672367784612
2024-11-04 17:14:50,4.198834098911264,1.027,27.13035904417916,4.198998392888766,1.0284,25.99994292623104
2024-11-04 17:14:50,4.199162686866011,1.027,26.437220450515156,4.199018108166033,1.0283200000000001,25.98608015435775
2024-11-04 17:14:51,4.199491274821859,1.027,26.437220450515156,4.1990115364069,1.02824,26.01492985679285
2024-11-04 17:14:51,4.199162686866011,1.027,26.437220450515156,4.199031251684167,1.0281200000000001,26.05881280509472
2024-11-04 17:14:51,4.199491274821859,1.028,25.72571420883662,4.199064110479669,1.02804,26.044582680261147
2024-11-04 17:14:51,4.199326980843797,1.028,25.72571420883662,4.199077253997881,1.028,26.059202257862662
2024-11-04 17:14:52,4.199491274821859,1.027,25.72571420883662,4.199083825757004,1.0279200000000002,26.059202257862662
2024-11-04 17:14:52,4.199655568800195,1.027,26.437220450515156,4.199096969275259,1.0278400000000003,26.073432382696236
2024-11-04 17:14:52,4.199326980843797,1.028,27.13035904417916,4.199110112793472,1.0277600000000002,26.087295154569524
2024-11-04 17:14:52,4.199655568800195,1.028,27.13035904417916,4.199142971589028,1.0276800000000004,26.17645755838904
2024-11-04 17:14:53,4.199162686866011,1.028,26.437220450515156,4.199149543348128,1.0276400000000003,26.17645755838904
2024-11-04 17:14:53,4.199326980843797,1.028,26.437220450515156,4.199169258625429,1.0276000000000003,26.190687683222613
2024-11-04 17:14:53,4.199491274821859,1.028,24.9947353287605,4.199182402143664,1.02756,26.176068105621084
2024-11-04 17:14:53,4.199819862778808,1.028,25.72571420883662,4.199208689180176,1.02752,26.190687683222613
2024-11-04 17:14:54,4.199491274821859,1.028,25.72571420883662,4.199234976216599,1.0275199999999998,26.190687683222613
2024-11-04 17:14:54,4.199655568800195,1.028,25.72571420883662,4.199261263253066,1.0275199999999998,26.135892061980083
2024-11-04 17:14:54,4.199491274821859,1.027,27.80614130216054,4.19928755028949,1.0274799999999997,26.177500603846564
2024-11-04 17:14:54,4.199491274821859,1.027,25.72571420883662,4.1993138373259145,1.0274399999999997,26.177500603846564
2024-11-04 17:14:55,4.199162686866011,1.027,25.72571420883662,4.199326980844104,1.0273999999999996,26.16327047901298
2024-11-04 17:14:55,4.199655568800195,1.028,25.72571420883662,4.199353267880572,1.0274399999999995,26.149040354179416
2024-11-04 17:14:55,4.199984156757696,1.028,27.13035904417916,4.19939269843534,1.0274799999999995,26.206786074354554
2024-11-04 17:14:55,4.199655568800195,1.028,24.9947353287605,4.1994124137127065,1.0275199999999995,26.124495286386864
2024-11-04 17:14:56,4.199326980843797,1.028,27.80614130216054,4.199425557230919,1.0275599999999996,26.15187370341977
2024-11-04 17:14:56,4.199655568800195,1.027,29.10927472714519,4.199445272508286,1.0275599999999996,26.219544913785946
2024-11-04 17:14:56,4.199655568800195,1.027,26.437220450515156,4.199464987785652,1.0275599999999996,26.205682141912668
2024-11-04 17:14:56,4.199491274821859,1.027,26.437220450515156,4.199491274822077,1.0275599999999996,26.205682141912668
2024-11-04 17:14:57,4.199819862778808,1.027,24.9947353287605,4.199517561858588,1.0275599999999998,26.191062564311146
2024-11-04 17:14:57,4.199819862778808,1.027,26.437220450515156,4.1995307053768665,1.0275599999999998,26.191062564311142
2024-11-04 17:14:57,4.199655568800195,1.026,24.9947353287605,4.199550420654234,1.02752,26.17644298670962
2024-11-04 17:14:57,4.199655568800195,1.026,25.72571420883662,4.199556992413367,1.0274400000000004,26.176442986709628
2024-11-04 17:14:58,4.199655568800195,1.026,23.469396624933097,4.199570135931622,1.0273600000000005,26.131316635031556
2024-11-04 17:14:58,4.199326980843797,1.026,25.72571420883662,4.199563564172501,1.0273200000000007,26.160969458499856
2024-11-04 17:14:58,4.198998392888499,1.025,26.437220450515156,4.1995372771360335,1.0272400000000006,26.175199583333423
2024-11-04 17:14:58,4.199491274821859,1.025,28.465495270963004,4.199543848895157,1.0271200000000007,26.201902307869105
2024-11-04 17:14:59,4.199162686866011,1.025,26.437220450515156,4.19952413361779,1.0270000000000004,26.21613243270268
2024-11-04 17:14:59,4.199326980843797,1.024,27.13035904417916,4.199530705376902,1.0268400000000004,26.229995204575957
2024-11-04 17:14:59,4.199819862778808,1.024,24.9947353287605,4.199550420654302,1.0266800000000003,26.21537562697444
2024-11-04 17:14:59,4.199655568800195,1.025,23.469396624933097,4.199556992413435,1.0265600000000004,26.11545365405384
2024-11-04 17:15:00,4.198998392888499,1.025,26.437220450515156,4.199524133617824,1.0264400000000002,26.074888157644875
2024-11-04 17:15:00,4.199655568800195,1.025,26.437220450515156,4.199530705376957,1.0263200000000001,26.074888157644875
2024-11-04 17:15:00,4.199491274821859,1.025,25.72571420883662,4.199524133617825,1.0262,26.046795260938026
2024-11-04 17:15:00,4.199655568800195,1.025,25.72571420883662,4.199530705376957,1.0261199999999997,26.046795260938026
2024-11-04 17:15:01,4.199819862778808,1.025,24.9947353287605,4.199543848895234,1.0260399999999996,26.01794555850292
2024-11-04 17:15:01,4.199491274821859,1.025,23.469396624933097,4.199556992413468,1.0259599999999995,25.972819206824852
2024-11-04 17:15:01,4.199491274821859,1.025,25.72571420883662,4.199550420654336,1.0258399999999994,25.972819206824852
2024-11-04 17:15:01,4.199819862778808,1.025,26.437220450515156,4.199543848895179,1.0257199999999993,26.00166890925995
2024-11-04 17:15:02,4.199491274821859,1.025,26.437220450515156,4.199537277136046,1.0255999999999994,26.045551857561815
2024-11-04 17:15:02,4.199819862778808,1.024,25.72571420883662,4.199556992413447,1.0254399999999995,26.031321732728248
2024-11-04 17:15:02,4.199655568800195,1.024,27.80614130216054,4.199556992413446,1.0253199999999993,26.118056626272793
2024-11-04 17:15:02,4.199655568800195,1.024,25.72571420883662,4.199556992413446,1.0251999999999994,26.103826501439215
2024-11-04 17:15:03,4.199655568800195,1.024,25.72571420883662,4.199563564172579,1.0250799999999998,26.075733604732367
2024-11-04 17:15:03,4.199984156757696,1.024,25.72571420883662,4.199570135931735,1.0249599999999996,26.061503479898793
2024-11-04 17:15:03,4.199655568800195,1.024,25.72571420883662,4.19956356417259,1.0248399999999998,26.047273355065226
2024-11-04 17:15:03,4.199819862778808,1.024,25.72571420883662,4.199570135931734,1.02476,26.03304323023165
2024-11-04 17:15:04,4.199491274821859,1.024,24.9947353287605,4.1995635641726,1.0246799999999998,26.01842365263013
2024-11-04 17:15:04,4.199819862778808,1.024,24.9947353287605,4.199570135931745,1.0246000000000002,26.0038040750286
2024-11-04 17:15:04,4.199819862778808,1.024,25.72571420883662,4.1995898512091445,1.0245199999999999,26.0038040750286
2024-11-04 17:15:04,4.199984156757696,1.024,24.9947353287605,4.199629281763913,1.02448,25.974954372593505
2024-11-04 17:15:05,4.199819862778808,1.024,28.465495270963004,4.199642425282192,1.0244400000000002,26.001657097129186
2024-11-04 17:15:05,4.199984156757696,1.024,27.13035904417916,4.199675284077859,1.0244000000000002,26.00165709712919
2024-11-04 17:15:05,4.20014845073686,1.024,25.72571420883662,4.1997081428735825,1.0244000000000004,25.987426972295616
2024-11-04 17:15:05,4.199984156757696,1.024,26.437220450515156,4.199714714632739,1.0244000000000004,25.987426972295626
2024-11-04 17:15:06,4.199655568800195,1.024,24.9947353287605,4.199714714632738,1.0243600000000006,25.98742697229562
2024-11-04 17:15:06,4.20014845073686,1.023,25.72571420883662,4.199760716946673,1.0242800000000007,25.987426972295626
2024-11-04 17:15:06,4.199984156757696,1.023,27.13035904417916,4.199773860464972,1.0242000000000009,26.01551986900248
2024-11-04 17:15:06,4.20014845073686,1.023,24.2430730354219,4.1998001475015725,1.0241200000000008,25.98586704553419
2024-11-04 17:15:07,4.20014845073686,1.024,28.465495270963004,4.199819862779039,1.024080000000001,25.999054124910234
2024-11-04 17:15:07,4.199984156757696,1.024,26.437220450515156,4.199826434538195,1.024040000000001,26.013284249743812
2024-11-04 17:15:07,4.199984156757696,1.024,22.672238853203226,4.199846149815628,1.0240000000000011,25.952214742631146
2024-11-04 17:15:07,4.200312744716299,1.024,24.9947353287605,4.199879008611405,1.023960000000001,25.937595165029624
2024-11-04 17:15:08,4.199819862778808,1.023,28.465495270963004,4.199879008611405,1.023880000000001,25.964297889565294
2024-11-04 17:15:08,4.200312744716299,1.023,27.80614130216054,4.199911867407182,1.0238000000000012,26.020526009033293
2024-11-04 17:15:08,4.199819862778808,1.023,25.72571420883662,4.199911867407183,1.0237600000000011,25.978917467166813
2024-11-04 17:15:08,4.200477038696013,1.023,27.13035904417916,4.199944726203016,1.023720000000001,25.939339153507493
2024-11-04 17:15:09,4.199819862778808,1.023,26.437220450515156,4.19995129796216,1.023680000000001,25.93933915350749
2024-11-04 17:15:09,4.200477038696013,1.023,26.437220450515156,4.199984156757993,1.0236400000000012,25.93933915350749
2024-11-04 17:15:09,4.199984156757696,1.023,25.72571420883662,4.199984156757994,1.0236000000000012,25.953958731109005
2024-11-04 17:15:09,4.20014845073686,1.023,25.72571420883662,4.2000038720354596,1.0235600000000014,25.93972860627543
2024-11-04 17:15:10,4.200805626656267,1.023,26.437220450515156,4.200043302590559,1.0235200000000015,25.96857830871053
2024-11-04 17:15:10,4.200477038696013,1.023,26.437220450515156,4.200082733145525,1.0234800000000015,25.982808433544104
2024-11-04 17:15:10,4.199984156757696,1.023,25.72571420883662,4.20008930490468,1.0234400000000015,26.02793478522218
2024-11-04 17:15:10,4.200312744716299,1.023,26.437220450515156,4.20010902018218,1.0234000000000014,26.042164910055753
2024-11-04 17:15:11,4.20014845073686,1.022,25.72571420883662,4.200115591941347,1.0233200000000011,26.02793478522218
2024-11-04 17:15:11,4.200477038696013,1.022,26.437220450515156,4.200141878978035,1.0232400000000008,25.987369288813223
2024-11-04 17:15:11,4.200312744716299,1.022,25.72571420883662,4.200155022496379,1.0231600000000005,25.97313916397965
2024-11-04 17:15:11,4.200312744716299,1.023,27.13035904417916,4.2001615942555555,1.0231200000000007,25.973139163979646
2024-11-04 17:15:12,4.200312744716299,1.023,25.72571420883662,4.2001747377738985,1.0230800000000007,25.987758741581175
2024-11-04 17:15:12,4.20014845073686,1.023,26.437220450515156,4.200194453051365,1.0230400000000006,26.047115218092824
2024-11-04 17:15:12,4.200312744716299,1.023,25.72571420883662,4.200201024810542,1.0230400000000006,26.032885093259246
2024-11-04 17:15:12,4.200312744716299,1.022,24.2430730354219,4.200214168328885,1.0230000000000004,25.989002144957382
2024-11-04 17:15:13,4.200641332676002,1.022,27.13035904417916,4.200233883606452,1.02296,26.017095041664234
2024-11-04 17:15:13,4.200312744716299,1.021,26.437220450515156,4.200240455365629,1.0228400000000002,26.0313251664978
2024-11-04 17:15:13,4.200312744716299,1.021,25.72571420883662,4.200253598883973,1.0227200000000003,26.045944744099323
2024-11-04 17:15:13,4.200805626656267,1.021,26.437220450515156,4.2002864576799155,1.0226000000000002,26.105301220610972
2024-11-04 17:15:14,4.200477038696013,1.02,26.437220450515156,4.200293029439105,1.0224400000000002,26.11953134544454
2024-11-04 17:15:14,4.199984156757696,1.02,25.72571420883662,4.20029960119826,1.0223200000000003,26.105301220610972
2024-11-04 17:15:14,4.200805626656267,1.02,26.437220450515156,4.200319316475859,1.0222000000000002,26.105301220610972
2024-11-04 17:15:14,4.200312744716299,1.02,24.2430730354219,4.2003390317533595,1.0220800000000003,26.075648397142672
2024-11-04 17:15:15,4.200312744716299,1.02,25.72571420883662,4.200332459994171,1.0219600000000004,26.034039855276195
2024-11-04 17:15:15,4.200312744716299,1.021,25.72571420883662,4.20035217527167,1.0218800000000003,26.034039855276195
2024-11-04 17:15:15,4.199819862778808,1.021,25.72571420883662,4.200325888234982,1.0218000000000005,26.034039855276195
2024-11-04 17:15:15,4.200969920636808,1.021,27.13035904417916,4.200365318790147,1.0217200000000006,26.06213275198304
2024-11-04 17:15:16,4.199655568800195,1.021,26.437220450515156,4.20034560351268,1.0216400000000008,26.07636287681661
2024-11-04 17:15:16,4.200312744716299,1.021,26.437220450515156,4.2003258882350805,1.0215600000000007,26.090593001650188
2024-11-04 17:15:16,4.20014845073686,1.021,27.13035904417916,4.200312744716714,1.0214800000000006,26.133305475958554
2024-11-04 17:15:16,4.200312744716299,1.021,26.437220450515156,4.200325888235057,1.0214000000000005,26.16215517839365
2024-11-04 17:15:17,4.200641332676002,1.021,25.72571420883662,4.200339031753446,1.0213200000000002,26.16215517839364
2024-11-04 17:15:17,4.200641332676002,1.021,25.72571420883662,4.200358747031013,1.0212800000000002,26.176774755995165
2024-11-04 17:15:17,4.200641332676002,1.02,28.465495270963004,4.2003653187902135,1.0212000000000003,26.176774755995158
2024-11-04 17:15:17,4.200641332676002,1.02,24.9947353287605,4.200378462308602,1.0211200000000005,26.1340622816868
2024-11-04 17:15:18,4.200805626656267,1.021,24.9947353287605,4.200398177586201,1.0210400000000006,26.11944270408527
2024-11-04 17:15:18,4.200641332676002,1.021,28.465495270963004,4.200411321104591,1.0209600000000005,26.160008200494232
2024-11-04 17:15:18,4.200312744716299,1.021,26.437220450515156,4.200417892863768,1.0208800000000005,26.18885790292932
2024-11-04 17:15:18,4.200641332676002,1.02,23.469396624933097,4.200431036382157,1.0207600000000006,26.143731551251253
2024-11-04 17:15:19,4.200477038696013,1.02,25.72571420883662,4.200437608141346,1.020680000000001,26.11563865454441
2024-11-04 17:15:19,4.200805626656267,1.02,26.437220450515156,4.200444179900557,1.0206000000000008,26.159521602846272
2024-11-04 17:15:19,4.200477038696013,1.02,25.72571420883662,4.200450751659745,1.020560000000001,26.104725981603742
2024-11-04 17:15:19,4.201134214617624,1.02,26.437220450515156,4.200483610455797,1.020520000000001,26.104725981603742
2024-11-04 17:15:20,4.200641332676002,1.02,25.72571420883662,4.200477038696587,1.020480000000001,26.165795488716412
2024-11-04 17:15:20,4.200641332676002,1.02,25.72571420883662,4.2004836104557866,1.0204800000000012,26.180415066317927
2024-11-04 17:15:20,4.200641332676002,1.02,26.437220450515156,4.200509897492519,1.0204800000000014,26.139849569908975
2024-11-04 17:15:20,4.200969920636808,1.02,26.437220450515156,4.200516469251739,1.0204800000000014,26.11247115287607
2024-11-04 17:15:21,4.200969920636808,1.02,23.469396624933097,4.200542756288559,1.0204800000000014,26.067344801198
2024-11-04 17:15:21,4.200969920636808,1.02,26.437220450515156,4.200569043325379,1.0204800000000014,26.053482029324712
2024-11-04 17:15:21,4.200641332676002,1.02,26.437220450515156,4.200582186843767,1.0204400000000013,26.053482029324712
2024-11-04 17:15:21,4.200641332676002,1.02,27.80614130216054,4.200615045639655,1.0204000000000013,26.08086044635762
2024-11-04 17:15:22,4.200641332676002,1.02,27.13035904417916,4.200601902121223,1.020360000000001,26.10895334306447
2024-11-04 17:15:22,4.200969920636808,1.02,24.9947353287605,4.200654476194687,1.020320000000001,26.094333765462952
2024-11-04 17:15:22,4.200969920636808,1.019,24.9947353287605,4.2006807632315075,1.020240000000001,26.065484063027867
2024-11-04 17:15:22,4.200477038696013,1.019,26.437220450515156,4.200693906749873,1.0201600000000006,26.06548406302786
2024-11-04 17:15:23,4.200969920636808,1.02,24.9947353287605,4.200720193786693,1.0201200000000008,26.05086448542633
2024-11-04 17:15:23,4.200477038696013,1.02,26.437220450515156,4.200713622027495,1.0200800000000008,26.050864485426338
2024-11-04 17:15:23,4.201462802580083,1.019,27.13035904417916,4.200746480823659,1.0200000000000005,26.07895738213319
2024-11-04 17:15:23,4.200805626656267,1.019,26.437220450515156,4.20075305258287,1.0199600000000002,26.078957382133186
2024-11-04 17:15:24,4.201134214617624,1.019,25.72571420883662,4.200772767860534,1.01992,26.078957382133176
2024-11-04 17:15:24,4.200969920636808,1.019,24.2430730354219,4.200779339619754,1.0198399999999999,26.021211661958038
2024-11-04 17:15:24,4.201298508598716,1.019,26.437220450515156,4.2008056266566625,1.0197599999999996,26.03544178679161
2024-11-04 17:15:24,4.201462802580083,1.019,22.672238853203226,4.200851628971215,1.0196799999999997,25.960142154845368
2024-11-04 17:15:25,4.201298508598716,1.019,26.437220450515156,4.200877916008124,1.0196399999999997,25.97437227967894
2024-11-04 17:15:25,4.201134214617624,1.019,26.437220450515156,4.2009042030449875,1.0195999999999994,26.01825522798081
2024-11-04 17:15:25,4.200969920636808,1.019,28.465495270963004,4.200910774804209,1.0195599999999991,26.04495795251648
2024-11-04 17:15:25,4.200969920636808,1.019,27.13035904417916,4.20093049008184,1.019519999999999,26.058820724389765
2024-11-04 17:15:25,4.200805626656267,1.019,25.72571420883662,4.200917346563384,1.019479999999999,26.058820724389772
2024-11-04 17:15:26,4.200805626656267,1.019,26.437220450515156,4.200923918322595,1.019439999999999,26.058820724389772
2024-11-04 17:15:26,4.200969920636808,1.019,27.80614130216054,4.200937061841026,1.019399999999999,26.086199141422675
2024-11-04 17:15:26,4.201298508598716,1.019,29.10927472714519,4.200963348877935,1.019359999999999,26.15387035178885
2024-11-04 17:15:26,4.201298508598716,1.019,24.9947353287605,4.200976492396412,1.019319999999999,26.125020649353754
2024-11-04 17:15:27,4.200969920636808,1.019,26.437220450515156,4.200976492396411,1.019279999999999,26.168903597655635
2024-11-04 17:15:27,4.200969920636808,1.019,25.72571420883662,4.200976492396411,1.019239999999999,26.168903597655625
2024-11-04 17:15:27,4.201298508598716,1.019,23.469396624933097,4.2010027794333205,1.0191999999999988,26.123777245977557
2024-11-04 17:15:27,4.201627096561725,1.019,25.72571420883662,4.20104220998875,1.0191599999999987,26.123777245977553
2024-11-04 17:15:28,4.201462802580083,1.019,26.437220450515156,4.201075068784914,1.019119999999999,26.10991447410428
2024-11-04 17:15:28,4.201134214617624,1.019,24.2430730354219,4.201081640544146,1.0190799999999989,26.066031525802416
2024-11-04 17:15:28,4.201134214617624,1.019,25.72571420883662,4.201088212303379,1.0190799999999989,26.05180140096884
2024-11-04 17:15:28,4.201627096561725,1.019,27.13035904417916,4.201134214618008,1.0190799999999989,26.051801400968838
2024-11-04 17:15:29,4.201134214617624,1.019,25.72571420883662,4.201140786377241,1.019039999999999,26.037571276135278
2024-11-04 17:15:29,4.201298508598716,1.019,27.13035904417916,4.201173645173348,1.018999999999999,26.06566417284212
2024-11-04 17:15:29,4.201462802580083,1.018,24.9947353287605,4.20117364517335,1.018959999999999,26.0510445952406
2024-11-04 17:15:29,4.201134214617624,1.018,27.13035904417916,4.201186788691803,1.0189199999999992,26.024341870704927
2024-11-04 17:15:30,4.201627096561725,1.018,27.80614130216054,4.201206503969568,1.0188799999999991,26.080569990172922
2024-11-04 17:15:30,4.201955684525837,1.018,27.13035904417916,4.201245934525129,1.0188399999999993,26.1232824644813
2024-11-04 17:15:30,4.201134214617624,1.018,26.437220450515156,4.201239362765885,1.0187999999999995,26.082716968072337
2024-11-04 17:15:30,4.201462802580083,1.018,26.437220450515156,4.201239362765886,1.0187599999999994,26.082716968072347
2024-11-04 17:15:31,4.201134214617624,1.017,26.437220450515156,4.2012327910066425,1.0186799999999996,26.142073444583986
2024-11-04 17:15:31,4.201134214617624,1.017,23.469396624933097,4.201232791006642,1.0186,26.096947092905907
2024-11-04 17:15:31,4.201462802580083,1.017,25.72571420883662,4.201252506284374,1.01852,26.082716968072347
2024-11-04 17:15:31,4.201298508598716,1.017,25.72571420883662,4.20126564980285,1.01844,26.082716968072337
2024-11-04 17:15:32,4.201462802580083,1.017,24.9947353287605,4.2012919368398025,1.0183600000000004,26.05386726563724
2024-11-04 17:15:32,4.201462802580083,1.017,24.2430730354219,4.201318223876756,1.0182800000000005,26.02421444216895
2024-11-04 17:15:32,4.201627096561725,1.017,25.72571420883662,4.201344510913753,1.0182000000000007,26.02421444216895
2024-11-04 17:15:32,4.201462802580083,1.017,26.437220450515156,4.201351082673008,1.0181200000000008,26.02421444216895
2024-11-04 17:15:33,4.201955684525837,1.017,25.72571420883662,4.201377369710093,1.018040000000001,26.009984317335373
2024-11-04 17:15:33,4.202119978508306,1.017,27.80614130216054,4.201423372024953,1.0179600000000013,26.096719210879918
2024-11-04 17:15:33,4.200969920636808,1.017,25.72571420883662,4.201423372024953,1.0178800000000012,26.08248908604635
2024-11-04 17:15:33,4.201791390543644,1.017,24.9947353287605,4.20144308730275,1.0178000000000011,26.053639383611248
2024-11-04 17:15:34,4.201791390543644,1.017,25.72571420883662,4.2014496590620265,1.0177200000000013,26.01203084174478
2024-11-04 17:15:34,4.201791390543644,1.017,25.72571420883662,4.201462802580568,1.017640000000001,25.983937945037923
2024-11-04 17:15:34,4.201627096561725,1.017,25.72571420883662,4.201482517858332,1.0175600000000011,25.998557522639448
2024-11-04 17:15:34,4.201462802580083,1.017,26.437220450515156,4.20149566137683,1.017480000000001,26.02740722507454
2024-11-04 17:15:35,4.201791390543644,1.017,27.80614130216054,4.201502233136106,1.0174000000000012,26.054785642107454
2024-11-04 17:15:35,4.201791390543644,1.016,26.437220450515156,4.201528520173145,1.0172800000000009,26.083635344542543
2024-11-04 17:15:35,4.201462802580083,1.016,24.2430730354219,4.201535091932401,1.0171600000000007,26.03975239624068
2024-11-04 17:15:35,4.201462802580083,1.016,25.72571420883662,4.201535091932402,1.0170800000000004,26.011659499533835
2024-11-04 17:15:36,4.201462802580083,1.016,24.9947353287605,4.201548235450901,1.0170000000000001,25.98280979709874
2024-11-04 17:15:36,4.201627096561725,1.016,26.437220450515156,4.201548235450902,1.0169199999999998,25.99703992193231
2024-11-04 17:15:36,4.201627096561725,1.017,25.72571420883662,4.201535091932339,1.0168799999999998,26.026692745400595
2024-11-04 17:15:36,4.202119978508306,1.017,25.72571420883662,4.201574522487967,1.0168399999999997,26.01246262056703
2024-11-04 17:15:37,4.201791390543644,1.017,23.469396624933097,4.201587666006508,1.0168,26.028405776001634
2024-11-04 17:15:37,4.200969920636808,1.016,27.13035904417916,4.201581094247274,1.0167599999999997,26.0422685478749
2024-11-04 17:15:37,4.201134214617624,1.016,24.9947353287605,4.201581094247274,1.0167199999999996,26.013418845439816
2024-11-04 17:15:37,4.201791390543644,1.014,26.437220450515156,4.201594237765817,1.0165999999999997,25.972853349030856
2024-11-04 17:15:38,4.200969920636808,1.014,25.72571420883662,4.20158109424734,1.01648,25.944760452323997
2024-11-04 17:15:38,4.200805626656267,1.014,26.437220450515156,4.201554807210385,1.0163600000000002,25.958990577157564
2024-11-04 17:15:38,4.201298508598716,1.013,24.2430730354219,4.20154823545113,1.0162,25.915107628855708
2024-11-04 17:15:38,4.200805626656267,1.013,27.13035904417916,4.201515376654911,1.0160399999999998,25.90159198369608
2024-11-04 17:15:39,4.201298508598716,1.012,26.437220450515156,4.2015088048956555,1.0158399999999999,25.848150898163485
2024-11-04 17:15:39,4.200969920636808,1.012,28.465495270963004,4.201469374340095,1.0156399999999997,25.917566097007537
2024-11-04 17:15:39,4.201134214617624,1.012,26.437220450515156,4.201429943784467,1.0154399999999997,25.917566097007537
2024-11-04 17:15:39,4.201298508598716,1.012,26.437220450515156,4.201443087302944,1.0152399999999997,25.931796221841115
2024-11-04 17:15:40,4.201462802580083,1.012,24.9947353287605,4.201429943784402,1.0150399999999997,25.962302995917657
2024-11-04 17:15:40,4.201462802580083,1.012,25.72571420883662,4.201416800265861,1.0148399999999997,25.96230299591766
2024-11-04 17:15:40,4.201298508598716,1.012,25.72571420883662,4.201397084988064,1.0146399999999998,25.948072871084086
2024-11-04 17:15:40,4.201134214617624,1.012,27.13035904417916,4.2013773697103,1.0144399999999998,26.005818591259235
2024-11-04 17:15:41,4.201134214617624,1.012,24.2430730354219,4.2013642261918,1.0142399999999998,25.976165767790935
2024-11-04 17:15:41,4.201627096561725,1.012,26.437220450515156,4.201357654432525,1.0140399999999998,25.96230299591766
2024-11-04 17:15:41,4.201298508598716,1.012,27.13035904417916,4.201337939154727,1.01388,25.990395892624516
2024-11-04 17:15:41,4.201462802580083,1.012,25.72571420883662,4.201337939154729,1.01372,25.96230299591766
2024-11-04 17:15:42,4.200969920636808,1.012,26.437220450515156,4.201318223876998,1.01356,25.991152698352764
2024-11-04 17:15:42,4.201298508598716,1.012,25.72571420883662,4.2013116521177425,1.0134,25.963059801645894
2024-11-04 17:15:42,4.201627096561725,1.012,25.72571420883662,4.2013116521177425,1.0132400000000001,25.921451259779413
2024-11-04 17:15:42,4.201462802580083,1.012,25.72571420883662,4.201305080358477,1.0130400000000002,25.893358363072565
2024-11-04 17:15:43,4.201791390543644,1.012,26.437220450515156,4.20129193683989,1.0128400000000002,25.893358363072565
2024-11-04 17:15:43,4.201462802580083,1.012,24.9947353287605,4.201278793321349,1.0126400000000002,25.86450866063748
2024-11-04 17:15:43,4.201462802580083,1.012,26.437220450515156,4.2012985085990815,1.0124800000000003,25.864508660637476
2024-11-04 17:15:43,4.201298508598716,1.012,28.465495270963004,4.201305080358325,1.0123200000000003,25.964430633558067
2024-11-04 17:15:44,4.201627096561725,1.012,25.72571420883662,4.201298508599048,1.0122400000000003,25.964430633558067
2024-11-04 17:15:44,4.201298508598716,1.012,24.9947353287605,4.201311652117523,1.0121600000000004,25.949811055956538
2024-11-04 17:15:44,4.201134214617624,1.012,25.72571420883662,4.201324795635978,1.0120800000000003,25.964430633558067
2024-11-04 17:15:44,4.200969920636808,1.012,25.72571420883662,4.2013116521175,1.0120400000000003,25.994083457026363
2024-11-04 17:15:45,4.201627096561725,1.012,27.80614130216054,4.201344510913719,1.0120000000000002,26.035691998892844
2024-11-04 17:15:45,4.201298508598716,1.012,25.72571420883662,4.201344510913718,1.0120000000000002,26.02146187405927
2024-11-04 17:15:45,4.201791390543644,1.011,24.2430730354219,4.201377369709991,1.0119600000000004,25.991809050590977
2024-11-04 17:15:45,4.201627096561725,1.011,25.72571420883662,4.2013970849877555,1.0119200000000006,25.950200508724503
2024-11-04 17:15:46,4.201955684525837,1.012,26.437220450515156,4.201423372024841,1.0119200000000006,25.964430633558077
2024-11-04 17:15:46,4.201791390543644,1.012,26.437220450515156,4.201436515543382,1.0119200000000006,25.993280335993166
2024-11-04 17:15:46,4.201462802580083,1.012,24.2430730354219,4.201436515543383,1.0119200000000006,25.963627512524877
2024-11-04 17:15:46,4.201627096561725,1.011,24.2430730354219,4.201449659061904,1.0118800000000006,25.933974689056576
2024-11-04 17:15:47,4.202284272491052,1.011,27.80614130216054,4.201495661376842,1.0118400000000007,25.975583230923057
2024-11-04 17:15:47,4.201462802580083,1.011,25.72571420883662,4.201508804895341,1.0118000000000007,25.96135310608949
2024-11-04 17:15:47,4.201791390543644,1.011,26.437220450515156,4.2015153766546165,1.0117600000000009,25.933974689056587
2024-11-04 17:15:47,4.201955684525837,1.011,23.469396624933097,4.201541663691702,1.011720000000001,25.87461821254494
2024-11-04 17:15:48,4.201791390543644,1.011,29.73826698279845,4.201554807210244,1.011680000000001,25.984522091492476
2024-11-04 17:15:48,4.201791390543644,1.011,25.72571420883662,4.201587666006517,1.0116400000000008,25.984522091492472
2024-11-04 17:15:48,4.201627096561725,1.011,24.9947353287605,4.201600809525038,1.011600000000001,25.98452209149247
2024-11-04 17:15:48,4.201955684525837,1.011,26.437220450515156,4.201613953043602,1.0115600000000011,25.984522091492472
2024-11-04 17:15:49,4.202119978508306,1.01,25.72571420883662,4.201640240080732,1.011480000000001,25.984522091492472
2024-11-04 17:15:49,4.201791390543644,1.01,24.9947353287605,4.201640240080731,1.0114000000000007,25.969902513890943
2024-11-04 17:15:49,4.201791390543644,1.011,27.13035904417916,4.201653383599273,1.0113600000000007,26.04312176227587
2024-11-04 17:15:49,4.202612860457368,1.011,27.13035904417916,4.201699385914364,1.0113200000000007,26.043121762275863
2024-11-04 17:15:50,4.201791390543644,1.011,27.13035904417916,4.201719101192161,1.0112800000000006,26.085834236584233
2024-11-04 17:15:50,4.202119978508306,1.01,25.72571420883662,4.201738816470025,1.0112000000000003,26.07160411175066
2024-11-04 17:15:50,4.202284272491052,1.01,25.72571420883662,4.201778247025718,1.01112,26.07160411175066
2024-11-04 17:15:50,4.201955684525837,1.01,26.437220450515156,4.201811105822047,1.01104,26.071604111750666
2024-11-04 17:15:51,4.201955684525837,1.01,28.465495270963004,4.201850536377608,1.0109599999999999,26.15605255646149
2024-11-04 17:15:51,4.201791390543644,1.009,25.72571420883662,4.201857108136885,1.0108399999999997,26.127959659754634
2024-11-04 17:15:51,4.202448566474072,1.009,25.72571420883662,4.201903110451898,1.0107199999999998,26.11372953492106
2024-11-04 17:15:51,4.201462802580083,1.009,24.9947353287605,4.201889966933357,1.0106399999999998,26.04431433607702
2024-11-04 17:15:52,4.201298508598716,1.008,26.437220450515156,4.201876823414836,1.0105199999999999,26.044314336077004
2024-11-04 17:15:52,4.200969920636808,1.008,29.10927472714519,4.201837392859274,1.01036,26.097755421609612
2024-11-04 17:15:52,4.200641332676002,1.008,24.9947353287605,4.20179139054457,1.0102,26.09775542160961
2024-11-04 17:15:52,4.200312744716299,1.003,23.469396624933097,4.201745388230019,1.0098400000000003,26.05262906993154
2024-11-04 17:15:53,4.199984156757696,1.003,26.437220450515156,4.201679670637857,1.0095200000000004,26.06685919476511
2024-11-04 17:15:53,4.200312744716299,1.0,26.437220450515156,4.201600809526866,1.0090800000000004,26.052996422891837
2024-11-04 17:15:53,4.200477038696013,1.0,26.437220450515156,4.201561378971504,1.0086400000000004,26.0968793711937
2024-11-04 17:15:53,4.200477038696013,1.001,26.437220450515156,4.2015088048976,1.0082400000000005,26.096879371193708
2024-11-04 17:15:54,4.200312744716299,1.001,26.437220450515156,4.2014430873052175,1.0078400000000003,26.083016599320434
2024-11-04 17:15:54,4.200805626656267,1.002,26.437220450515156,4.201403656749722,1.0074800000000004,26.097246724154
2024-11-04 17:15:54,4.200477038696013,1.002,27.80614130216054,4.201351082675817,1.0071200000000002,26.124625141186915
2024-11-04 17:15:54,4.200477038696013,1.002,25.72571420883662,4.201305080361188,1.00676,26.124625141186907
2024-11-04 17:15:55,4.200969920636808,1.002,27.80614130216054,4.2012656498056264,1.0064000000000002,26.166233683053388
2024-11-04 17:15:55,4.20014845073686,1.002,25.72571420883662,4.201186788694769,1.00608,26.166233683053388
2024-11-04 17:15:55,4.200969920636808,1.002,25.72571420883662,4.201153929898495,1.0057600000000002,26.152003558219814
2024-11-04 17:15:55,4.200969920636808,1.002,25.72571420883662,4.2011210711022215,1.0054000000000005,26.16662313582133
2024-11-04 17:15:56,4.200641332676002,1.002,26.437220450515156,4.201042209990967,1.0050400000000006,26.16662313582133
2024-11-04 17:15:56,4.200641332676002,1.002,26.437220450515156,4.200996207676261,1.004680000000001,26.126057639412373
2024-11-04 17:15:56,4.201298508598716,1.002,25.72571420883662,4.2009633488798785,1.004360000000001,26.126057639412373
2024-11-04 17:15:56,4.200805626656267,1.003,25.72571420883662,4.200904203046487,1.0040800000000007,26.14067721701389
2024-11-04 17:15:57,4.201627096561725,1.003,28.465495270963004,4.200891059527922,1.0038000000000007,26.195472838256418
2024-11-04 17:15:57,4.200805626656267,1.003,27.80614130216054,4.200845057213138,1.0035200000000004,26.2370813801229
2024-11-04 17:15:57,4.200805626656267,1.003,26.437220450515156,4.200805626657643,1.0032800000000004,26.209702963089995
2024-11-04 17:15:57,4.201298508598716,1.002,25.72571420883662,4.200759624342629,1.0030000000000003,26.209702963089995
2024-11-04 17:15:58,4.200805626656267,1.002,27.80614130216054,4.200733337305678,1.0027200000000003,26.280964328424762
2024-11-04 17:15:58,4.200969920636808,1.002,24.9947353287605,4.200720193787202,1.0024800000000003,26.26634475082324
2024-11-04 17:15:58,4.200969920636808,1.002,26.437220450515156,4.2007201937872,1.0022400000000002,26.266344750823237
2024-11-04 17:15:58,4.200805626656267,1.002,26.437220450515156,4.20072676554641,1.0020000000000002,26.266344750823247
2024-11-04 17:15:59,4.200969920636808,1.002,26.437220450515156,4.200753052583231,1.0019600000000002,26.310227699125107
2024-11-04 17:15:59,4.200805626656267,1.002,26.437220450515156,4.200785911379174,1.0019200000000006,26.354110647426978
2024-11-04 17:15:59,4.201134214617624,1.002,28.465495270963004,4.200818770175225,1.0020000000000007,26.367297726803027
2024-11-04 17:15:59,4.201134214617624,1.002,26.437220450515156,4.200845057212089,1.0020800000000007,26.3815278516366
2024-11-04 17:16:00,4.200969920636808,1.002,26.437220450515156,4.2008647724897195,1.0021200000000008,26.3815278516366
2024-11-04 17:16:00,4.200805626656267,1.002,25.72571420883662,4.200884487767318,1.0021600000000008,26.426654203314673
2024-11-04 17:16:00,4.201627096561725,1.002,24.9947353287605,4.200917346563537,1.0021600000000008,26.331783570233917
2024-11-04 17:16:00,4.201791390543644,1.002,27.13035904417916,4.200969920637443,1.0021600000000008,26.35987646694077
2024-11-04 17:16:01,4.201298508598716,1.002,25.72571420883662,4.201002779433552,1.0021600000000008,26.374496044542283
2024-11-04 17:16:01,4.201298508598716,1.002,25.72571420883662,4.201015922952028,1.0021600000000006,26.360265919708716
2024-11-04 17:16:01,4.201134214617624,1.002,27.13035904417916,4.201055353507258,1.0021600000000006,26.38835881641556
2024-11-04 17:16:01,4.201134214617624,1.002,27.13035904417916,4.201061925266491,1.0021600000000006,26.43107129072393
2024-11-04 17:16:02,4.201462802580083,1.001,27.13035904417916,4.201081640544223,1.0021200000000003,26.431071290723924
2024-11-04 17:16:02,4.201955684525837,1.001,26.437220450515156,4.201134214618218,1.0020800000000003,26.417208518850646
2024-11-04 17:16:02,4.200969920636808,1.002,26.437220450515156,4.20114735813665,1.0020800000000003,26.403345746977365
2024-11-04 17:16:02,4.201298508598716,1.002,28.465495270963004,4.20114735813665,1.0020800000000003,26.458141368219895
2024-11-04 17:16:03,4.201791390543644,1.002,27.13035904417916,4.2011867886921435,1.0020400000000003,26.486234264926747
2024-11-04 17:16:03,4.201298508598716,1.001,27.80614130216054,4.201173645173624,1.0019600000000002,26.51361268195966
2024-11-04 17:16:03,4.201462802580083,1.001,26.437220450515156,4.201199932210577,1.0018799999999999,26.473047185550694
2024-11-04 17:16:03,4.201627096561725,1.001,28.465495270963004,4.201232791006796,1.0017999999999996,26.527842806793224
2024-11-04 17:16:04,4.201298508598716,1.001,24.9947353287605,4.201232791006796,1.0017599999999995,26.513223229191702
2024-11-04 17:16:04,4.201134214617624,1.001,25.72571420883662,4.201245934525251,1.0017199999999995,26.52784280679323
2024-11-04 17:16:04,4.201627096561725,1.001,27.13035904417916,4.201272221562248,1.0016799999999997,26.54170557866651
2024-11-04 17:16:04,4.201462802580083,1.001,27.13035904417916,4.20129193683998,1.0016399999999994,26.502127265007193
2024-11-04 17:16:04,4.201627096561725,1.001,26.437220450515156,4.201324795636198,1.0015999999999992,26.530976967442285
2024-11-04 17:16:05,4.201791390543644,1.001,25.72571420883662,4.2013576544324716,1.0015599999999991,26.57610331912035
2024-11-04 17:16:05,4.201791390543644,1.001,25.72571420883662,4.201397084987967,1.001519999999999,26.561873194286783
2024-11-04 17:16:05,4.201462802580083,1.001,27.13035904417916,4.201410228506465,1.0014799999999993,26.57573596616006
2024-11-04 17:16:05,4.201627096561725,1.001,24.9947353287605,4.2014299437842295,1.0014399999999994,26.54688626372497
2024-11-04 17:16:06,4.200969920636808,1.0,25.72571420883662,4.2014299437842295,1.0013599999999994,26.532656138891397
2024-11-04 17:16:06,4.201955684525837,1.0,28.465495270963004,4.201475946099012,1.0012799999999995,26.573221635300353
2024-11-04 17:16:06,4.201955684525837,1.0,25.72571420883662,4.201489089617577,1.0011999999999996,26.558991510466775
2024-11-04 17:16:06,4.201627096561725,1.0,25.72571420883662,4.2014825178583,1.0011199999999998,26.517382968600295
2024-11-04 17:16:07,4.201627096561725,1.0,27.13035904417916,4.2014956613768195,1.00104,26.54547586530715
2024-11-04 17:16:07,4.201298508598716,1.0,25.72571420883662,4.2014956613768195,1.00096,26.503867323440673
2024-11-04 17:16:07,4.201627096561725,1.0,24.2430730354219,4.2015153766545845,1.0008800000000002,26.47421449997238
2024-11-04 17:16:07,4.201791390543644,1.0,23.469396624933097,4.201541663691626,1.0008000000000004,26.429088148294312
2024-11-04 17:16:08,4.201627096561725,1.0,25.72571420883662,4.2015482354508915,1.0007600000000003,26.429088148294312
2024-11-04 17:16:08,4.201791390543644,1.0,26.437220450515156,4.201541663691603,1.0007200000000003,26.429088148294312
2024-11-04 17:16:08,4.201627096561725,1.0,26.437220450515156,4.2015679507286,1.0006400000000002,26.429088148294312
2024-11-04 17:16:08,4.201627096561725,1.0,27.13035904417916,4.201581094247121,1.0005600000000001,26.457181045001168
2024-11-04 17:16:09,4.201462802580083,1.0,26.437220450515156,4.201567950728579,1.00048,26.471411169834738
2024-11-04 17:16:09,4.202119978508306,1.0,26.437220450515156,4.201600809524962,1.0004400000000002,26.430845673425782
2024-11-04 17:16:09,4.201791390543644,1.0,28.465495270963004,4.201613953043504,1.0004,26.44403275280183
2024-11-04 17:16:09,4.201627096561725,1.0,25.72571420883662,4.201613953043504,1.00036,26.429802627968257
2024-11-04 17:16:10,4.202119978508306,1.0,26.437220450515156,4.201646811839887,1.0003199999999999,26.44403275280183
2024-11-04 17:16:10,4.201627096561725,0.999,24.2430730354219,4.201666527117652,1.00024,26.37277138746706
2024-11-04 17:16:10,4.201791390543644,0.999,26.437220450515156,4.2016730988769275,1.0001600000000002,26.401621089902154
2024-11-04 17:16:10,4.201955684525837,0.999,27.13035904417916,4.201692814154758,1.0000800000000003,26.41548386177543
2024-11-04 17:16:11,4.202119978508306,0.999,27.80614130216054,4.201712529432621,1.0000000000000002,26.442862278808338
2024-11-04 17:16:11,4.201627096561725,0.999,24.9947353287605,4.201705957673344,0.9999200000000005,26.414012576373242
2024-11-04 17:16:11,4.201462802580083,0.999,27.13035904417916,4.201692814154802,0.9998400000000005,26.42787534824652
2024-11-04 17:16:11,4.201462802580083,0.999,24.9947353287605,4.201692814154803,0.9997600000000005,26.35846014940247
2024-11-04 17:16:12,4.201955684525837,0.999,26.437220450515156,4.201705957673368,0.9996800000000008,26.35846014940247
2024-11-04 17:16:12,4.201627096561725,0.999,25.72571420883662,4.201732244710365,0.9996400000000009,26.344230024568905
2024-11-04 17:16:12,4.202119978508306,0.999,27.13035904417916,4.201738816469663,0.9996000000000008,26.37232292127576
2024-11-04 17:16:12,4.201955684525837,0.999,27.80614130216054,4.201738816469663,0.9995600000000008,26.428551040743756
2024-11-04 17:16:13,4.201791390543644,0.999,24.9947353287605,4.2017453882289395,0.9995200000000007,26.385838566435385
2024-11-04 17:16:13,4.201791390543644,0.998,25.72571420883662,4.201751959988216,0.9994400000000004,26.38583856643538
2024-11-04 17:16:13,4.201955684525837,0.998,26.437220450515156,4.201778247025302,0.9993600000000002,26.400068691268952
2024-11-04 17:16:13,4.201627096561725,0.998,25.72571420883662,4.201778247025302,0.99928,26.371975794562093
2024-11-04 17:16:14,4.201627096561725,0.999,24.9947353287605,4.201771675266024,0.9992399999999999,26.329263320253727
2024-11-04 17:16:14,4.201955684525837,0.999,27.13035904417916,4.2017848187845885,0.9991999999999999,26.329263320253723
2024-11-04 17:16:14,4.201791390543644,0.998,26.437220450515156,4.201784818784588,0.9991199999999997,26.32926332025373
2024-11-04 17:16:14,4.201791390543644,0.998,24.9947353287605,4.201791390543864,0.9990399999999995,26.300413617818634
2024-11-04 17:16:15,4.201462802580083,0.998,26.437220450515156,4.201784818784598,0.9989599999999993,26.25984812140968
2024-11-04 17:16:15,4.202284272491052,0.998,24.2430730354219,4.201817677581038,0.9988799999999992,26.202102401234537
2024-11-04 17:16:15,4.201955684525837,0.998,25.72571420883662,4.20181110582174,0.9987999999999994,26.16049385936806
2024-11-04 17:16:15,4.202119978508306,0.998,24.9947353287605,4.201824249340326,0.9987199999999994,26.131644156932968
2024-11-04 17:16:16,4.201791390543644,0.998,25.72571420883662,4.201830821099603,0.9986399999999995,26.07684853569044
2024-11-04 17:16:16,4.201955684525837,0.998,26.437220450515156,4.201824249340303,0.9985599999999992,26.105698238125534
2024-11-04 17:16:16,4.202119978508306,0.998,25.72571420883662,4.201843964618166,0.9985199999999992,26.105698238125534
2024-11-04 17:16:16,4.202777154440939,0.998,27.13035904417916,4.201883395174059,0.9984799999999993,26.105698238125527
2024-11-04 17:16:17,4.201627096561725,0.998,24.9947353287605,4.201870251655495,0.9984399999999993,26.06298576381716
2024-11-04 17:16:17,4.201955684525837,0.998,27.80614130216054,4.201863679896197,0.9983999999999993,26.090364180850067
2024-11-04 17:16:17,4.202119978508306,0.998,25.72571420883662,4.201883395174059,0.9983599999999992,26.090364180850067
2024-11-04 17:16:17,4.202284272491052,0.998,25.72571420883662,4.201916253970499,0.9983199999999992,26.090364180850056
2024-11-04 17:16:17,4.202119978508306,0.998,27.80614130216054,4.201942541007628,0.9982799999999993,26.10387982600969
2024-11-04 17:16:18,4.201955684525837,0.997,28.465495270963004,4.201942541007628,0.9981999999999995,26.173295024853733
2024-11-04 17:16:18,4.201955684525837,0.997,26.437220450515156,4.201955684526192,0.9981199999999997,26.187525149687307
2024-11-04 17:16:18,4.202284272491052,0.997,24.9947353287605,4.201962256285502,0.9980399999999997,26.118109950843248
2024-11-04 17:16:18,4.202119978508306,0.997,25.72571420883662,4.201968828044801,0.99796,26.118109950843262
2024-11-04 17:16:19,4.202119978508306,0.997,27.80614130216054,4.201981971563387,0.9978799999999999,26.159718492709736
2024-11-04 17:16:19,4.202448566474072,0.997,25.72571420883662,4.202008258600603,0.99784,26.131625596002888
2024-11-04 17:16:19,4.202448566474072,0.997,25.72571420883662,4.202027973878532,0.9978,26.131625596002888
2024-11-04 17:16:19,4.202448566474072,0.997,27.13035904417916,4.202060832675025,0.9977600000000001,26.189371316178025
2024-11-04 17:16:20,4.202119978508306,0.997,26.437220450515156,4.202080547952888,0.9976800000000003,26.24872779268967
2024-11-04 17:16:20,4.202284272491052,0.996,27.13035904417916,4.202093691471497,0.9975600000000003,26.276820689396523
2024-11-04 17:16:20,4.201955684525837,0.996,27.80614130216054,4.2021002632307844,0.9974800000000004,26.30419910642943
2024-11-04 17:16:20,4.202119978508306,0.997,26.437220450515156,4.202113406749371,0.9974400000000003,26.304199106429422
2024-11-04 17:16:21,4.202284272491052,0.997,24.2430730354219,4.20214626554581,0.9974000000000003,26.246453386254274
2024-11-04 17:16:21,4.202284272491052,0.996,24.9947353287605,4.20214626554581,0.9973200000000003,26.21760368381919
2024-11-04 17:16:21,4.202119978508306,0.996,25.72571420883662,4.20215283730511,0.9972400000000003,26.203373558985614
2024-11-04 17:16:21,4.202448566474072,0.996,22.672238853203226,4.2021659808237395,0.9971600000000004,26.087508430630418
2024-11-04 17:16:22,4.202119978508306,0.997,25.72571420883662,4.202179124342327,0.9971200000000003,26.08750843063042
2024-11-04 17:16:22,4.202284272491052,0.997,25.72571420883662,4.202192267860936,0.9970800000000003,26.07327830579686
2024-11-04 17:16:22,4.202612860457368,0.997,25.72571420883662,4.202211983138898,0.9970400000000003,26.102931129265144
2024-11-04 17:16:22,4.201955684525837,0.996,25.72571420883662,4.202179124342295,0.9969600000000003,26.088701004431577
2024-11-04 17:16:23,4.202612860457368,0.996,25.72571420883662,4.202218554898121,0.9968800000000003,26.06060810772473
2024-11-04 17:16:23,4.201955684525837,0.996,25.72571420883662,4.202218554898121,0.9968000000000004,26.018999565858238
2024-11-04 17:16:23,4.202284272491052,0.996,26.437220450515156,4.202225126657431,0.9967200000000003,26.04784926829334
2024-11-04 17:16:23,4.202448566474072,0.996,25.72571420883662,4.2022316984167505,0.9966400000000003,26.01975637158648
2024-11-04 17:16:24,4.202612860457368,0.996,27.13035904417916,4.202251413694714,0.9965600000000003,26.06246884589486
2024-11-04 17:16:24,4.202777154440939,0.996,23.469396624933097,4.202284272491319,0.9965200000000004,26.003112369383217
2024-11-04 17:16:24,4.202941448424786,0.996,27.13035904417916,4.202323703047277,0.9964800000000005,26.03120526609007
2024-11-04 17:16:24,4.202448566474072,0.996,26.437220450515156,4.202330274806596,0.9964400000000007,26.01734249421679
2024-11-04 17:16:25,4.202448566474072,0.996,25.72571420883662,4.202343418325226,0.9964000000000006,25.97573395235031
2024-11-04 17:16:25,4.202448566474072,0.996,27.80614130216054,4.202356561843856,0.9963600000000006,26.031962071818306
2024-11-04 17:16:25,4.202284272491052,0.996,27.80614130216054,4.202349990084535,0.9963200000000004,26.073570613684797
2024-11-04 17:16:25,4.202777154440939,0.996,24.2430730354219,4.20236313360321,0.9962800000000006,26.02968766538293
2024-11-04 17:16:26,4.202448566474072,0.996,28.465495270963004,4.2023631336032095,0.9962400000000006,26.08448328662546
2024-11-04 17:16:26,4.202448566474072,0.996,27.80614130216054,4.20237627712184,0.9962000000000004,26.140711406093455
2024-11-04 17:16:26,4.202941448424786,0.996,25.72571420883662,4.202402564159189,0.9962000000000004,26.11261850938661
2024-11-04 17:16:26,4.202941448424786,0.995,26.437220450515156,4.202441994715146,0.9961600000000002,26.11261850938661
2024-11-04 17:16:27,4.202941448424786,0.995,24.9947353287605,4.202474853511805,0.9960800000000001,26.112618509386618
2024-11-04 17:16:27,4.202777154440939,0.995,26.437220450515156,4.202494568789802,0.9959999999999998,26.11261850938661
2024-11-04 17:16:27,4.202448566474072,0.995,26.437220450515156,4.202501140549122,0.9959599999999996,26.15650145768848
2024-11-04 17:16:27,4.202941448424786,0.995,24.2430730354219,4.202533999345781,0.9959199999999995,26.12684863422018
2024-11-04 17:16:28,4.202612860457368,0.995,25.72571420883662,4.202540571105113,0.9958799999999992,26.14146821182171
2024-11-04 17:16:28,4.202941448424786,0.995,24.9947353287605,4.202573429901772,0.9957999999999991,26.12684863422018
2024-11-04 17:16:28,4.202612860457368,0.995,25.72571420883662,4.202586573420426,0.9957199999999989,26.11261850938662
2024-11-04 17:16:28,4.202941448424786,0.995,25.72571420883662,4.202599716939123,0.9956399999999987,26.11261850938661
2024-11-04 17:16:29,4.202448566474072,0.994,26.437220450515156,4.202619432217052,0.995559999999999,26.09875573751334
2024-11-04 17:16:29,4.203105742408909,0.994,27.80614130216054,4.202639147495114,0.9954799999999991,26.154983856981335
2024-11-04 17:16:29,4.2034343303779815,0.994,24.9947353287605,4.2026982933292,0.9953999999999994,26.098755737513333
2024-11-04 17:16:29,4.202941448424786,0.994,24.9947353287605,4.2027245803665485,0.9953199999999995,26.084136159911814
2024-11-04 17:16:30,4.202941448424786,0.994,25.72571420883662,4.202744295644577,0.9952399999999997,26.084136159911804
2024-11-04 17:16:30,4.202777154440939,0.994,27.13035904417916,4.20275086740392,0.9951599999999999,26.07062051475218
2024-11-04 17:16:30,4.202941448424786,0.994,24.9947353287605,4.202757439163273,0.9950800000000001,26.001205315908127
2024-11-04 17:16:30,4.202941448424786,0.994,25.72571420883662,4.202757439163273,0.9950000000000003,25.986975191074553
2024-11-04 17:16:31,4.202612860457368,0.994,26.437220450515156,4.202764010922605,0.9949200000000004,26.015824893509652
2024-11-04 17:16:31,4.202284272491052,0.994,26.437220450515156,4.202757439163285,0.9948400000000003,26.030055018343226
2024-11-04 17:16:31,4.203270036393308,0.994,24.2430730354219,4.202790297960055,0.9947600000000001,25.958793653008456
2024-11-04 17:16:31,4.202941448424786,0.994,27.13035904417916,4.202816584997404,0.99468,25.986886549715308
2024-11-04 17:16:32,4.202612860457368,0.994,25.72571420883662,4.202810013238063,0.9945999999999999,25.9868865497153
2024-11-04 17:16:32,4.202941448424786,0.994,26.437220450515156,4.2028297285160905,0.9945199999999998,25.973023777842027
2024-11-04 17:16:32,4.203105742408909,0.994,27.13035904417916,4.202856015553484,0.9944399999999999,25.986886549715305
2024-11-04 17:16:32,4.202941448424786,0.994,24.9947353287605,4.202856015553484,0.9943599999999998,25.944174075406934
2024-11-04 17:16:33,4.2034343303779815,0.994,26.437220450515156,4.202875730831612,0.9943199999999998,25.91679565837403
2024-11-04 17:16:33,4.203270036393308,0.994,24.9947353287605,4.202888874350353,0.9942799999999998,25.887945955938935
2024-11-04 17:16:33,4.203270036393308,0.994,24.9947353287605,4.202908589628447,0.9942399999999998,25.902979201805703
2024-11-04 17:16:33,4.203105742408909,0.994,26.437220450515156,4.202934876665841,0.9941999999999999,25.931828904240803
2024-11-04 17:16:34,4.203105742408909,0.993,27.13035904417916,4.202941448425206,0.9941199999999999,25.959921800947654
2024-11-04 17:16:34,4.203105742408909,0.993,25.72571420883662,4.202961163703269,0.9940400000000001,26.02099130806032
2024-11-04 17:16:34,4.202941448424786,0.993,27.13035904417916,4.202961163703268,0.9939600000000002,26.049084204767173
2024-11-04 17:16:34,4.203105742408909,0.993,24.9947353287605,4.2029808789813305,0.9938800000000002,26.034464627165644
2024-11-04 17:16:35,4.202777154440939,0.992,25.72571420883662,4.202974307221977,0.9937600000000002,26.034464627165644
2024-11-04 17:16:35,4.202941448424786,0.992,24.9947353287605,4.202994022500006,0.9936800000000001,26.019845049564125
2024-11-04 17:16:35,4.202941448424786,0.992,26.437220450515156,4.202987450740641,0.9936,26.034075174397685
2024-11-04 17:16:35,4.202941448424786,0.992,28.465495270963004,4.2029677354625115,0.9935199999999998,26.088870795640204
2024-11-04 17:16:36,4.203270036393308,0.992,25.72571420883662,4.202980878981253,0.9934399999999997,26.074640670806637
2024-11-04 17:16:36,4.2035986243629315,0.992,25.72571420883662,4.203007166018779,0.9933599999999995,26.07464067080663
2024-11-04 17:16:36,4.202777154440939,0.992,24.9947353287605,4.2030071660187796,0.9932799999999992,26.03192819649826
2024-11-04 17:16:36,4.203105742408909,0.992,26.437220450515156,4.203013737778145,0.993199999999999,26.091284673009906
2024-11-04 17:16:37,4.203105742408909,0.992,25.72571420883662,4.20302030953751,0.9931199999999989,26.063191776303057
2024-11-04 17:16:37,4.203105742408909,0.992,25.72571420883662,4.2030400248155715,0.9930399999999989,26.048961651469472
2024-11-04 17:16:37,4.202941448424786,0.992,27.13035904417916,4.20306631185292,0.992959999999999,26.077054548176324
2024-11-04 17:16:37,4.202941448424786,0.992,25.72571420883662,4.203053168334178,0.992879999999999,26.035446006309847
2024-11-04 17:16:38,4.203270036393308,0.992,26.437220450515156,4.20306631185292,0.992799999999999,26.008067589276944
2024-11-04 17:16:38,4.202941448424786,0.992,25.72571420883662,4.203079455371617,0.992719999999999,26.037720412745248
2024-11-04 17:16:38,4.203762918348157,0.992,27.13035904417916,4.203112314168551,0.9926399999999993,26.011017688209563
2024-11-04 17:16:38,4.202941448424786,0.991,25.72571420883662,4.2031057424091856,0.9925199999999994,25.969409146343096
2024-11-04 17:16:39,4.2034343303779815,0.991,25.72571420883662,4.203125457687312,0.9923999999999995,25.969409146343096
2024-11-04 17:16:39,4.203270036393308,0.992,26.437220450515156,4.203118885927926,0.9923199999999995,25.969409146343096
2024-11-04 17:16:39,4.203762918348157,0.992,27.13035904417916,4.20313860120612,0.9922399999999996,26.012121620651474
2024-11-04 17:16:39,4.2034343303779815,0.992,24.9947353287605,4.203145172965506,0.9921599999999997,25.983271918216378
2024-11-04 17:16:40,4.203105742408909,0.991,24.2430730354219,4.203145172965507,0.9920399999999998,25.93938896991451
2024-11-04 17:16:40,4.2035986243629315,0.991,24.2430730354219,4.203164888243668,0.9919599999999998,25.939388969914518
2024-11-04 17:16:40,4.2035986243629315,0.991,24.2430730354219,4.203184603521829,0.9918799999999999,25.909736146446217
2024-11-04 17:16:40,4.2034343303779815,0.991,27.13035904417916,4.203204318799957,0.9918,25.952448620754595
2024-11-04 17:16:41,4.2035986243629315,0.991,25.72571420883662,4.203224034078118,0.9917199999999999,25.952448620754584
2024-11-04 17:16:41,4.2034343303779815,0.991,24.9947353287605,4.203250321115599,0.9916799999999999,25.937829043153066
2024-11-04 17:16:41,4.2034343303779815,0.992,22.672238853203226,4.203270036393727,0.9916799999999999,25.862529411206832
2024-11-04 17:16:41,4.203105742408909,0.992,25.72571420883662,4.203276608153092,0.9916799999999999,25.820920869340345
2024-11-04 17:16:42,4.2034343303779815,0.991,26.437220450515156,4.20329632343122,0.99164,25.849770571775444
2024-11-04 17:16:42,4.203762918348157,0.991,24.9947353287605,4.203316038709414,0.9915999999999999,25.849770571775437
2024-11-04 17:16:42,4.2034343303779815,0.991,24.2430730354219,4.2033094669500155,0.9915599999999999,25.820117748307148
2024-11-04 17:16:42,4.2039272123336575,0.991,25.72571420883662,4.203355469265724,0.9915199999999998,25.7920248516003
2024-11-04 17:16:43,4.202941448424786,0.991,25.72571420883662,4.203348897506359,0.9914799999999998,25.806644429201814
2024-11-04 17:16:43,4.2034343303779815,0.991,27.80614130216054,4.203362041025121,0.9914399999999998,25.848252971068295
2024-11-04 17:16:43,4.2035986243629315,0.991,27.13035904417916,4.2033817563032825,0.9913999999999997,25.862115742941572
2024-11-04 17:16:43,4.2035986243629315,0.991,25.72571420883662,4.20340804334081,0.9913599999999998,25.847885618108013
2024-11-04 17:16:44,4.203270036393308,0.99,29.10927472714519,4.203421186859551,0.99128,25.945209651942474
2024-11-04 17:16:44,4.203762918348157,0.99,26.437220450515156,4.203440902137744,0.9912000000000002,25.931346880069196
2024-11-04 17:16:44,4.2035986243629315,0.99,27.13035904417916,4.203467189175271,0.9911200000000002,25.95943977677604
2024-11-04 17:16:44,4.2039272123336575,0.991,24.9947353287605,4.203473760934692,0.9910800000000002,25.93059007434095
2024-11-04 17:16:45,4.203762918348157,0.991,26.437220450515156,4.203506619731627,0.9910800000000002,25.91672730246767
2024-11-04 17:16:45,4.2034343303779815,0.99,25.72571420883662,4.203506619731627,0.9910400000000003,25.931346880069196
2024-11-04 17:16:45,4.203270036393308,0.99,25.72571420883662,4.203506619731627,0.9909600000000003,25.91711675523562
2024-11-04 17:16:45,4.204091506319434,0.99,24.9947353287605,4.203519763250478,0.9908800000000003,25.917116755235615
2024-11-04 17:16:46,4.2035986243629315,0.99,27.80614130216054,4.203526335009876,0.9908000000000005,25.97334487470362
2024-11-04 17:16:46,4.203270036393308,0.99,26.437220450515156,4.203532906769251,0.9907600000000003,25.973344874703617
2024-11-04 17:16:46,4.203270036393308,0.99,25.72571420883662,4.2035197632504655,0.9907200000000003,25.94525197799677
2024-11-04 17:16:46,4.204091506319434,0.99,26.437220450515156,4.203539478528725,0.9906800000000002,25.959482102830343
2024-11-04 17:16:47,4.202941448424786,0.99,23.469396624933097,4.203519763250597,0.9906400000000004,25.886262854445416
2024-11-04 17:16:47,4.2039272123336575,0.99,25.72571420883662,4.203532906769426,0.9906000000000005,25.900882432046945
2024-11-04 17:16:47,4.2039272123336575,0.99,25.72571420883662,4.203552622047654,0.9905600000000002,25.900882432046938
2024-11-04 17:16:47,4.203762918348157,0.99,25.72571420883662,4.203565765566462,0.9904800000000002,25.915502009648463
2024-11-04 17:16:48,4.203762918348157,0.99,23.469396624933097,4.203592052604032,0.9904000000000002,25.856145533136818
2024-11-04 17:16:48,4.203762918348157,0.989,26.437220450515156,4.2036051961228384,0.9903200000000001,25.815580036727862
2024-11-04 17:16:48,4.203762918348157,0.989,25.72571420883662,4.203605196122838,0.9902399999999999,25.815580036727862
2024-11-04 17:16:48,4.2035986243629315,0.99,27.13035904417916,4.203611767882236,0.9902,25.843672933434714
2024-11-04 17:16:49,4.203762918348157,0.99,25.72571420883662,4.203605196122815,0.9901599999999999,25.858292511036232
2024-11-04 17:16:49,4.2039272123336575,0.99,26.437220450515156,4.203644626679171,0.9901199999999999,25.858292511036232
2024-11-04 17:16:49,4.204420094291815,0.99,24.2430730354219,4.203684057235724,0.9900799999999998,25.828639687567943
2024-11-04 17:16:49,4.203762918348157,0.99,26.437220450515156,4.203690628995132,0.9900399999999998,25.842869812401513
2024-11-04 17:16:50,4.204091506319434,0.989,27.80614130216054,4.203710344273392,0.9899599999999996,25.856385457561146
2024-11-04 17:16:50,4.204420094291815,0.989,24.9947353287605,4.203756346589332,0.9899199999999995,25.841765879959624
2024-11-04 17:16:50,4.2034343303779815,0.989,24.9947353287605,4.203743203070525,0.9898799999999995,25.81291617752453
2024-11-04 17:16:50,4.2039272123336575,0.989,26.437220450515156,4.203756346589354,0.9898399999999996,25.827146302358106
2024-11-04 17:16:51,4.204420094291815,0.989,25.72571420883662,4.20377606186768,0.9897599999999994,25.799053405651247
2024-11-04 17:16:51,4.203762918348157,0.989,26.437220450515156,4.20377606186768,0.9896799999999993,25.813283530484824
2024-11-04 17:16:51,4.203762918348157,0.989,26.437220450515156,4.203789205386488,0.9896399999999992,25.8275136553184
2024-11-04 17:16:51,4.204091506319434,0.988,26.437220450515156,4.203822064183532,0.989559999999999,25.8275136553184
2024-11-04 17:16:52,4.2039272123336575,0.988,26.437220450515156,4.203815492424102,0.9894799999999989,25.813650883445117
2024-11-04 17:16:52,4.204091506319434,0.988,25.72571420883662,4.203835207702362,0.9893999999999992,25.828270461046642
2024-11-04 17:16:52,4.204584388278419,0.988,27.80614130216054,4.203887781777766,0.9893199999999992,25.899531826381416
2024-11-04 17:16:52,4.2035986243629315,0.988,25.72571420883662,4.203900925296551,0.9892399999999993,25.929184649849702
2024-11-04 17:16:53,4.2039272123336575,0.988,24.9947353287605,4.2038943535371205,0.9891599999999996,25.944217895716477
2024-11-04 17:16:53,4.204420094291815,0.988,27.13035904417916,4.203953499371801,0.9890799999999997,25.944217895716474
2024-11-04 17:16:53,4.204420094291815,0.988,27.13035904417916,4.203973214650128,0.9889999999999999,25.97231079242333
2024-11-04 17:16:53,4.203762918348157,0.988,25.72571420883662,4.203966642890708,0.9889200000000001,25.986930370024847
2024-11-04 17:16:54,4.204091506319434,0.987,26.437220450515156,4.203979786409559,0.9888000000000002,26.06223000197109
2024-11-04 17:16:54,4.204091506319434,0.987,24.9947353287605,4.203992929928409,0.9886800000000002,26.047610424369562
2024-11-04 17:16:54,4.2039272123336575,0.987,25.72571420883662,4.2039995016878295,0.9886000000000003,26.03338029953599
2024-11-04 17:16:54,4.204584388278419,0.987,26.437220450515156,4.20403236048504,0.9885200000000003,26.06223000197109
2024-11-04 17:16:55,4.2042558003054875,0.987,27.80614130216054,4.204058647522742,0.9884000000000005,26.13349136730587
2024-11-04 17:16:55,4.203762918348157,0.988,27.13035904417916,4.204058647522741,0.9883200000000003,26.16158426401272
2024-11-04 17:16:55,4.2042558003054875,0.988,24.2430730354219,4.204071791041613,0.9882400000000002,26.13193144054442
2024-11-04 17:16:55,4.2039272123336575,0.987,27.80614130216054,4.204052075763288,0.9881200000000004,26.13193144054442
2024-11-04 17:16:56,4.2042558003054875,0.987,25.72571420883662,4.2040717910415815,0.9880000000000004,26.103838543837565
2024-11-04 17:16:56,4.2042558003054875,0.987,26.437220450515156,4.204078362801023,0.9879200000000004,26.11806866867114
2024-11-04 17:16:56,4.2039272123336575,0.987,25.72571420883662,4.2040586475226975,0.9878400000000002,26.05039745830497
2024-11-04 17:16:56,4.204584388278419,0.987,25.72571420883662,4.204104649838715,0.9877600000000001,26.036167333471386
2024-11-04 17:16:57,4.204420094291815,0.987,26.437220450515156,4.204124365117041,0.98768,26.022304561598112
2024-11-04 17:16:57,4.204748682265299,0.987,27.13035904417916,4.20413750863598,0.9876,26.06501703590649
2024-11-04 17:16:57,4.204420094291815,0.987,24.9947353287605,4.2041637956737254,0.9875200000000001,26.036167333471393
2024-11-04 17:16:57,4.2042558003054875,0.986,25.72571420883662,4.204183510952018,0.9873999999999999,26.036167333471393
2024-11-04 17:16:58,4.2042558003054875,0.986,25.72571420883662,4.20419008271146,0.9873199999999998,26.036167333471386
2024-11-04 17:16:58,4.204420094291815,0.987,26.437220450515156,4.204209797989786,0.9872799999999998,26.065017035906486
2024-11-04 17:16:58,4.204420094291815,0.987,26.437220450515156,4.204222941508681,0.9872399999999998,26.03763861887358
2024-11-04 17:16:58,4.204091506319434,0.986,26.437220450515156,4.204203226230323,0.9871599999999997,26.03763861887358
2024-11-04 17:16:59,4.204584388278419,0.986,25.72571420883662,4.204242656786942,0.9870799999999994,26.03763861887358
2024-11-04 17:16:59,4.204420094291815,0.985,25.72571420883662,4.204262372065268,0.9869599999999994,26.023408494040005
2024-11-04 17:16:59,4.204420094291815,0.985,25.72571420883662,4.204262372065268,0.9868399999999993,26.068534845718077
2024-11-04 17:16:59,4.204420094291815,0.985,27.13035904417916,4.204262372065267,0.9867199999999992,26.09662774242493
2024-11-04 17:17:00,4.2042558003054875,0.986,26.437220450515156,4.204282087343561,0.9866399999999992,26.110857867258492
2024-11-04 17:17:00,4.2042558003054875,0.986,24.2430730354219,4.204288659103003,0.9865999999999993,26.081205043790202
2024-11-04 17:17:00,4.204091506319434,0.986,27.80614130216054,4.204288659103004,0.9865599999999991,26.167939937334754
2024-11-04 17:17:00,4.2035986243629315,0.986,24.9947353287605,4.204275515584176,0.9865199999999988,26.13909023489966
2024-11-04 17:17:01,4.204748682265299,0.985,26.437220450515156,4.2042820873436515,0.9864399999999992,26.153320359733225
2024-11-04 17:17:01,4.2042558003054875,0.985,26.437220450515156,4.204282087343651,0.9863599999999993,26.13945758785995
2024-11-04 17:17:01,4.204584388278419,0.985,27.80614130216054,4.204314946140861,0.9862399999999993,26.18106612972643
2024-11-04 17:17:01,4.204420094291815,0.985,28.465495270963004,4.204321517900314,0.9861199999999993,26.221631626135387
2024-11-04 17:17:02,4.204584388278419,0.985,27.13035904417916,4.204347804938105,0.9860399999999993,26.279377346310536
2024-11-04 17:17:02,4.204912976252455,0.985,27.13035904417916,4.204374091975984,0.9859599999999995,26.29324011818382
2024-11-04 17:17:02,4.204912976252455,0.985,25.72571420883662,4.204400379013863,0.9858799999999996,26.251631576317333
2024-11-04 17:17:02,4.205077270239886,0.985,27.13035904417916,4.204446381330111,0.9857999999999998,26.29434405062571
2024-11-04 17:17:03,4.198176923005075,0.985,25.72571420883662,4.204190082719177,0.9857199999999999,26.30896362822723
2024-11-04 17:17:03,4.204420094291815,0.985,27.13035904417916,4.204190082719177,0.98564,26.322826400100507
2024-11-04 17:17:03,4.204584388278419,0.985,25.72571420883662,4.204183510959702,0.9855599999999999,26.32282640010051
2024-11-04 17:17:03,4.2042558003054875,0.985,25.72571420883662,4.204176939200249,0.9854799999999999,26.308596275266936
2024-11-04 17:17:04,4.2042558003054875,0.985,26.437220450515156,4.204176939200249,0.9854399999999999,26.308596275266936
2024-11-04 17:17:04,4.2042558003054875,0.984,25.72571420883662,4.204176939200248,0.9853599999999999,26.29436615043337
2024-11-04 17:17:04,4.204912976252455,0.984,24.9947353287605,4.2041966544786735,0.9852399999999999,26.265516447998277
2024-11-04 17:17:04,4.204420094291815,0.984,26.437220450515156,4.2041966544786735,0.98512,26.279746572831847
2024-11-04 17:17:05,4.204748682265299,0.984,25.72571420883662,4.204222941516509,0.9850400000000001,26.238138030965366
2024-11-04 17:17:05,4.205241564227593,0.984,27.13035904417916,4.204249228554477,0.9849600000000003,26.26623092767222
2024-11-04 17:17:05,4.198834098911264,0.984,25.72571420883662,4.204025788739255,0.9849200000000002,26.28085050527373
2024-11-04 17:17:05,4.205077270239886,0.984,24.9947353287605,4.204052075777178,0.9848800000000003,26.23813803096536
2024-11-04 17:17:06,4.198012629029216,0.952,24.9947353287605,4.2037957771666745,0.9835600000000002,26.195425556656982
2024-11-04 17:17:06,4.204420094291815,0.952,27.80614130216054,4.203802348926128,0.9822000000000002,26.237034098523463
2024-11-04 17:17:06,4.204584388278419,0.983,25.72571420883662,4.203815492445045,0.98208,26.22280397368989
2024-11-04 17:17:06,4.205077270239886,0.983,28.465495270963004,4.203854923001864,0.9819599999999998,26.29221917253394
2024-11-04 17:17:07,4.198834098911264,0.983,27.80614130216054,4.2036643419837985,0.9818399999999998,26.33382771440042
2024-11-04 17:17:07,4.205077270239886,0.983,24.2430730354219,4.203677485502783,0.9817599999999997,26.289944766098557
2024-11-04 17:17:07,4.193083809881397,0.983,25.72571420883662,4.203230605885818,0.9816799999999997,26.24833622423209
2024-11-04 17:17:07,4.204420094291815,0.951,26.437220450515156,4.203224034126353,0.9803199999999996,26.234473452358806
2024-11-04 17:17:08,4.193083809881397,0.951,26.437220450515156,4.2027705827499355,0.9789599999999997,26.278356400660677
2024-11-04 17:17:08,4.199326980843797,0.92,25.72571420883662,4.202560286452551,0.9763599999999997,26.236747858794196
2024-11-04 17:17:08,4.193083809881397,0.92,25.72571420883662,4.202087119797708,0.9737599999999997,26.236747858794196
2024-11-04 17:17:08,4.198834098911264,0.92,27.13035904417916,4.201843964704061,0.9711599999999998,26.250610630667474
2024-11-04 17:17:09,4.193412397816883,0.92,28.465495270963004,4.20137736980714,0.9685600000000001,26.305406251909993
2024-11-04 17:17:09,4.199162686866011,0.92,26.437220450515156,4.201416800361577,0.9659600000000002,26.319636376743563
2024-11-04 17:17:09,4.193576691785038,0.944,25.72571420883662,4.2009830642613055,0.9643200000000004,26.30540625191
2024-11-04 17:17:09,4.204912976252455,0.944,26.437220450515156,4.200996207780267,0.9626800000000005,26.291543480036715
2024-11-04 17:17:10,4.198998392888499,0.982,26.437220450515156,4.200785911483589,0.9625600000000005,26.32039318247182
2024-11-04 17:17:10,4.199162686866011,0.982,26.437220450515156,4.20058218694601,0.9624400000000005,26.33462330730538
2024-11-04 17:17:10,4.204912976252455,0.95,24.9947353287605,4.200608473983888,0.9610800000000007,26.320003729703863
2024-11-04 17:17:10,4.205077270239886,0.95,29.10927472714519,4.200615045743384,0.9597200000000008,26.37344481523646
2024-11-04 17:17:11,4.199326980843797,0.95,23.469396624933097,4.200411321205465,0.958360000000001,26.31408833872483
2024-11-04 17:17:11,4.204748682265299,0.95,26.437220450515156,4.200411321205464,0.9570000000000011,26.314088338724822
2024-11-04 17:17:11,4.199162686866011,0.95,25.72571420883662,4.200168166111001,0.955640000000001,26.314088338724822
2024-11-04 17:17:11,4.199491274821859,0.95,27.80614130216054,4.200194453147425,0.954280000000001,26.355696880591303
2024-11-04 17:17:12,4.199162686866011,0.95,26.437220450515156,4.1999578698124695,0.9529200000000011,26.36992700542488
2024-11-04 17:17:12,4.198998392888499,0.95,26.437220450515156,4.199997300366842,0.9528400000000012,26.356064233551596
2024-11-04 17:17:12,4.199491274821859,0.95,22.672238853203226,4.199800147588044,0.952760000000001,26.280764601605355
2024-11-04 17:17:12,4.199162686866011,0.95,26.437220450515156,4.199583279531547,0.951440000000001,26.324647549907212
2024-11-04 17:17:13,4.199162686866011,0.95,24.2430730354219,4.199346696196592,0.9501200000000009,26.25338618457245
2024-11-04 17:17:13,4.199326980843797,0.95,26.437220450515156,4.1993664114738944,0.9488000000000006,26.282235887007545
2024-11-04 17:17:13,4.199655568800195,0.95,26.437220450515156,4.199149543416306,0.9474800000000007,26.282235887007538
2024-11-04 17:17:13,4.198998392888499,0.95,22.672238853203226,4.199386126736591,0.9461600000000007,26.206936255061304
2024-11-04 17:17:14,4.199491274821859,0.95,23.469396624933097,4.199188973957792,0.9461200000000006,26.12020136151675
2024-11-04 17:17:14,4.199162686866011,0.95,26.437220450515156,4.199432129037176,0.9460800000000006,26.079635865107793
2024-11-04 17:17:14,4.199491274821859,0.95,25.72571420883662,4.1994387007963,0.9472800000000007,26.051542968400945
2024-11-04 17:17:14,4.199162686866011,0.95,26.437220450515156,4.199681855875683,0.9484800000000005,26.037680196527663
2024-11-04 17:17:15,4.199819862778808,0.95,27.13035904417916,4.199721286430385,0.9496800000000006,26.065773093234515
2024-11-04 17:17:15,4.198834098911264,0.949,26.437220450515156,4.19993815447416,0.9508400000000005,26.05191032136123
2024-11-04 17:17:15,4.199162686866011,0.949,27.13035904417916,4.199938154474159,0.9520000000000002,26.080003218068082
2024-11-04 17:17:15,4.199162686866011,0.949,24.9947353287605,4.200161594277398,0.9521999999999999,26.037290743759712
2024-11-04 17:17:16,4.199326980843797,0.949,26.437220450515156,4.199938154461053,0.9523999999999998,26.05152086859328
2024-11-04 17:17:16,4.199326980843797,0.949,26.437220450515156,4.199951297979265,0.9510799999999996,26.065750993426853
2024-11-04 17:17:16,4.199326980843797,0.949,26.437220450515156,4.199957869738377,0.9497599999999994,26.065750993426853
2024-11-04 17:17:16,4.199162686866011,0.949,27.13035904417916,4.199727858162919,0.9497199999999992,26.09384389013371
2024-11-04 17:17:17,4.199162686866011,0.949,26.437220450515156,4.199491274827963,0.9496799999999991,26.122693592568794
2024-11-04 17:17:17,4.199491274821859,0.949,26.437220450515156,4.199497846587086,0.9496399999999992,26.122693592568805
2024-11-04 17:17:17,4.199491274821859,0.949,23.469396624933097,4.199287550289349,0.9495999999999992,26.077567240890733
2024-11-04 17:17:17,4.199326980843797,0.949,24.2430730354219,4.19929412204846,0.9495599999999993,26.019821520715585
2024-11-04 17:17:18,4.199326980843797,0.949,24.9947353287605,4.1992875502893385,0.9495199999999994,26.005201943114066
2024-11-04 17:17:18,4.199655568800195,0.949,27.13035904417916,4.199307265566706,0.9494799999999995,26.047914417422433
2024-11-04 17:17:18,4.199326980843797,0.949,26.437220450515156,4.199320409084917,0.9494399999999996,26.076764119857536
2024-11-04 17:17:18,4.199162686866011,0.949,26.437220450515156,4.1993072655666825,0.9493999999999997,26.04938570282462
2024-11-04 17:17:19,4.199491274821859,0.948,25.72571420883662,4.199320409084916,0.9493199999999998,26.04938570282462
2024-11-04 17:17:19,4.199655568800195,0.948,26.437220450515156,4.199340124362283,0.9492400000000001,26.008820206415667
2024-11-04 17:17:19,4.199326980843797,0.948,27.80614130216054,4.199340124362283,0.9491600000000001,26.008820206415667
2024-11-04 17:17:19,4.199326980843797,0.948,23.469396624933097,4.199326980844028,0.9490800000000003,25.993346678205885
2024-11-04 17:17:20,4.198669804934304,0.947,26.437220450515156,4.199313837325859,0.9489600000000005,26.007576803039456
2024-11-04 17:17:20,4.198176923005075,0.947,26.437220450515156,4.199261263253188,0.9488400000000007,26.007576803039456
2024-11-04 17:17:20,4.198669804934304,0.947,25.72571420883662,4.199241547975919,0.9487200000000009,25.99334667820588
2024-11-04 17:17:20,4.198012629029216,0.943,26.437220450515156,4.199182402144214,0.9484400000000008,26.007576803039456
2024-11-04 17:17:21,4.198341216981209,0.943,26.437220450515156,4.199149543348822,0.9481600000000006,26.02180692787303
2024-11-04 17:17:21,4.198669804934304,0.943,28.465495270963004,4.199103541035042,0.9478800000000005,26.0485096524087
2024-11-04 17:17:21,4.198669804934304,0.943,24.2430730354219,4.199096969275963,0.9476400000000004,25.96406120769788
2024-11-04 17:17:21,4.198998392888499,0.944,25.72571420883662,4.199090397516864,0.9474400000000004,25.94983108286431
2024-11-04 17:17:22,4.199162686866011,0.944,25.72571420883662,4.199090397516864,0.9472400000000003,25.94983108286431
2024-11-04 17:17:22,4.198834098911264,0.945,26.437220450515156,4.1990706822395625,0.9470800000000001,25.94983108286431
2024-11-04 17:17:22,4.198669804934304,0.945,24.9947353287605,4.199044395203182,0.94692,25.920981380429225
2024-11-04 17:17:22,4.199326980843797,0.945,24.9947353287605,4.199044395203184,0.94676,25.89213167799413
2024-11-04 17:17:23,4.198998392888499,0.945,27.13035904417916,4.199037823444083,0.9466000000000001,25.9348441523025
2024-11-04 17:17:23,4.198834098911264,0.945,27.13035904417916,4.199024679925895,0.9464400000000002,25.895265838643173
2024-11-04 17:17:23,4.198998392888499,0.945,27.13035904417916,4.1990049646485605,0.9462800000000005,25.9684850870281
2024-11-04 17:17:23,4.198834098911264,0.945,27.13035904417916,4.198978677612137,0.9461200000000004,25.982347858901377
2024-11-04 17:17:24,4.198998392888499,0.945,27.13035904417916,4.198965534093926,0.9459600000000001,26.01044075560823
2024-11-04 17:17:24,4.198998392888499,0.945,27.13035904417916,4.198952390575714,0.9458000000000001,25.9969251104486
2024-11-04 17:17:24,4.198998392888499,0.945,26.437220450515156,4.198926103539247,0.9456400000000003,25.9969251104486
2024-11-04 17:17:24,4.199491274821859,0.945,24.9947353287605,4.198932675298369,0.9454800000000002,25.968075408013515
2024-11-04 17:17:25,4.199326980843797,0.945,26.437220450515156,4.1989392470574805,0.9453200000000002,26.043375039959745
2024-11-04 17:17:25,4.199326980843797,0.945,24.9947353287605,4.198932675298358,0.9452000000000002,26.014525337524653
2024-11-04 17:17:25,4.198834098911264,0.946,25.72571420883662,4.198899816502801,0.9451199999999998,26.044178160992942
2024-11-04 17:17:25,4.198998392888499,0.946,27.80614130216054,4.198886672984589,0.9450399999999999,26.071556578025856
2024-11-04 17:17:26,4.199326980843797,0.945,27.13035904417916,4.198886672984589,0.9449199999999999,26.085419349899134
2024-11-04 17:17:26,4.199655568800195,0.945,27.13035904417916,4.198926103539224,0.9448399999999998,26.17458175371866
2024-11-04 17:17:26,4.199491274821859,0.945,25.72571420883662,4.198978677611895,0.9447599999999998,26.21970810539672
2024-11-04 17:17:26,4.199326980843797,0.946,26.437220450515156,4.1990049646482746,0.9447199999999998,26.21970810539673
2024-11-04 17:17:27,4.199326980843797,0.946,28.465495270963004,4.199057538720858,0.9448399999999998,26.27450372663925
2024-11-04 17:17:27,4.199655568800195,0.946,27.80614130216054,4.199110112793616,0.9449599999999997,26.301882143672163
2024-11-04 17:17:27,4.199491274821859,0.946,26.437220450515156,4.199142971589119,0.9450799999999998,26.28801937179888
2024-11-04 17:17:27,4.199326980843797,0.946,25.72571420883662,4.199169258625497,0.9451999999999998,26.273789246965308
2024-11-04 17:17:28,4.199984156757696,0.946,26.437220450515156,4.1992086891802645,0.9452799999999998,26.259926475092033
2024-11-04 17:17:28,4.199326980843797,0.946,24.9947353287605,4.1992152609393765,0.9453599999999995,26.25992647509203
2024-11-04 17:17:28,4.199326980843797,0.946,26.437220450515156,4.199234976216678,0.9453999999999995,26.259926475092026
2024-11-04 17:17:28,4.199655568800195,0.946,26.437220450515156,4.199274406771313,0.9454399999999995,26.259926475092033
2024-11-04 17:17:29,4.198505510957618,0.944,25.72571420883662,4.199241547975866,0.9453999999999998,26.24569635025846
2024-11-04 17:17:29,4.198834098911264,0.944,27.80614130216054,4.199234976216777,0.94536,26.25921199541808
2024-11-04 17:17:29,4.199655568800195,0.941,27.80614130216054,4.199267835012334,0.9452000000000003,26.286590412450987
2024-11-04 17:17:29,4.199655568800195,0.941,27.13035904417916,4.199294122048801,0.9450400000000004,26.300453184324272
2024-11-04 17:17:30,4.199491274821859,0.941,24.9947353287605,4.1993204090852245,0.9448800000000006,26.33095995840082
2024-11-04 17:17:30,4.199162686866011,0.942,24.9947353287605,4.199326980844325,0.9447600000000007,26.345993204267593
2024-11-04 17:17:30,4.199162686866011,0.942,25.72571420883662,4.199333552603425,0.9446400000000008,26.36061278186911
2024-11-04 17:17:30,4.199491274821859,0.942,26.437220450515156,4.19935326788076,0.944520000000001,26.34675000999584
2024-11-04 17:17:31,4.198834098911264,0.942,27.13035904417916,4.199326980844336,0.9444000000000008,26.36061278186912
2024-11-04 17:17:31,4.199326980843797,0.942,25.72571420883662,4.1993269808443365,0.9442800000000007,26.346382657035548
2024-11-04 17:17:31,4.199162686866011,0.942,24.9947353287605,4.1993204090852245,0.9441600000000006,26.331763079434026
2024-11-04 17:17:31,4.199655568800195,0.942,27.80614130216054,4.199353267880781,0.9440000000000004,26.359141496466933
2024-11-04 17:17:32,4.199162686866011,0.943,25.72571420883662,4.199359839639882,0.9438799999999999,26.317532954600455
2024-11-04 17:17:32,4.199162686866011,0.943,25.72571420883662,4.19935326788077,0.9437999999999999,26.36265930627853
2024-11-04 17:17:32,4.199655568800195,0.942,25.72571420883662,4.19935326788077,0.9436799999999996,26.348429181444953
2024-11-04 17:17:32,4.199655568800195,0.942,27.13035904417916,4.199359839639904,0.9435599999999996,26.36229195331823
2024-11-04 17:17:33,4.199491274821859,0.942,26.437220450515156,4.1993664113990254,0.9433999999999996,26.3765220781518
2024-11-04 17:17:33,4.199491274821859,0.942,24.9947353287605,4.199372983158148,0.9432399999999997,26.347672375716705
2024-11-04 17:17:33,4.200312744716299,0.942,26.437220450515156,4.1993992701947915,0.9430799999999997,26.3476723757167
2024-11-04 17:17:33,4.199984156757696,0.942,27.13035904417916,4.1994189854722235,0.9429199999999998,26.320969651181027
2024-11-04 17:17:34,4.199491274821859,0.942,27.13035904417916,4.199425557231347,0.9427599999999999,26.378715371356165
2024-11-04 17:17:34,4.200312744716299,0.942,25.72571420883662,4.199438700749691,0.9426000000000002,26.378715371356165
2024-11-04 17:17:34,4.199491274821859,0.942,27.13035904417916,4.199445272508814,0.9424400000000003,26.40680826806301
2024-11-04 17:17:34,4.199819862778808,0.942,26.437220450515156,4.199464987786215,0.9422800000000002,26.406808268063013
2024-11-04 17:17:34,4.199491274821859,0.942,26.437220450515156,4.199458416027082,0.9421200000000002,26.435657970498113
2024-11-04 17:17:35,4.199819862778808,0.942,24.9947353287605,4.199510990099931,0.9420400000000002,26.43565797049812
2024-11-04 17:17:35,4.199819862778808,0.942,27.13035904417916,4.199550420654632,0.9419600000000001,26.435657970498113
2024-11-04 17:17:35,4.20014845073686,0.942,27.13035904417916,4.199570135932099,0.9420000000000002,26.43565797049812
2024-11-04 17:17:35,4.20014845073686,0.942,26.437220450515156,4.1995898512095655,0.9420400000000002,26.421795198624842
2024-11-04 17:17:36,4.199819862778808,0.942,26.437220450515156,4.199602994727844,0.9420800000000001,26.407932426751557
2024-11-04 17:17:36,4.199984156757696,0.942,24.9947353287605,4.199635853523511,0.94208,26.36521995244319
2024-11-04 17:17:36,4.199655568800195,0.942,27.13035904417916,4.199655568800878,0.94208,26.365219952443184
2024-11-04 17:17:36,4.199819862778808,0.941,27.80614130216054,4.199668712319156,0.9420400000000002,26.39259836947609
2024-11-04 17:17:37,4.199819862778808,0.941,26.437220450515156,4.199708142873858,0.9420000000000003,26.42144807191119
2024-11-04 17:17:37,4.20014845073686,0.942,25.72571420883662,4.19974100166958,0.9420000000000002,26.407217947077616
2024-11-04 17:17:37,4.20014845073686,0.942,24.9947353287605,4.199780432224414,0.9420000000000003,26.40721794707762
2024-11-04 17:17:37,4.199984156757696,0.942,25.72571420883662,4.1997935757427145,0.9420000000000003,26.407217947077626
2024-11-04 17:17:38,4.199655568800195,0.942,25.72571420883662,4.199813291020082,0.9419600000000002,26.365609405211135
2024-11-04 17:17:38,4.199984156757696,0.942,27.13035904417916,4.199846149815748,0.9419200000000002,26.36560940521114
2024-11-04 17:17:38,4.199819862778808,0.942,24.9947353287605,4.199852721574894,0.9419200000000002,26.322896930902772
2024-11-04 17:17:38,4.199491274821859,0.942,27.13035904417916,4.199846149815761,0.9419200000000002,26.350989827609613
2024-11-04 17:17:39,4.199984156757696,0.941,27.13035904417916,4.199865865093194,0.9418800000000002,26.36485259948289
2024-11-04 17:17:39,4.199819862778808,0.941,26.437220450515156,4.199879008611473,0.9418400000000001,26.32428710307394
2024-11-04 17:17:39,4.20014845073686,0.942,27.13035904417916,4.199872436852295,0.9418400000000001,26.31077145791431
2024-11-04 17:17:39,4.199819862778808,0.942,26.437220450515156,4.199865865093139,0.9418400000000001,26.310771457914306
2024-11-04 17:17:40,4.199984156757696,0.942,27.13035904417916,4.199885580370573,0.9418400000000001,26.33886435462116
2024-11-04 17:17:40,4.199984156757696,0.941,25.72571420883662,4.199872436852229,0.9418000000000002,26.324634229787588
2024-11-04 17:17:40,4.199655568800195,0.941,25.72571420883662,4.199879008611362,0.9417600000000003,26.339253807389113
2024-11-04 17:17:40,4.199984156757696,0.941,25.72571420883662,4.199885580370517,0.9417200000000006,26.32502368255554
2024-11-04 17:17:41,4.20014845073686,0.941,27.13035904417916,4.199911867407117,0.9416800000000006,26.338886454428817
2024-11-04 17:17:41,4.199984156757696,0.941,26.437220450515156,4.1999184391662725,0.9416400000000006,26.353116579262387
2024-11-04 17:17:41,4.200312744716299,0.941,26.437220450515156,4.199938154443772,0.9416000000000005,26.32573816222948
2024-11-04 17:17:41,4.20014845073686,0.941,28.465495270963004,4.199938154443772,0.9415600000000006,26.33892524160553
2024-11-04 17:17:42,4.200312744716299,0.941,24.9947353287605,4.199944726202949,0.9415200000000007,26.29621276729716
2024-11-04 17:17:42,4.199984156757696,0.941,24.9947353287605,4.199951297962104,0.9414800000000006,26.296212767297156
2024-11-04 17:17:42,4.199984156757696,0.941,26.437220450515156,4.199951297962104,0.9414400000000007,26.325062469732256
2024-11-04 17:17:42,4.20014845073686,0.941,23.469396624933097,4.199971013239571,0.9414000000000007,26.27993611805418
2024-11-04 17:17:43,4.200641332676002,0.941,27.13035904417916,4.2000038720354596,0.9414000000000007,26.293798889927466
2024-11-04 17:17:43,4.200312744716299,0.941,24.9947353287605,4.200023587312958,0.9414000000000007,26.25108641561909
2024-11-04 17:17:43,4.199984156757696,0.941,26.437220450515156,4.200017015553792,0.9413600000000006,26.26531654045266
2024-11-04 17:17:43,4.199655568800195,0.941,26.437220450515156,4.199997300276325,0.9413200000000006,26.29416624288776
2024-11-04 17:17:44,4.20014845073686,0.941,24.9947353287605,4.2000038720354915,0.9412800000000006,26.23793812341976
2024-11-04 17:17:44,4.200312744716299,0.941,25.72571420883662,4.200030159072136,0.9412400000000005,26.237938123419752
2024-11-04 17:17:44,4.200477038696013,0.941,27.80614130216054,4.20004987434967,0.9412000000000005,26.279546665286233
2024-11-04 17:17:44,4.199655568800195,0.941,25.72571420883662,4.200043302590524,0.9411600000000006,26.279546665286233
2024-11-04 17:17:45,4.200805626656267,0.94,26.437220450515156,4.2000958766639,0.9410800000000004,26.26568389341295
2024-11-04 17:17:45,4.200312744716299,0.94,23.469396624933097,4.200109020182244,0.9410400000000001,26.206327416901317
2024-11-04 17:17:45,4.200477038696013,0.94,27.13035904417916,4.2001353072189325,0.941,26.249039891209694
2024-11-04 17:17:45,4.200641332676002,0.94,26.437220450515156,4.2001550224964985,0.9409199999999998,26.249039891209687
2024-11-04 17:17:46,4.200477038696013,0.94,26.437220450515156,4.200181309533187,0.9408399999999996,26.235177119336413
2024-11-04 17:17:46,4.200312744716299,0.94,24.2430730354219,4.200194453051531,0.9407599999999994,26.177431399161264
2024-11-04 17:17:46,4.200477038696013,0.94,26.437220450515156,4.200214168329065,0.9407199999999992,26.191661523994835
2024-11-04 17:17:46,4.200641332676002,0.94,26.437220450515156,4.200253598884098,0.9406799999999991,26.17779875212156
2024-11-04 17:17:47,4.20014845073686,0.94,25.72571420883662,4.200260170643264,0.9406399999999993,26.163568627287987
2024-11-04 17:17:47,4.200477038696013,0.94,25.72571420883662,4.200273314161631,0.9405999999999993,26.149338502454412
2024-11-04 17:17:47,4.200641332676002,0.94,27.13035904417916,4.200299601198363,0.9405599999999994,26.19205097676278
2024-11-04 17:17:47,4.200969920636808,0.94,25.72571420883662,4.2003258882351835,0.9405199999999995,26.163958080055934
2024-11-04 17:17:48,4.200477038696013,0.939,26.437220450515156,4.2003390317535505,0.9404399999999997,26.150095308182653
2024-11-04 17:17:48,4.200641332676002,0.939,27.13035904417916,4.200352175271938,0.9403599999999999,26.16395808005593
2024-11-04 17:17:48,4.200477038696013,0.94,26.437220450515156,4.20037189054947,0.9403199999999999,26.163958080055934
2024-11-04 17:17:48,4.201134214617624,0.94,27.80614130216054,4.200417892863868,0.94028,26.220186199523933
2024-11-04 17:17:49,4.200805626656267,0.94,27.13035904417916,4.200444179900643,0.94024,26.220186199523937
2024-11-04 17:17:49,4.200805626656267,0.94,25.72571420883662,4.200450751659854,0.9401999999999999,26.17857765765746
2024-11-04 17:17:49,4.200805626656267,0.94,25.72571420883662,4.2004704669374515,0.9401599999999999,26.164347532823886
2024-11-04 17:17:49,4.200641332676002,0.94,27.13035904417916,4.200496753974185,0.9401199999999997,26.192440429530738
2024-11-04 17:17:50,4.200969920636808,0.94,27.13035904417916,4.200549328047648,0.9400799999999997,26.235152903839108
2024-11-04 17:17:50,4.200477038696013,0.939,27.80614130216054,4.200562471566014,0.9399999999999996,26.27676144570559
2024-11-04 17:17:50,4.200312744716299,0.939,27.13035904417916,4.2005624715660135,0.9399199999999998,26.304854342412433
2024-11-04 17:17:50,4.200477038696013,0.939,25.72571420883662,4.2005624715660135,0.9398399999999998,26.27676144570559
2024-11-04 17:17:51,4.200312744716299,0.939,25.72571420883662,4.200588758602658,0.9397599999999998,26.291381023307114
2024-11-04 17:17:51,4.200805626656267,0.939,26.437220450515156,4.200588758602658,0.9397199999999999,26.27751825143383
2024-11-04 17:17:51,4.200969920636808,0.939,21.84997632024192,4.200615045639478,0.9396800000000001,26.17191059695508
2024-11-04 17:17:51,4.200641332676002,0.939,23.469396624933097,4.200621617398678,0.9396400000000001,26.11255412044345
2024-11-04 17:17:52,4.200969920636808,0.939,26.437220450515156,4.200634760917109,0.9396000000000002,26.098691348570163
2024-11-04 17:17:52,4.20014845073686,0.939,25.72571420883662,4.200621617398744,0.9395600000000002,26.08446122373659
2024-11-04 17:17:52,4.201134214617624,0.939,25.72571420883662,4.200654476194796,0.9395200000000002,26.05636832702974
2024-11-04 17:17:52,4.200641332676002,0.939,24.9947353287605,4.2006610479539965,0.9394800000000002,26.04174874942822
2024-11-04 17:17:53,4.200805626656267,0.939,24.2430730354219,4.200667619713206,0.9394400000000002,26.01209592595992
2024-11-04 17:17:53,4.200969920636808,0.939,26.437220450515156,4.200700478509203,0.9394000000000001,26.026326050793497
2024-11-04 17:17:53,4.200805626656267,0.939,26.437220450515156,4.200713622027616,0.9393600000000001,26.012463278920222
2024-11-04 17:17:53,4.200969920636808,0.939,26.437220450515156,4.2007267655460465,0.93932,26.012463278920222
2024-11-04 17:17:54,4.200805626656267,0.939,26.437220450515156,4.200720193786825,0.9392799999999998,26.012463278920222
2024-11-04 17:17:54,4.200641332676002,0.939,26.437220450515156,4.200726765546025,0.9392799999999998,25.97189778251127
2024-11-04 17:17:54,4.200805626656267,0.938,24.9947353287605,4.200733337305236,0.93924,25.971897782511263
2024-11-04 17:17:54,4.200805626656267,0.938,25.72571420883662,4.200746480823645,0.9391600000000001,25.986517360112792
2024-11-04 17:17:55,4.200805626656267,0.938,26.437220450515156,4.200733337305191,0.9390800000000001,25.986517360112792
2024-11-04 17:17:55,4.200969920636808,0.938,27.80614130216054,4.200739909064413,0.9390000000000004,26.073252253657348
2024-11-04 17:17:55,4.200805626656267,0.938,26.437220450515156,4.200739909064413,0.9389200000000004,26.059389481784066
2024-11-04 17:17:55,4.200805626656267,0.938,26.437220450515156,4.200739909064413,0.9388400000000006,26.088239184219155
2024-11-04 17:17:56,4.200477038696013,0.938,25.72571420883662,4.2007333373052145,0.9387600000000006,26.07400905938558
2024-11-04 17:17:56,4.201462802580083,0.938,26.437220450515156,4.200753052582945,0.9386800000000006,26.074009059385588
2024-11-04 17:17:56,4.200969920636808,0.938,26.437220450515156,4.200772767860576,0.9386400000000006,26.10285876182068
2024-11-04 17:17:56,4.200805626656267,0.937,26.437220450515156,4.2007924831381755,0.9385600000000004,26.117088886654248
2024-11-04 17:17:57,4.200805626656267,0.937,26.437220450515156,4.200805626656585,0.9384800000000001,26.08971046962134
2024-11-04 17:17:57,4.200969920636808,0.937,24.9947353287605,4.200831913693405,0.9383999999999999,26.07509089201982
2024-11-04 17:17:57,4.201134214617624,0.937,25.72571420883662,4.200845057211859,0.9383199999999996,26.06086076718625
2024-11-04 17:17:57,4.200969920636808,0.937,26.437220450515156,4.200845057211859,0.9382399999999994,26.12021724369789
2024-11-04 17:17:58,4.201298508598716,0.938,23.469396624933097,4.200871344248767,0.9381999999999994,26.046997995312964
2024-11-04 17:17:58,4.201134214617624,0.938,25.72571420883662,4.200877916007999,0.9381599999999993,26.032767870479393
2024-11-04 17:17:58,4.201298508598716,0.937,24.2430730354219,4.200923918322473,0.9380799999999992,25.988884922177537
2024-11-04 17:17:58,4.200805626656267,0.937,25.72571420883662,4.200910774804019,0.9379999999999994,26.018537745645826
2024-11-04 17:17:59,4.200969920636808,0.937,28.465495270963004,4.2009239183224505,0.9379199999999994,26.05910324205478
2024-11-04 17:17:59,4.201462802580083,0.938,27.13035904417916,4.200950205359404,0.9378799999999998,26.072966013928056
2024-11-04 17:17:59,4.201134214617624,0.938,25.72571420883662,4.200956777118637,0.93784,26.072966013928063
2024-11-04 17:17:59,4.201462802580083,0.937,26.437220450515156,4.20098306415559,0.9377600000000001,26.087196138761627
2024-11-04 17:18:00,4.201462802580083,0.937,26.437220450515156,4.201002779433322,0.93768,26.073333366888356
2024-11-04 17:18:00,4.201134214617624,0.937,25.72571420883662,4.201015922951777,0.9375999999999998,26.073333366888345
2024-11-04 17:18:00,4.201134214617624,0.936,27.13035904417916,4.201035638229441,0.9374800000000001,26.087196138761623
2024-11-04 17:18:00,4.201134214617624,0.936,24.9947353287605,4.201048781747895,0.9374000000000001,26.044483664453256
2024-11-04 17:18:01,4.201298508598716,0.937,26.437220450515156,4.201068497025593,0.9373599999999999,26.044483664453256
2024-11-04 17:18:01,4.201298508598716,0.937,27.13035904417916,4.201088212303291,0.9373199999999996,26.030968019293628
2024-11-04 17:18:01,4.201298508598716,0.937,25.72571420883662,4.201101355821768,0.9372799999999993,26.002875122586776
2024-11-04 17:18:01,4.201627096561725,0.937,24.2430730354219,4.201134214617986,0.9372399999999993,25.973222299118483
2024-11-04 17:18:02,4.201134214617624,0.937,24.9947353287605,4.20114735813644,0.9371999999999994,25.958602721516964
2024-11-04 17:18:02,4.201627096561725,0.937,27.13035904417916,4.201193360451069,0.9371599999999997,25.958602721516957
2024-11-04 17:18:02,4.201627096561725,0.937,27.13035904417916,4.201199932210335,0.9371199999999995,25.958602721516954
2024-11-04 17:18:02,4.201627096561725,0.936,25.72571420883662,4.201226219247332,0.9370399999999995,25.916994179650473
2024-11-04 17:18:03,4.201627096561725,0.936,25.72571420883662,4.201259078043552,0.9369999999999996,25.888901282943625
2024-11-04 17:18:03,4.201627096561725,0.937,25.72571420883662,4.201291936839771,0.9369999999999996,25.888901282943625
2024-11-04 17:18:03,4.201462802580083,0.937,25.72571420883662,4.201311652117504,0.9369999999999997,25.888901282943618
2024-11-04 17:18:03,4.201134214617624,0.937,24.9947353287605,4.201311652117502,0.9369999999999997,25.86005158050852
2024-11-04 17:18:04,4.201627096561725,0.937,25.72571420883662,4.2013379391545,0.9369999999999997,25.937566338280423
2024-11-04 17:18:04,4.201134214617624,0.937,25.72571420883662,4.201331367395254,0.9369599999999997,25.982692689958494
2024-11-04 17:18:04,4.201627096561725,0.936,25.72571420883662,4.201351082673019,0.9368799999999999,25.96846256512492
2024-11-04 17:18:04,4.201627096561725,0.936,25.72571420883662,4.20136422619154,0.9368399999999998,25.96846256512491
2024-11-04 17:18:05,4.201627096561725,0.936,25.72571420883662,4.201397084987758,0.9367999999999997,25.96846256512491
2024-11-04 17:18:05,4.201627096561725,0.936,24.2430730354219,4.201423372024754,0.9367599999999999,25.953429319258145
2024-11-04 17:18:05,4.201627096561725,0.936,25.72571420883662,4.201429943784021,0.93668,25.983082142726445
2024-11-04 17:18:05,4.201462802580083,0.936,29.10927472714519,4.201443087302519,0.9366000000000001,26.036523228259043
2024-11-04 17:18:06,4.201298508598716,0.936,27.13035904417916,4.201436515543264,0.9365600000000001,26.05038600013232
2024-11-04 17:18:06,4.201134214617624,0.936,27.13035904417916,4.201423372024766,0.9365200000000001,26.064248772005598
2024-11-04 17:18:06,4.202284272491052,0.936,27.13035904417916,4.201469374339702,0.9364800000000001,26.078111543878887
2024-11-04 17:18:06,4.201791390543644,0.936,26.437220450515156,4.201495661376743,0.9364800000000002,26.078111543878887
2024-11-04 17:18:07,4.201627096561725,0.936,27.80614130216054,4.201515376654507,0.9364800000000002,26.134339663346893
2024-11-04 17:18:07,4.201955684525837,0.936,25.72571420883662,4.201541663691591,0.9364400000000002,26.134339663346893
2024-11-04 17:18:07,4.201955684525837,0.936,26.437220450515156,4.201567950728676,0.9364000000000001,26.134339663346893
2024-11-04 17:18:07,4.201462802580083,0.936,23.469396624933097,4.20157452248793,0.9363600000000001,26.04760476980234
2024-11-04 17:18:08,4.201627096561725,0.935,27.80614130216054,4.20157452248793,0.9362800000000001,26.074983186835247
2024-11-04 17:18:08,4.201955684525837,0.935,25.72571420883662,4.201607381284259,0.9362,26.060753062001677
2024-11-04 17:18:08,4.201627096561725,0.936,25.72571420883662,4.201607381284259,0.9361600000000001,26.060753062001677
2024-11-04 17:18:08,4.201955684525837,0.936,24.9947353287605,4.201620524802825,0.9361200000000001,26.03190335956658
2024-11-04 17:18:09,4.201627096561725,0.936,26.437220450515156,4.201620524802825,0.9361200000000003,26.031903359566577
2024-11-04 17:18:09,4.201955684525837,0.936,24.9947353287605,4.20163366832139,0.9361200000000003,26.00305365713148
2024-11-04 17:18:09,4.202119978508306,0.936,26.437220450515156,4.201653383599253,0.9360800000000001,26.003053657131485
2024-11-04 17:18:09,4.201791390543644,0.935,27.13035904417916,4.201666527117795,0.9360000000000003,26.045766131439855
2024-11-04 17:18:10,4.202119978508306,0.935,24.9947353287605,4.201705957673423,0.9359200000000001,26.031146553838333
2024-11-04 17:18:10,4.201298508598716,0.935,25.72571420883662,4.201692814154902,0.9358400000000002,26.01691642900476
2024-11-04 17:18:10,4.201955684525837,0.935,26.437220450515156,4.2017256729512305,0.9357600000000004,26.076272905516397
2024-11-04 17:18:10,4.201627096561725,0.935,26.437220450515156,4.2017256729512305,0.9357200000000004,26.090503030349982
2024-11-04 17:18:11,4.202119978508306,0.935,26.437220450515156,4.201745388229093,0.9356800000000005,26.134385978651846
2024-11-04 17:18:11,4.201955684525837,0.935,26.437220450515156,4.201758531747658,0.9356400000000007,26.14861610348542
2024-11-04 17:18:11,4.202119978508306,0.935,27.13035904417916,4.20177824702552,0.9356000000000005,26.121913378949742
2024-11-04 17:18:11,4.202284272491052,0.935,26.437220450515156,4.201804534062694,0.9355600000000005,26.108050607076464
2024-11-04 17:18:12,4.201791390543644,0.935,27.80614130216054,4.201817677581236,0.9355200000000005,26.149659148942945
2024-11-04 17:18:12,4.202119978508306,0.935,26.437220450515156,4.201850536377619,0.9354800000000005,26.149659148942945
2024-11-04 17:18:12,4.202119978508306,0.935,28.465495270963004,4.201889966933248,0.9354400000000005,26.1902246453519
2024-11-04 17:18:12,4.202119978508306,0.935,26.437220450515156,4.201883395173937,0.9354000000000005,26.204454770185475
2024-11-04 17:18:13,4.201955684525837,0.935,26.437220450515156,4.201889966933225,0.9353600000000004,26.190591998312193
2024-11-04 17:18:13,4.202119978508306,0.935,28.465495270963004,4.201909682211087,0.9353200000000004,26.260007197156238
2024-11-04 17:18:13,4.202119978508306,0.934,25.72571420883662,4.201916253970386,0.9352400000000002,26.24577707232267
2024-11-04 17:18:13,4.201955684525837,0.934,24.9947353287605,4.201916253970387,0.9351599999999999,26.203064598014294
2024-11-04 17:18:14,4.202119978508306,0.934,24.9947353287605,4.201942541007515,0.9350799999999997,26.18844502041277
2024-11-04 17:18:14,4.201791390543644,0.934,24.9947353287605,4.201949112766792,0.9350399999999996,26.20347826627954
2024-11-04 17:18:14,4.201462802580083,0.935,25.72571420883662,4.201929397488963,0.9350399999999996,26.21809784388107
2024-11-04 17:18:14,4.201955684525837,0.935,26.437220450515156,4.2019425410075275,0.9349999999999996,26.204235072007787
2024-11-04 17:18:15,4.201627096561725,0.934,26.437220450515156,4.201929397488963,0.9349199999999995,26.190372300134513
2024-11-04 17:18:15,4.201955684525837,0.934,24.9947353287605,4.201942541007528,0.9348399999999993,26.175752722532984
2024-11-04 17:18:15,4.202284272491052,0.934,25.72571420883662,4.201955684526137,0.9347599999999994,26.175752722532987
2024-11-04 17:18:15,4.201955684525837,0.934,27.80614130216054,4.201949112766838,0.9346799999999995,26.217361264399468
2024-11-04 17:18:16,4.201955684525837,0.934,25.72571420883662,4.2019556845261254,0.9346399999999996,26.217361264399468
2024-11-04 17:18:16,4.202448566474072,0.934,27.13035904417916,4.201968828044756,0.9345999999999997,26.26007373870784
2024-11-04 17:18:16,4.201955684525837,0.934,27.80614130216054,4.201995115081841,0.9345599999999995,26.30168228057431
2024-11-04 17:18:16,4.202119978508306,0.934,27.80614130216054,4.2020016868411405,0.9345199999999992,26.3432908224408
2024-11-04 17:18:17,4.202119978508306,0.934,25.72571420883662,4.202021402119003,0.9344799999999993,26.343290822440796
2024-11-04 17:18:17,4.201627096561725,0.934,25.72571420883662,4.20200168684114,0.9344399999999995,26.343290822440796
2024-11-04 17:18:17,4.202284272491052,0.934,21.84997632024192,4.202014830359747,0.9343999999999996,26.265776064668895
2024-11-04 17:18:17,4.202612860457368,0.934,23.469396624933097,4.202034545637711,0.9343599999999995,26.250302536459113
2024-11-04 17:18:18,4.202448566474072,0.934,26.437220450515156,4.202041117397031,0.9343199999999995,26.264532661292687
2024-11-04 17:18:18,4.202119978508306,0.934,25.72571420883662,4.2020542609156175,0.9342799999999994,26.196861450926516
2024-11-04 17:18:18,4.202119978508306,0.934,25.72571420883662,4.2020542609156175,0.9342399999999994,26.16876855421966
2024-11-04 17:18:18,4.202119978508306,0.934,25.72571420883662,4.202054260915618,0.9341999999999996,26.140675657512812
2024-11-04 17:18:19,4.202284272491052,0.934,26.437220450515156,4.202060832674928,0.9341599999999995,26.126812885639527
2024-11-04 17:18:19,4.202284272491052,0.934,26.437220450515156,4.202073976193537,0.9341199999999996,26.126812885639538
2024-11-04 17:18:19,4.202284272491052,0.934,26.437220450515156,4.202080547952846,0.9340799999999996,26.09943446860663
2024-11-04 17:18:19,4.202612860457368,0.934,24.2430730354219,4.202100263230808,0.9340799999999995,26.06978164513833
2024-11-04 17:18:20,4.202284272491052,0.933,24.9947353287605,4.202113406749417,0.9340399999999995,26.040931942703246
2024-11-04 17:18:20,4.202119978508306,0.933,26.437220450515156,4.202113406749416,0.9339999999999996,26.100288419214884
2024-11-04 17:18:20,4.202612860457368,0.933,25.72571420883662,4.2021462655459665,0.9339599999999997,26.058679877348403
2024-11-04 17:18:20,4.202119978508306,0.933,26.437220450515156,4.202172552583095,0.9338799999999999,26.07291000218198
2024-11-04 17:18:21,4.201955684525837,0.933,26.437220450515156,4.202172552583096,0.9338,26.087140127015555
2024-11-04 17:18:21,4.202119978508306,0.933,27.13035904417916,4.2021922678609585,0.93376,26.129852601323933
2024-11-04 17:18:21,4.202448566474072,0.933,25.72571420883662,4.202211983138888,0.9337200000000001,26.115622476490362
2024-11-04 17:18:21,4.202284272491052,0.933,27.80614130216054,4.202211983138888,0.9336800000000003,26.171850595958357
2024-11-04 17:18:22,4.201955684525837,0.933,26.437220450515156,4.202211983138888,0.9336400000000001,26.171850595958357
2024-11-04 17:18:22,4.202448566474072,0.933,27.80614130216054,4.202231698416816,0.9336000000000001,26.185366241117983
2024-11-04 17:18:22,4.203105742408909,0.933,27.13035904417916,4.20225798545421,0.9335600000000001,26.22807871542636
2024-11-04 17:18:22,4.202612860457368,0.933,26.437220450515156,4.202284272491472,0.93352,26.24230884025993
2024-11-04 17:18:23,4.202448566474072,0.932,24.2430730354219,4.202297416010102,0.93344,26.198425891958063
2024-11-04 17:18:23,4.202612860457368,0.932,25.72571420883662,4.202317131288064,0.9333600000000001,26.184195767124493
2024-11-04 17:18:23,4.202284272491052,0.932,27.13035904417916,4.2023434183252375,0.9332800000000002,26.19805853899777
2024-11-04 17:18:23,4.202612860457368,0.932,27.13035904417916,4.2023565618438905,0.9332000000000003,26.21192131087105
2024-11-04 17:18:24,4.202777154440939,0.932,23.469396624933097,4.202363133603233,0.9331200000000003,26.138702062486132
2024-11-04 17:18:24,4.202941448424786,0.932,26.437220450515156,4.202382848881262,0.9330400000000004,26.13870206248613
2024-11-04 17:18:24,4.202284272491052,0.932,26.437220450515156,4.202389420640572,0.9329600000000005,26.111323645453222
2024-11-04 17:18:24,4.202448566474072,0.931,26.437220450515156,4.202402564159203,0.9328400000000003,26.111323645453222
2024-11-04 17:18:25,4.202612860457368,0.931,27.13035904417916,4.202422279437165,0.9327200000000002,26.084620920917544
2024-11-04 17:18:25,4.202119978508306,0.932,27.13035904417916,4.202415707677855,0.9326400000000001,26.098483692790822
2024-11-04 17:18:25,4.202448566474072,0.932,26.437220450515156,4.202422279437176,0.9325600000000001,26.098483692790822
2024-11-04 17:18:25,4.202777154440939,0.932,24.9947353287605,4.202441994715171,0.9324800000000001,26.029068493946774
2024-11-04 17:18:26,4.202119978508306,0.932,26.437220450515156,4.202422279437208,0.9323999999999999,26.043298618780344
2024-11-04 17:18:26,4.202612860457368,0.932,25.72571420883662,4.202435422955861,0.9323599999999999,26.057918196381863
2024-11-04 17:18:26,4.202777154440939,0.932,27.13035904417916,4.202461709993166,0.93232,26.10063067069024
2024-11-04 17:18:26,4.202284272491052,0.932,24.9947353287605,4.202448566474513,0.9322800000000002,26.100630670690233
2024-11-04 17:18:26,4.202448566474072,0.931,24.9947353287605,4.202461709993144,0.9322000000000001,26.086011093088715
2024-11-04 17:18:27,4.202941448424786,0.931,27.13035904417916,4.202501140549102,0.9321200000000001,26.099873864961992
2024-11-04 17:18:27,4.202448566474072,0.931,27.13035904417916,4.202514284067732,0.9320399999999998,26.11373663683527
2024-11-04 17:18:27,4.202777154440939,0.931,24.9947353287605,4.202527427586407,0.9319599999999997,26.113736636835274
2024-11-04 17:18:27,4.202448566474072,0.931,25.72571420883662,4.202533999345728,0.9318799999999995,26.113736636835267
2024-11-04 17:18:28,4.202284272491052,0.931,25.72571420883662,4.2025471428643355,0.9317999999999994,26.072128094968793
2024-11-04 17:18:28,4.202284272491052,0.931,26.437220450515156,4.202540571105016,0.9317199999999991,26.08635821980236
2024-11-04 17:18:28,4.201791390543644,0.931,26.437220450515156,4.202487997030404,0.9316399999999989,26.072495447929086
2024-11-04 17:18:28,4.202941448424786,0.931,25.72571420883662,4.2025011405491,0.9315599999999989,26.030886906062616
2024-11-04 17:18:29,4.202448566474072,0.931,25.72571420883662,4.202501140549099,0.931519999999999,25.989278364196124
2024-11-04 17:18:29,4.202941448424786,0.931,27.13035904417916,4.202514284067797,0.9314799999999991,26.017371260902976
2024-11-04 17:18:29,4.202777154440939,0.931,25.72571420883662,4.202533999345793,0.9314399999999992,26.017371260902973
2024-11-04 17:18:29,4.202941448424786,0.931,24.2430730354219,4.20254714286449,0.9313999999999993,26.065233195206577
2024-11-04 17:18:30,4.202777154440939,0.931,27.13035904417916,4.20254714286449,0.9313599999999994,26.138452443591504
2024-11-04 17:18:30,4.202941448424786,0.931,25.72571420883662,4.20254714286449,0.9313199999999995,26.12422231875793
2024-11-04 17:18:30,4.202612860457368,0.93,26.437220450515156,4.202560286383143,0.9312399999999996,26.138452443591504
2024-11-04 17:18:30,4.2034343303779815,0.93,27.80614130216054,4.202599716939299,0.9311999999999998,26.180060985457978
2024-11-04 17:18:31,4.202777154440939,0.931,26.437220450515156,4.202606288698643,0.9311999999999998,26.19429111029155
2024-11-04 17:18:31,4.203105742408909,0.931,25.72571420883662,4.202645719254668,0.9311599999999999,26.180060985457985
2024-11-04 17:18:31,4.202777154440939,0.931,25.72571420883662,4.202658862773344,0.9311199999999998,26.16583086062441
2024-11-04 17:18:31,4.202777154440939,0.931,24.9947353287605,4.202658862773344,0.9310799999999999,26.136981158189315
2024-11-04 17:18:32,4.202941448424786,0.931,27.13035904417916,4.202691721570003,0.9310399999999999,26.194726878364463
2024-11-04 17:18:32,4.203105742408909,0.93,27.13035904417916,4.202711436848064,0.9309599999999999,26.237439352672833
2024-11-04 17:18:32,4.202941448424786,0.93,25.72571420883662,4.202718008607417,0.9308799999999999,26.22320922783927
2024-11-04 17:18:32,4.202448566474072,0.93,25.72571420883662,4.202724580366738,0.9307999999999998,26.223209227839263
2024-11-04 17:18:33,4.2034343303779815,0.93,26.437220450515156,4.202764010922894,0.9307599999999999,26.223209227839263
2024-11-04 17:18:33,4.203270036393308,0.93,24.9947353287605,4.202777154441635,0.93072,26.194359525404167
2024-11-04 17:18:33,4.203105742408909,0.93,25.72571420883662,4.202803441479029,0.9306800000000002,26.166266628697322
2024-11-04 17:18:33,4.203105742408909,0.93,27.13035904417916,4.2028165849977475,0.9306400000000002,26.194359525404174
2024-11-04 17:18:34,4.202777154440939,0.93,27.13035904417916,4.202829728516423,0.9306000000000003,26.18084388024455
2024-11-04 17:18:34,4.203105742408909,0.93,24.2430730354219,4.202862587313137,0.9305600000000003,26.13696093194268
2024-11-04 17:18:34,4.203105742408909,0.93,24.9947353287605,4.202895446109852,0.9305200000000002,26.08073281247468
2024-11-04 17:18:34,4.203105742408909,0.93,24.9947353287605,4.202948020184462,0.9304800000000002,26.0380203381663
2024-11-04 17:18:35,4.203270036393308,0.93,26.437220450515156,4.202961163703204,0.9304400000000002,26.038020338166305
2024-11-04 17:18:35,4.202941448424786,0.929,26.437220450515156,4.202980878981233,0.9303600000000002,26.081903286468176
2024-11-04 17:18:35,4.202777154440939,0.929,25.72571420883662,4.202974307221879,0.9302800000000002,26.08190328646817
2024-11-04 17:18:35,4.2034343303779815,0.929,28.465495270963004,4.203000594259361,0.9302000000000002,26.10860601100384
2024-11-04 17:18:36,4.202941448424786,0.929,25.72571420883662,4.203000594259359,0.9301200000000004,26.08051311429699
2024-11-04 17:18:36,4.202941448424786,0.929,25.72571420883662,4.203007166018713,0.9300400000000004,26.125639465975063
2024-11-04 17:18:36,4.202941448424786,0.928,24.9947353287605,4.203007166018712,0.9299200000000003,26.09678976353997
2024-11-04 17:18:36,4.2034343303779815,0.928,26.437220450515156,4.203040024815536,0.9298400000000001,26.096789763539963
2024-11-04 17:18:37,4.2034343303779815,0.928,26.437220450515156,4.203040024815535,0.92976,26.096789763539963
2024-11-04 17:18:37,4.203105742408909,0.929,27.13035904417916,4.203053168334254,0.9296799999999998,26.09678976353997
2024-11-04 17:18:37,4.203105742408909,0.929,27.13035904417916,4.203053168334254,0.9295999999999998,26.096789763539963
2024-11-04 17:18:37,4.202777154440939,0.929,25.72571420883662,4.203053168334254,0.9295199999999997,26.0825596387064
2024-11-04 17:18:37,4.202777154440939,0.929,27.13035904417916,4.203053168334254,0.9294399999999997,26.125272113014766
2024-11-04 17:18:38,4.202777154440939,0.928,26.437220450515156,4.203046596574902,0.9293199999999996,26.12527211301477
2024-11-04 17:18:38,4.203762918348157,0.928,26.437220450515156,4.203072883612472,0.9292399999999996,26.139502237848347
2024-11-04 17:18:38,4.203105742408909,0.928,24.9947353287605,4.203079455371838,0.9291599999999997,26.09678976353997
2024-11-04 17:18:38,4.202941448424786,0.929,26.437220450515156,4.203099170649866,0.9291199999999997,26.125639465975063
2024-11-04 17:18:39,4.203270036393308,0.929,26.437220450515156,4.20309259889048,0.9290799999999997,26.154489168410166
2024-11-04 17:18:39,4.203105742408909,0.929,26.437220450515156,4.203086027131104,0.9290399999999999,26.14062639653688
2024-11-04 17:18:39,4.203762918348157,0.928,27.13035904417916,4.203112314168675,0.9289599999999996,26.140626396536888
2024-11-04 17:18:39,4.202941448424786,0.928,26.437220450515156,4.203105742409309,0.9288799999999995,26.169476098971973
2024-11-04 17:18:40,4.2034343303779815,0.928,27.13035904417916,4.203132029446789,0.9287999999999996,26.197568995678825
2024-11-04 17:18:40,4.202777154440939,0.928,25.72571420883662,4.203118885928071,0.9287199999999998,26.19756899567883
2024-11-04 17:18:40,4.203762918348157,0.928,27.13035904417916,4.203145172965641,0.9286399999999996,26.211431767552106
2024-11-04 17:18:40,4.203270036393308,0.928,26.437220450515156,4.203151744725017,0.9285599999999994,26.211431767552103
2024-11-04 17:18:41,4.202777154440939,0.927,27.13035904417916,4.203132029446922,0.9284399999999993,26.239524664258955
2024-11-04 17:18:41,4.203105742408909,0.927,25.72571420883662,4.2031386012062875,0.9283599999999993,26.239524664258962
2024-11-04 17:18:41,4.202941448424786,0.927,24.9947353287605,4.203145172965641,0.9282799999999994,26.196812189950585
2024-11-04 17:18:41,4.202941448424786,0.927,25.72571420883662,4.203125457687512,0.9281999999999995,26.196812189950588
2024-11-04 17:18:42,4.2034343303779815,0.927,27.13035904417916,4.203145172965639,0.9281199999999997,26.254557910125726
2024-11-04 17:18:42,4.203270036393308,0.927,25.72571420883662,4.203158316484381,0.9280399999999998,26.226465013418885
2024-11-04 17:18:42,4.203270036393308,0.927,25.72571420883662,4.203171460003123,0.9279999999999999,26.226465013418874
2024-11-04 17:18:42,4.2034343303779815,0.927,27.13035904417916,4.203171460003122,0.9279600000000001,26.240327785292163
2024-11-04 17:18:43,4.2035986243629315,0.927,27.80614130216054,4.20317803176252,0.9279200000000002,26.240327785292163
2024-11-04 17:18:43,4.203105742408909,0.927,24.2430730354219,4.20317803176252,0.9278400000000002,26.196444836990295
2024-11-04 17:18:43,4.203105742408909,0.927,24.9947353287605,4.20317803176252,0.9277600000000001,26.181825259388766
2024-11-04 17:18:43,4.2035986243629315,0.927,28.465495270963004,4.2032108905594,0.9276800000000001,26.236620880631293
2024-11-04 17:18:44,4.203270036393308,0.927,27.80614130216054,4.203230605837495,0.9276000000000001,26.2928490000993
2024-11-04 17:18:44,4.203105742408909,0.927,27.13035904417916,4.203243749356215,0.92756,26.292849000099295
2024-11-04 17:18:44,4.203105742408909,0.927,24.9947353287605,4.203217462318645,0.9275199999999999,26.250136525790918
2024-11-04 17:18:44,4.203762918348157,0.927,26.437220450515156,4.203243749356215,0.9274799999999999,26.26436665062449
2024-11-04 17:18:45,4.202777154440939,0.927,26.437220450515156,4.203237177596861,0.9274,26.278596775458062
2024-11-04 17:18:45,4.2034343303779815,0.926,25.72571420883662,4.203243749356248,0.92728,26.264366650624495
2024-11-04 17:18:45,4.203270036393308,0.926,26.437220450515156,4.203250321115624,0.92716,26.293216353059588
2024-11-04 17:18:45,4.2039272123336575,0.926,25.72571420883662,4.203256892875044,0.92708,26.293216353059588
2024-11-04 17:18:46,4.203270036393308,0.926,26.437220450515156,4.203270036393786,0.9270000000000002,26.279353581186307
2024-11-04 17:18:46,4.203270036393308,0.926,25.72571420883662,4.203263464634398,0.9269200000000002,26.25126068447946
2024-11-04 17:18:46,4.2034343303779815,0.926,28.465495270963004,4.203289751671878,0.9268400000000002,26.335709129190274
2024-11-04 17:18:46,4.203105742408909,0.926,27.13035904417916,4.203263464634309,0.9267600000000003,26.37842160349865
2024-11-04 17:18:47,4.2034343303779815,0.926,27.13035904417916,4.203270036393695,0.9266800000000004,26.421134077807018
2024-11-04 17:18:47,4.203105742408909,0.926,26.437220450515156,4.203283179912415,0.9266400000000004,26.42113407780703
2024-11-04 17:18:47,4.2035986243629315,0.926,24.9947353287605,4.203302895190576,0.9266000000000002,26.392284375371933
2024-11-04 17:18:47,4.2034343303779815,0.926,25.72571420883662,4.203322610468703,0.9265600000000002,26.39228437537193
2024-11-04 17:18:48,4.203270036393308,0.926,27.13035904417916,4.203335753987444,0.9265200000000001,26.36558165083625
2024-11-04 17:18:48,4.2035986243629315,0.926,24.2430730354219,4.203342325746842,0.9264800000000001,26.33592882736796
2024-11-04 17:18:48,4.2034343303779815,0.925,25.72571420883662,4.2033488975062285,0.9263999999999999,26.33592882736796
2024-11-04 17:18:48,4.203105742408909,0.925,24.9947353287605,4.203342325746853,0.9263199999999996,26.335928827367958
2024-11-04 17:18:48,4.2034343303779815,0.925,23.469396624933097,4.203342325746852,0.9262399999999994,26.276572350856323
2024-11-04 17:18:49,4.203762918348157,0.925,23.469396624933097,4.203348897506261,0.9261599999999991,26.217215874344678
2024-11-04 17:18:49,4.203762918348157,0.925,26.437220450515156,4.203375184543831,0.926079999999999,26.203353102471393
2024-11-04 17:18:49,4.2034343303779815,0.925,28.465495270963004,4.2033883280625925,0.9259999999999988,26.23005582700707
2024-11-04 17:18:49,4.2035986243629315,0.925,24.9947353287605,4.203388328062593,0.9259199999999987,26.215436249405553
2024-11-04 17:18:50,4.2034343303779815,0.925,27.13035904417916,4.203394899821981,0.9258399999999987,26.21543624940555
2024-11-04 17:18:50,4.2035986243629315,0.925,24.9947353287605,4.203414615100141,0.9257599999999987,26.186586546970453
2024-11-04 17:18:50,4.2034343303779815,0.925,24.2430730354219,4.203427758618903,0.9256799999999988,26.142703598668596
2024-11-04 17:18:50,4.203270036393308,0.925,25.72571420883662,4.20340804334071,0.9255999999999989,26.15732317627011
2024-11-04 17:18:51,4.203270036393308,0.925,25.72571420883662,4.203427758618805,0.9255199999999989,26.143093051436537
2024-11-04 17:18:51,4.2034343303779815,0.925,25.72571420883662,4.203427758618805,0.925479999999999,26.12886292660297
2024-11-04 17:18:51,4.2039272123336575,0.925,26.437220450515156,4.20345404565642,0.9254399999999992,26.12886292660297
2024-11-04 17:18:51,4.203762918348157,0.925,25.72571420883662,4.203447473897,0.9253999999999992,26.100770029896122
2024-11-04 17:18:52,4.2034343303779815,0.925,27.13035904417916,4.203454045656387,0.9253599999999993,26.1146328017694
2024-11-04 17:18:52,4.203762918348157,0.925,25.72571420883662,4.203473760934581,0.9253199999999994,26.086539905062555
2024-11-04 17:18:52,4.203270036393308,0.924,26.437220450515156,4.2034671891751945,0.9252399999999994,26.100770029896122
2024-11-04 17:18:52,4.2035986243629315,0.924,24.9947353287605,4.203486904453356,0.9251599999999996,26.05805755558775
2024-11-04 17:18:53,4.2039272123336575,0.924,26.437220450515156,4.2035066197315825,0.9250799999999997,26.058057555587748
2024-11-04 17:18:53,4.203105742408909,0.924,26.437220450515156,4.2035066197315825,0.9249999999999998,26.044194783714474
2024-11-04 17:18:53,4.203762918348157,0.924,24.9947353287605,4.203513191490991,0.9249199999999999,26.029575206112955
2024-11-04 17:18:53,4.2034343303779815,0.924,26.437220450515156,4.203513191490991,0.9248400000000001,26.05842490854804
2024-11-04 17:18:54,4.204420094291815,0.924,26.437220450515156,4.20355919380693,0.9247600000000001,26.072655033381615
2024-11-04 17:18:54,4.204091506319434,0.924,25.72571420883662,4.2035789090851905,0.9246800000000002,26.044562136674767
2024-11-04 17:18:54,4.2035986243629315,0.924,24.9947353287605,4.203585480844589,0.9246400000000001,26.029942559073238
2024-11-04 17:18:54,4.2034343303779815,0.924,28.465495270963004,4.203598624363352,0.9246000000000001,26.084738180315757
2024-11-04 17:18:55,4.2034343303779815,0.924,26.437220450515156,4.203598624363351,0.92456,26.07087540844248
2024-11-04 17:18:55,4.204091506319434,0.924,27.80614130216054,4.203611767882201,0.92452,26.07087540844249
2024-11-04 17:18:55,4.2035986243629315,0.924,26.437220450515156,4.203605196122791,0.92448,26.11475835674435
2024-11-04 17:18:55,4.203762918348157,0.924,26.437220450515156,4.203618339641599,0.9244399999999999,26.143608059179442
2024-11-04 17:18:56,4.204091506319434,0.924,26.437220450515156,4.203638054919859,0.9243999999999999,26.103042562770497
2024-11-04 17:18:56,4.204091506319434,0.924,24.9947353287605,4.203664341957516,0.9243599999999997,26.046814443302488
2024-11-04 17:18:56,4.2039272123336575,0.923,25.72571420883662,4.203677485476347,0.9242799999999999,26.018721546595643
2024-11-04 17:18:56,4.204091506319434,0.923,27.13035904417916,4.203703772514004,0.9241999999999999,26.06143402090402
2024-11-04 17:18:57,4.203762918348157,0.923,26.437220450515156,4.203723487792198,0.9241199999999999,26.061434020904017
2024-11-04 17:18:57,4.203762918348157,0.923,26.437220450515156,4.203743203070394,0.92404,26.061434020904017
2024-11-04 17:18:57,4.2035986243629315,0.923,25.72571420883662,4.2037497748297925,0.9239600000000001,26.061434020904017
2024-11-04 17:18:57,4.2035986243629315,0.923,24.9947353287605,4.203736631310963,0.9238800000000001,26.03258431846892
2024-11-04 17:18:58,4.2039272123336575,0.923,24.9947353287605,4.203743203070383,0.9238000000000004,26.01796474086739
2024-11-04 17:18:58,4.203762918348157,0.923,25.72571420883662,4.20375634658919,0.9237200000000003,26.003734616033825
2024-11-04 17:18:58,4.204091506319434,0.923,26.437220450515156,4.203769490108041,0.9236400000000005,26.01796474086739
2024-11-04 17:18:58,4.2039272123336575,0.923,25.72571420883662,4.203795777145655,0.9236000000000005,25.96316911962486
2024-11-04 17:18:59,4.2042558003054875,0.923,24.9947353287605,4.203822064183357,0.9235600000000006,25.920456645316484
2024-11-04 17:18:59,4.204091506319434,0.923,26.437220450515156,4.203828635942787,0.9235200000000008,25.906593873443207
2024-11-04 17:18:59,4.204091506319434,0.923,27.13035904417916,4.203868066499208,0.9234800000000009,25.920456645316484
2024-11-04 17:18:59,4.203762918348157,0.923,25.72571420883662,4.203868066499209,0.9234400000000009,25.935076222918006
2024-11-04 17:19:00,4.2042558003054875,0.923,26.437220450515156,4.203900925296307,0.923400000000001,25.94930634775159
2024-11-04 17:19:00,4.2042558003054875,0.923,27.80614130216054,4.203894353536854,0.9233600000000011,25.962821992911213
2024-11-04 17:19:00,4.204091506319434,0.923,28.465495270963004,4.203894353536853,0.923320000000001,26.047270437622036
2024-11-04 17:19:00,4.204091506319434,0.923,27.80614130216054,4.203914068815113,0.9232800000000012,26.088878979488516
2024-11-04 17:19:01,4.204584388278419,0.923,26.437220450515156,4.203960071131132,0.9232400000000012,26.11772868192361
2024-11-04 17:19:01,4.204091506319434,0.923,26.437220450515156,4.203986358168788,0.9232000000000012,26.177085158435258
2024-11-04 17:19:01,4.204091506319434,0.923,26.437220450515156,4.203986358168788,0.9231600000000012,26.236441634946903
2024-11-04 17:19:01,4.204420094291815,0.922,26.437220450515156,4.204019216965944,0.9230800000000009,26.236441634946896
2024-11-04 17:19:02,4.2039272123336575,0.922,26.437220450515156,4.204025788725364,0.9230000000000008,26.19587613853794
2024-11-04 17:19:02,4.2042558003054875,0.922,28.465495270963004,4.204032360484806,0.9229200000000006,26.265291337381996
2024-11-04 17:19:02,4.2042558003054875,0.922,24.9947353287605,4.204038932244249,0.9228400000000003,26.22257886307362
2024-11-04 17:19:02,4.203762918348157,0.922,25.72571420883662,4.204032360484828,0.9228000000000002,26.237198440675137
2024-11-04 17:19:03,4.2042558003054875,0.922,28.465495270963004,4.204038932244271,0.9227599999999999,26.321646885385963
2024-11-04 17:19:03,4.2039272123336575,0.922,24.2430730354219,4.204045504003691,0.9227199999999998,26.29199406191767
2024-11-04 17:19:03,4.2042558003054875,0.922,24.2430730354219,4.204065219281984,0.9226799999999996,26.26234123844937
2024-11-04 17:19:03,4.204091506319434,0.921,26.437220450515156,4.204084934560245,0.9225999999999996,26.276571363282947
2024-11-04 17:19:04,4.204091506319434,0.921,25.72571420883662,4.204104649838504,0.9225199999999997,26.26234123844937
2024-11-04 17:19:04,4.204584388278419,0.921,25.72571420883662,4.204130936876294,0.9224399999999997,26.26234123844937
2024-11-04 17:19:04,4.204584388278419,0.921,26.437220450515156,4.204163795673505,0.9223599999999997,26.24847846657609
2024-11-04 17:19:04,4.2039272123336575,0.921,25.72571420883662,4.204157223914075,0.9222799999999998,26.24847846657609
2024-11-04 17:19:05,4.2042558003054875,0.921,25.72571420883662,4.2041703674329485,0.9221999999999998,26.234248341742514
2024-11-04 17:19:05,4.203762918348157,0.921,27.13035904417916,4.204150652154656,0.9221199999999999,26.27696081605088
2024-11-04 17:19:05,4.204091506319434,0.921,25.72571420883662,4.204150652154656,0.9220400000000001,26.26273069121731
2024-11-04 17:19:05,4.2042558003054875,0.921,25.72571420883662,4.204157223914097,0.92196,26.248500566383747
2024-11-04 17:19:06,4.203762918348157,0.921,25.72571420883662,4.204157223914098,0.92188,26.26312014398526
2024-11-04 17:19:06,4.204748682265299,0.921,25.72571420883662,4.20417693919249,0.9218,26.248890019151695
2024-11-04 17:19:06,4.2035986243629315,0.921,25.72571420883662,4.204150652154787,0.92172,26.23465989431812
2024-11-04 17:19:06,4.2042558003054875,0.921,26.437220450515156,4.20415722391423,0.9216399999999999,26.248890019151695
2024-11-04 17:19:07,4.2042558003054875,0.921,26.437220450515156,4.20416379567367,0.9215599999999998,26.277739721586787
2024-11-04 17:19:07,4.2042558003054875,0.921,28.465495270963004,4.204150652154753,0.9214799999999999,26.277739721586787
2024-11-04 17:19:07,4.204912976252455,0.921,26.437220450515156,4.204183510952074,0.9213999999999998,26.277739721586794
2024-11-04 17:19:07,4.204420094291815,0.92,29.10927472714519,4.204196654470969,0.9212799999999999,26.30380239008649
2024-11-04 17:19:08,4.204091506319434,0.92,27.13035904417916,4.204183510952074,0.9211999999999999,26.317665161959766
2024-11-04 17:19:08,4.204748682265299,0.92,25.72571420883662,4.204216369749339,0.9211199999999999,26.3034350371262
2024-11-04 17:19:08,4.203762918348157,0.92,27.13035904417916,4.204196654471047,0.92104,26.317297808999477
2024-11-04 17:19:08,4.204420094291815,0.92,26.437220450515156,4.204203226230499,0.92096,26.346147511434573
2024-11-04 17:19:09,4.204584388278419,0.919,27.13035904417916,4.20423608502771,0.9208399999999999,26.374240408141418
2024-11-04 17:19:09,4.204420094291815,0.919,24.9947353287605,4.204242656787163,0.9207199999999999,26.331527933833048
2024-11-04 17:19:09,4.204420094291815,0.919,27.13035904417916,4.2042623720654895,0.9205999999999996,26.345390705706325
2024-11-04 17:19:09,4.2042558003054875,0.92,27.80614130216054,4.2042623720654895,0.9205199999999998,26.372769122739232
2024-11-04 17:19:10,4.204584388278419,0.92,26.437220450515156,4.20428208734385,0.9204799999999999,26.386999247572803
2024-11-04 17:19:10,4.2042558003054875,0.92,27.80614130216054,4.204288659103291,0.9204399999999999,26.443227367040798
2024-11-04 17:19:10,4.204584388278419,0.92,29.10927472714519,4.204288659103291,0.9204000000000001,26.5255181550085
2024-11-04 17:19:10,4.204420094291815,0.919,24.9947353287605,4.204282087343827,0.9203199999999999,26.51089857740697
2024-11-04 17:19:11,4.204420094291815,0.919,25.72571420883662,4.204301802622154,0.9202400000000001,26.496668452573395
2024-11-04 17:19:11,4.204091506319434,0.919,26.437220450515156,4.204295230862711,0.9201600000000001,26.51089857740697
2024-11-04 17:19:11,4.204748682265299,0.919,28.465495270963004,4.204334661419397,0.9200800000000001,26.580313776251025
2024-11-04 17:19:11,4.204420094291815,0.919,24.9947353287605,4.204347804938292,0.9199999999999998,26.55146407381593
2024-11-04 17:19:12,4.204584388278419,0.919,25.72571420883662,4.20436094845721,0.9199199999999997,26.523371177109084
2024-11-04 17:19:12,4.204748682265299,0.919,25.72571420883662,4.2044003790138955,0.9198399999999995,26.523371177109073
2024-11-04 17:19:12,4.2042558003054875,0.919,24.9947353287605,4.204380663735503,0.9197599999999995,26.494521474673988
2024-11-04 17:19:12,4.204091506319434,0.919,25.72571420883662,4.204400379013762,0.9196799999999995,26.45291293280751
2024-11-04 17:19:13,4.204584388278419,0.919,25.72571420883662,4.20441352253268,0.9195999999999994,26.398117311564985
2024-11-04 17:19:13,4.204584388278419,0.919,24.9947353287605,4.204426666051598,0.9195199999999994,26.341889192096982
2024-11-04 17:19:13,4.204420094291815,0.919,25.72571420883662,4.204433237811051,0.9194399999999995,26.32765906726341
2024-11-04 17:19:13,4.204584388278419,0.918,25.72571420883662,4.204420094292089,0.9193199999999996,26.313428942429837
2024-11-04 17:19:14,4.204748682265299,0.918,27.13035904417916,4.2044332378110285,0.9192399999999995,26.327291714303115
2024-11-04 17:19:14,4.205405858215576,0.918,25.72571420883662,4.204485811886875,0.9191599999999995,26.313061589469545
2024-11-04 17:19:14,4.199162686866011,0.918,26.437220450515156,4.204262372070904,0.9190799999999996,26.313061589469545
2024-11-04 17:19:14,4.205241564227593,0.918,27.80614130216054,4.204321517906082,0.9189999999999996,26.299874510093495
2024-11-04 17:19:15,4.198505510957618,0.899,25.72571420883662,4.204084934572715,0.9181599999999999,26.31449408769502
2024-11-04 17:19:15,4.204420094291815,0.899,25.72571420883662,4.20407836281325,0.9173600000000001,26.31449408769502
2024-11-04 17:19:15,4.204748682265299,0.918,27.13035904417916,4.2040915063321895,0.9173200000000001,26.287791363159343
2024-11-04 17:19:15,4.205241564227593,0.918,25.72571420883662,4.204124365129621,0.9172800000000001,26.317444186627636
2024-11-04 17:19:16,4.198834098911264,0.918,24.9947353287605,4.203907497073852,0.9172000000000001,26.33247743249441
2024-11-04 17:19:16,4.205077270239886,0.918,24.2430730354219,4.203927212352311,0.91712,26.288594484192544
2024-11-04 17:19:16,4.198505510957618,0.918,25.72571420883662,4.203697200778397,0.91704,26.288594484192544
2024-11-04 17:19:16,4.204748682265299,0.902,26.437220450515156,4.203703772537871,0.9163199999999999,26.30282460902612
2024-11-04 17:19:17,4.198998392888499,0.902,26.437220450515156,4.203486904481739,0.9156399999999999,26.30282460902612
2024-11-04 17:19:17,4.198669804934304,0.886,24.9947353287605,4.203256892907438,0.9143200000000001,26.2882050314246
2024-11-04 17:19:17,4.198505510957618,0.886,25.72571420883662,4.203033453092966,0.9130000000000003,26.288205031424596
2024-11-04 17:19:17,4.198834098911264,0.886,24.9947353287605,4.202796869758806,0.9116800000000004,26.245492557116226
2024-11-04 17:19:18,4.199491274821859,0.886,25.72571420883662,4.202599716980008,0.9103600000000004,26.245492557116233
2024-11-04 17:19:18,4.198669804934304,0.886,27.13035904417916,4.202363133646242,0.9090400000000005,26.273585453823074
2024-11-04 17:19:18,4.198998392888499,0.886,27.80614130216054,4.202133122071171,0.9077200000000006,26.315193995689555
2024-11-04 17:19:18,4.199491274821859,0.886,26.437220450515156,4.201942541051825,0.9064000000000008,26.329424120523125
2024-11-04 17:19:19,4.198669804934304,0.885,25.72571420883662,4.20172567299642,0.9050400000000005,26.329424120523125
2024-11-04 17:19:19,4.198176923005075,0.885,27.80614130216054,4.201469374385486,0.9036800000000003,26.35680253755603
2024-11-04 17:19:19,4.197355453128532,0.885,25.72571420883662,4.201180216979489,0.9023200000000001,26.342572412722458
2024-11-04 17:19:19,4.198176923005075,0.88,25.72571420883662,4.200930490128019,0.9007600000000001,26.287776791479928
2024-11-04 17:19:20,4.198341216981209,0.88,27.13035904417916,4.2006807632761305,0.89924,26.301639563353195
2024-11-04 17:19:20,4.197684041078324,0.879,25.72571420883662,4.200398177628651,0.8976799999999997,26.23396835298703
2024-11-04 17:19:20,4.197684041078324,0.879,24.9947353287605,4.200089304943162,0.8961199999999995,26.19125587867866
2024-11-04 17:19:20,4.19751974710329,0.879,27.13035904417916,4.200023587352652,0.8945599999999995,26.219348775385516
2024-11-04 17:19:21,4.198012629029216,0.879,24.9947353287605,4.199734429944717,0.8929999999999996,26.17663630107714
2024-11-04 17:19:21,4.198012629029216,0.88,24.9947353287605,4.19971471466758,0.8922399999999997,26.14778659864205
2024-11-04 17:19:21,4.1978483350536315,0.88,24.9947353287605,4.1994518442980535,0.8914799999999998,26.105074124333672
2024-11-04 17:19:21,4.198669804934304,0.88,27.13035904417916,4.199208689204815,0.8899599999999999,26.14778659864205
2024-11-04 17:19:22,4.198176923005075,0.879,27.13035904417916,4.198926103555914,0.8883999999999999,26.147786598642057
2024-11-04 17:19:22,4.1978483350536315,0.879,24.9947353287605,4.198886673001609,0.88684,26.091558479174054
2024-11-04 17:19:22,4.1978483350536315,0.88,25.72571420883662,4.198597515594159,0.8853200000000002,26.07732835434047
2024-11-04 17:19:22,4.198012629029216,0.88,28.465495270963004,4.198577800317023,0.8838000000000005,26.09051543371653
2024-11-04 17:19:23,4.198341216981209,0.88,22.672238853203226,4.198321501705659,0.8829200000000005,25.961774716237684
2024-11-04 17:19:23,4.198176923005075,0.88,29.10927472714519,4.198288642910322,0.8820400000000004,26.04406550420538
2024-11-04 17:19:23,4.198341216981209,0.88,27.13035904417916,4.1982754993921985,0.8818000000000004,26.072158400912237
2024-11-04 17:19:23,4.198012629029216,0.88,26.437220450515156,4.198255784115062,0.8815600000000007,26.07215840091223
2024-11-04 17:19:24,4.1978483350536315,0.88,25.72571420883662,4.198216353560757,0.8813200000000009,26.017362779669703
2024-11-04 17:19:24,4.198176923005075,0.88,26.437220450515156,4.198163779488086,0.8810800000000008,26.046212482104792
2024-11-04 17:19:24,4.198176923005075,0.88,26.437220450515156,4.198144064210917,0.8808400000000007,26.060442606938366
2024-11-04 17:19:24,4.198176923005075,0.88,25.72571420883662,4.19811120541558,0.8806000000000006,26.060442606938366
2024-11-04 17:19:25,4.198341216981209,0.88,25.72571420883662,4.1980652031019545,0.8803600000000005,26.075062184539885
2024-11-04 17:19:25,4.198341216981209,0.88,26.437220450515156,4.198052059583831,0.8801600000000005,26.08929230937347
2024-11-04 17:19:25,4.198834098911264,0.88,27.13035904417916,4.198078346620078,0.8799600000000005,26.11738520608031
2024-11-04 17:19:25,4.198341216981209,0.88,25.72571420883662,4.198117777174186,0.8797600000000005,26.13200478368184
2024-11-04 17:19:26,4.198176923005075,0.88,24.2430730354219,4.198117777174184,0.8797600000000004,26.10235196021354
2024-11-04 17:19:26,4.198176923005075,0.879,26.437220450515156,4.198111205415139,0.8797200000000001,26.116582085047114
2024-11-04 17:19:26,4.198176923005075,0.879,27.80614130216054,4.198130920692209,0.87972,26.130097730206742
2024-11-04 17:19:26,4.198176923005075,0.879,24.9947353287605,4.198150635969279,0.8797199999999998,26.115478152605213
2024-11-04 17:19:27,4.198176923005075,0.879,24.9947353287605,4.1981769230053505,0.8797199999999996,26.086628450170128
2024-11-04 17:19:27,4.198176923005075,0.879,26.437220450515156,4.198183494764384,0.8797199999999995,26.05925003313722
2024-11-04 17:19:27,4.1978483350536315,0.879,27.13035904417916,4.19817692300536,0.8796799999999994,26.087342929844066
2024-11-04 17:19:27,4.198341216981209,0.879,27.13035904417916,4.198196638282464,0.8796399999999991,26.11543582655092
2024-11-04 17:19:28,4.198505510957618,0.879,24.2430730354219,4.198190066523396,0.8795999999999993,26.057690106375773
2024-11-04 17:19:28,4.198505510957618,0.879,26.437220450515156,4.198203210041497,0.8795999999999994,26.07192023120935
2024-11-04 17:19:28,4.198341216981209,0.879,24.9947353287605,4.198222925318602,0.8795999999999995,26.071920231209347
2024-11-04 17:19:28,4.197684041078324,0.879,24.9947353287605,4.19821635355959,0.8795599999999996,26.086953477076122
2024-11-04 17:19:29,4.198176923005075,0.879,25.72571420883662,4.198222925318625,0.8795199999999997,26.08695347707611
2024-11-04 17:19:29,4.1978483350536315,0.879,25.72571420883662,4.198203210041522,0.8794799999999998,26.072723352242537
2024-11-04 17:19:29,4.197684041078324,0.879,26.437220450515156,4.198183494764453,0.8794399999999999,26.072723352242548
2024-11-04 17:19:29,4.19751974710329,0.877,25.72571420883662,4.198150635969336,0.8793200000000002,26.087342929844063
2024-11-04 17:19:30,4.197684041078324,0.877,25.72571420883662,4.198137492451301,0.8792000000000004,26.087342929844063
2024-11-04 17:19:30,4.1978483350536315,0.877,25.72571420883662,4.1981374924513,0.8790800000000005,26.101962507445588
2024-11-04 17:19:30,4.19751974710329,0.876,24.2430730354219,4.198111205415229,0.8789200000000005,26.072309683977288
2024-11-04 17:19:30,4.19751974710329,0.876,27.13035904417916,4.198084918379156,0.8787600000000004,26.07230968397729
2024-11-04 17:19:31,4.19751974710329,0.875,27.13035904417916,4.198058631343084,0.8785600000000006,26.058794038817663
2024-11-04 17:19:31,4.197026865179842,0.875,25.72571420883662,4.198006057271029,0.8783600000000004,26.044563913984092
2024-11-04 17:19:31,4.19751974710329,0.875,26.437220450515156,4.197973198475912,0.8781600000000003,26.05879403881767
2024-11-04 17:19:31,4.19751974710329,0.875,26.437220450515156,4.197920624403594,0.8779600000000001,26.031415621784763
2024-11-04 17:19:32,4.19751974710329,0.875,26.437220450515156,4.197887765608476,0.87776,26.045645746618337
2024-11-04 17:19:32,4.1978483350536315,0.875,27.80614130216054,4.197874622090419,0.87756,26.087254288484818
2024-11-04 17:19:32,4.198176923005075,0.875,26.437220450515156,4.197874622090417,0.8774000000000001,26.073391516611547
2024-11-04 17:19:32,4.197684041078324,0.875,24.9947353287605,4.1978549068133475,0.8772399999999999,26.058771939010015
2024-11-04 17:19:33,4.19751974710329,0.875,27.80614130216054,4.197828619777276,0.87708,26.115000058478014
2024-11-04 17:19:33,4.19751974710329,0.875,27.13035904417916,4.1978023327412055,0.8769199999999998,26.115000058478017
2024-11-04 17:19:33,4.1978483350536315,0.875,25.72571420883662,4.197789189223147,0.8767599999999999,26.129619636079532
2024-11-04 17:19:33,4.197684041078324,0.875,26.437220450515156,4.197782617464135,0.8765999999999999,26.15846933851463
2024-11-04 17:19:34,4.197355453128532,0.875,27.13035904417916,4.197743186910028,0.8764400000000001,26.201181812823002
2024-11-04 17:19:34,4.19751974710329,0.875,26.437220450515156,4.197703756355855,0.8762800000000002,26.187319040949713
2024-11-04 17:19:34,4.19751974710329,0.875,25.72571420883662,4.197664325801681,0.8761199999999999,26.159226144242858
2024-11-04 17:19:34,4.19751974710329,0.875,27.13035904417916,4.197631467006564,0.8759600000000001,26.201938618551235
2024-11-04 17:19:35,4.198669804934304,0.875,27.13035904417916,4.197670897560804,0.8758,26.230031515258087
2024-11-04 17:19:35,4.1978483350536315,0.875,27.80614130216054,4.197657754042746,0.87564,26.216844435882038
2024-11-04 17:19:35,4.1978483350536315,0.875,27.80614130216054,4.197657754042747,0.87548,26.31952248486118
2024-11-04 17:19:35,4.198012629029216,0.875,27.13035904417916,4.197670897560783,0.87532,26.279944171201866
2024-11-04 17:19:36,4.198176923005075,0.875,26.437220450515156,4.197697184596853,0.87524,26.266081399328577
2024-11-04 17:19:36,4.197684041078324,0.875,27.13035904417916,4.197697184596854,0.8751599999999999,26.279944171201855
2024-11-04 17:19:36,4.198012629029216,0.875,24.9947353287605,4.197703756355878,0.87508,26.265324593600344
2024-11-04 17:19:36,4.1978483350536315,0.875,28.465495270963004,4.197716899873892,0.8750399999999999,26.3058900900093
2024-11-04 17:19:37,4.197684041078324,0.875,25.72571420883662,4.1977234716328935,0.875,26.29165996517572
2024-11-04 17:19:37,4.198012629029216,0.875,25.72571420883662,4.197743186909931,0.875,26.29165996517572
2024-11-04 17:19:37,4.198176923005075,0.874,25.72571420883662,4.19778918922294,0.8749600000000001,26.29165996517572
2024-11-04 17:19:37,4.198012629029216,0.874,25.72571420883662,4.1978089044999765,0.8749200000000001,26.277429840342148
2024-11-04 17:19:38,4.197684041078324,0.874,26.437220450515156,4.197815476258978,0.8748800000000003,26.263567068468866
2024-11-04 17:19:38,4.198341216981209,0.875,26.437220450515156,4.197848335054096,0.8748800000000003,26.277797193302447
2024-11-04 17:19:38,4.1978483350536315,0.875,25.72571420883662,4.197848335054097,0.8748800000000003,26.307450016770737
2024-11-04 17:19:38,4.198012629029216,0.874,25.72571420883662,4.197841763295062,0.8748400000000004,26.29321989193716
2024-11-04 17:19:39,4.198012629029216,0.874,27.80614130216054,4.197854906813098,0.8748000000000005,26.29321989193717
2024-11-04 17:19:39,4.198341216981209,0.875,25.72571420883662,4.197887765608216,0.8748000000000004,26.307839469538685
2024-11-04 17:19:39,4.1978483350536315,0.875,26.437220450515156,4.197900909126229,0.8748000000000001,26.336689171973784
2024-11-04 17:19:39,4.1978483350536315,0.875,25.72571420883662,4.197900909126229,0.8748,26.32245904714021
2024-11-04 17:19:39,4.198176923005075,0.875,26.437220450515156,4.197920624403299,0.8748,26.308596275266936
2024-11-04 17:19:40,4.19751974710329,0.875,26.437220450515156,4.197927196162288,0.8748,26.294733503393655
2024-11-04 17:19:40,4.198176923005075,0.874,25.72571420883662,4.19795348319836,0.87476,26.32438632686195
2024-11-04 17:19:40,4.1978483350536315,0.874,26.437220450515156,4.197966626716372,0.8747199999999999,26.32438632686195
2024-11-04 17:19:40,4.198341216981209,0.874,25.72571420883662,4.197999485511489,0.87468,26.339005904463473
2024-11-04 17:19:41,4.198176923005075,0.875,27.80614130216054,4.19797977023432,0.87468,26.395234023931472
2024-11-04 17:19:41,4.1978483350536315,0.875,27.13035904417916,4.19797977023432,0.8746800000000001,26.42332692063833
2024-11-04 17:19:41,4.198341216981209,0.874,27.13035904417916,4.197999485511422,0.8746400000000003,26.451419817345176
2024-11-04 17:19:41,4.198176923005075,0.874,24.9947353287605,4.198006057270456,0.8746000000000004,26.42257011491009
2024-11-04 17:19:42,4.198505510957618,0.874,26.437220450515156,4.1980192007885595,0.8745600000000003,26.43680023974365
2024-11-04 17:19:42,4.198176923005075,0.874,26.437220450515156,4.198038916065629,0.8745200000000003,26.45103036457723
2024-11-04 17:19:42,4.197684041078324,0.874,24.9947353287605,4.198025772547594,0.8744800000000004,26.4364107869757
2024-11-04 17:19:42,4.1978483350536315,0.872,25.72571420883662,4.198025772547594,0.8743600000000004,26.466063610444
2024-11-04 17:19:43,4.198012629029216,0.872,27.13035904417916,4.19803891606563,0.8742400000000004,26.466063610443992
2024-11-04 17:19:43,4.198012629029216,0.872,27.13035904417916,4.19803891606563,0.8741200000000002,26.466063610444
2024-11-04 17:19:43,4.19751974710329,0.872,27.80614130216054,4.1980126290295585,0.8740399999999999,26.50767215231048
2024-11-04 17:19:43,4.1978483350536315,0.872,23.469396624933097,4.198006057270535,0.8739599999999998,26.448315675798835
2024-11-04 17:19:44,4.19751974710329,0.871,26.437220450515156,4.1979994855115335,0.8738399999999997,26.44831567579884
2024-11-04 17:19:44,4.197684041078324,0.871,22.672238853203226,4.1979731984754185,0.8736799999999998,26.373016043852598
2024-11-04 17:19:44,4.1978483350536315,0.87,26.437220450515156,4.1979731984754185,0.8734799999999998,26.345637626819688
2024-11-04 17:19:44,4.197191159154049,0.87,27.13035904417916,4.197940339680412,0.8733199999999998,26.359500398692965
2024-11-04 17:19:45,4.1978483350536315,0.871,25.72571420883662,4.197933767921388,0.8732,26.374119976294487
2024-11-04 17:19:45,4.197684041078324,0.871,24.2430730354219,4.197907480885273,0.87304,26.302858610959717
2024-11-04 17:19:45,4.19751974710329,0.871,27.13035904417916,4.197894337367258,0.87288,26.30285861095972
2024-11-04 17:19:45,4.19751974710329,0.871,23.469396624933097,4.197881193849245,0.87272,26.257732259281653
2024-11-04 17:19:46,4.198176923005075,0.871,27.13035904417916,4.197881193849245,0.8725600000000001,26.27159503115493
2024-11-04 17:19:46,4.197191159154049,0.871,26.437220450515156,4.197868050331275,0.8724000000000004,26.257732259281646
2024-11-04 17:19:46,4.197684041078324,0.871,27.13035904417916,4.197848335054204,0.8722800000000006,26.271595031154934
2024-11-04 17:19:46,4.198341216981209,0.871,26.437220450515156,4.197868050331308,0.8721600000000005,26.285825155988505
2024-11-04 17:19:47,4.197684041078324,0.871,27.13035904417916,4.197841763295193,0.8720400000000005,26.2858251559885
2024-11-04 17:19:47,4.198012629029216,0.871,26.437220450515156,4.197835191536158,0.8718800000000004,26.271962384115223
2024-11-04 17:19:47,4.197684041078324,0.87,27.13035904417916,4.197828619777146,0.87168,26.258446738955584
2024-11-04 17:19:47,4.1978483350536315,0.87,24.9947353287605,4.197808904500043,0.8715199999999999,26.202218619487585
2024-11-04 17:19:48,4.198012629029216,0.87,27.13035904417916,4.197802332741009,0.8713599999999997,26.20221861948758
2024-11-04 17:19:48,4.1978483350536315,0.87,25.72571420883662,4.19777604570485,0.8711999999999995,26.187988494654018
2024-11-04 17:19:48,4.198176923005075,0.87,26.437220450515156,4.197776045704851,0.8710399999999993,26.174125722780737
2024-11-04 17:19:48,4.198505510957618,0.871,23.469396624933097,4.197808904500023,0.8709199999999991,26.143618948704194
2024-11-04 17:19:49,4.1978483350536315,0.871,27.13035904417916,4.197808904500022,0.8708799999999992,26.116916224168516
2024-11-04 17:19:49,4.198012629029216,0.871,29.10927472714519,4.197808904500022,0.8708399999999995,26.18458743453469
2024-11-04 17:19:49,4.198341216981209,0.871,27.80614130216054,4.197822048018101,0.8707999999999998,26.226195976401172
2024-11-04 17:19:49,4.198341216981209,0.871,24.9947353287605,4.197854906813219,0.8707600000000002,26.211576398799643
2024-11-04 17:19:50,4.1978483350536315,0.871,27.13035904417916,4.197854906813219,0.8707200000000005,26.239669295506495
2024-11-04 17:19:50,4.198834098911264,0.871,27.13035904417916,4.1979074808855374,0.8707200000000007,26.253532067379773
2024-11-04 17:19:50,4.198834098911264,0.871,27.80614130216054,4.197953483198856,0.8707200000000007,26.28091048441268
2024-11-04 17:19:50,4.198012629029216,0.871,24.2430730354219,4.19796005495788,0.8707600000000006,26.25125766094439
2024-11-04 17:19:51,4.1978483350536315,0.871,27.13035904417916,4.197986341993864,0.8708000000000007,26.27935055765124
2024-11-04 17:19:51,4.198176923005075,0.871,26.437220450515156,4.197999485511921,0.8708000000000007,26.251972140618328
2024-11-04 17:19:51,4.198176923005075,0.871,24.9947353287605,4.19801920078899,0.8708000000000006,26.237352563016806
2024-11-04 17:19:51,4.198341216981209,0.871,25.72571420883662,4.198052059584107,0.8708000000000005,26.223122438183236
2024-11-04 17:19:52,4.198012629029216,0.871,27.13035904417916,4.198071774861145,0.8708000000000002,26.25121533489009
2024-11-04 17:19:52,4.1978483350536315,0.87,28.465495270963004,4.198058631343086,0.87076,26.291780831299043
2024-11-04 17:19:52,4.198176923005075,0.87,26.437220450515156,4.198098061897126,0.8707199999999996,26.29178083129904
2024-11-04 17:19:52,4.198012629029216,0.871,25.72571420883662,4.198111205415162,0.8707199999999997,26.29178083129904
2024-11-04 17:19:53,4.198341216981209,0.871,27.80614130216054,4.198111205415161,0.8707199999999997,26.319159248331943
2024-11-04 17:19:53,4.1978483350536315,0.871,27.80614130216054,4.198117777174174,0.8707199999999997,26.360767790198423
2024-11-04 17:19:53,4.198669804934304,0.87,26.437220450515156,4.198144064210377,0.8706799999999996,26.33338937316552
2024-11-04 17:19:53,4.198341216981209,0.87,26.437220450515156,4.1981703512464925,0.8706799999999996,26.319526601292246
2024-11-04 17:19:54,4.198341216981209,0.87,26.437220450515156,4.198190066523597,0.8706799999999996,26.305663829418965
2024-11-04 17:19:54,4.198505510957618,0.87,26.437220450515156,4.198209781800733,0.8706799999999997,26.334513531854064
2024-11-04 17:19:54,4.198341216981209,0.87,25.72571420883662,4.198229497077836,0.8706799999999995,26.320283407020487
2024-11-04 17:19:54,4.1978483350536315,0.87,26.437220450515156,4.198216353559779,0.8706799999999992,26.320283407020487
2024-11-04 17:19:55,4.198669804934304,0.87,24.9947353287605,4.198222925318847,0.8706399999999992,26.320283407020494
2024-11-04 17:19:55,4.198176923005075,0.87,26.437220450515156,4.198236068836904,0.8705999999999993,26.334513531854064
2024-11-04 17:19:55,4.198012629029216,0.87,26.437220450515156,4.198236068836903,0.8705599999999994,26.32065075998078
2024-11-04 17:19:55,4.198998392888499,0.869,27.80614130216054,4.198262355873196,0.8704799999999996,26.334166405140405
2024-11-04 17:19:56,4.198176923005075,0.869,25.72571420883662,4.19825578411415,0.8703999999999996,26.29255786327393
2024-11-04 17:19:56,4.198834098911264,0.869,27.13035904417916,4.198295214668455,0.8703199999999996,26.36577711165885
2024-11-04 17:19:56,4.198341216981209,0.87,25.72571420883662,4.1982754993912526,0.8702799999999997,26.35154698682528
2024-11-04 17:19:56,4.198834098911264,0.87,25.72571420883662,4.1982754993912526,0.8702399999999999,26.41261649393794
2024-11-04 17:19:57,4.198341216981209,0.87,26.437220450515156,4.198288642909332,0.8702,26.41261649393794
2024-11-04 17:19:57,4.198341216981209,0.87,27.13035904417916,4.198308358186435,0.87016,26.412616493937943
2024-11-04 17:19:57,4.198669804934304,0.87,23.469396624933097,4.198328073463604,0.8701199999999999,26.367490142259875
2024-11-04 17:19:57,4.198505510957618,0.87,23.469396624933097,4.1983412169817065,0.8700799999999996,26.352016614050093
2024-11-04 17:19:58,4.198176923005075,0.869,27.13035904417916,4.198334645222661,0.8699999999999996,26.3520166140501
2024-11-04 17:19:58,4.198341216981209,0.869,25.72571420883662,4.198347788740741,0.8699199999999996,26.39714296572816
2024-11-04 17:19:58,4.198176923005075,0.869,25.72571420883662,4.198360932258799,0.8698799999999998,26.369050069021313
2024-11-04 17:19:58,4.198176923005075,0.869,26.437220450515156,4.198360932258797,0.8698399999999998,26.369050069021313
2024-11-04 17:19:59,4.197684041078324,0.869,26.437220450515156,4.1983477887407625,0.8697599999999999,26.35518729714803
2024-11-04 17:19:59,4.198505510957618,0.869,24.9947353287605,4.198354360499819,0.8696799999999999,26.326337594712946
2024-11-04 17:19:59,4.198341216981209,0.869,24.2430730354219,4.198374075776922,0.8696,26.268591874537798
2024-11-04 17:19:59,4.198505510957618,0.869,24.9947353287605,4.198367504017854,0.86956,26.23974217210271
2024-11-04 17:20:00,4.198669804934304,0.869,26.437220450515156,4.198380647535977,0.8695200000000001,26.225879400229424
2024-11-04 17:20:00,4.198669804934304,0.869,26.437220450515156,4.198393791054101,0.86948,26.254729102664523
2024-11-04 17:20:00,4.198669804934304,0.869,25.72571420883662,4.198400362813167,0.86944,26.226636205957664
2024-11-04 17:20:00,4.198505510957618,0.869,27.13035904417916,4.198406934572224,0.8694,26.25472910266452
2024-11-04 17:20:01,4.198834098911264,0.869,27.13035904417916,4.198446365126531,0.8693599999999999,26.268591874537798
2024-11-04 17:20:01,4.198341216981209,0.869,25.72571420883662,4.198433221608408,0.8693199999999999,26.31371822621587
2024-11-04 17:20:01,4.198669804934304,0.869,24.2430730354219,4.198452936885576,0.8692799999999998,26.25597250604072
2024-11-04 17:20:01,4.198834098911264,0.869,26.437220450515156,4.198485795680858,0.8692399999999998,26.202531420508123
2024-11-04 17:20:02,4.198669804934304,0.869,27.13035904417916,4.19847265216269,0.8692399999999998,26.189015775348494
2024-11-04 17:20:02,4.198998392888499,0.869,26.437220450515156,4.198505510958027,0.8692399999999998,26.21786547778358
2024-11-04 17:20:02,4.198505510957618,0.869,25.72571420883662,4.198492367439882,0.8692399999999998,26.18977258107673
2024-11-04 17:20:02,4.198341216981209,0.869,26.437220450515156,4.198492367439882,0.8691999999999999,26.17590980920345
2024-11-04 17:20:03,4.198505510957618,0.869,27.13035904417916,4.198479223921737,0.8691599999999998,26.16239416404382
2024-11-04 17:20:03,4.198669804934304,0.869,26.437220450515156,4.19849236743986,0.8691199999999999,26.20627711234569
2024-11-04 17:20:03,4.198834098911264,0.869,24.9947353287605,4.1985120827170626,0.8690799999999999,26.16356463803731
2024-11-04 17:20:03,4.198669804934304,0.869,26.437220450515156,4.198512082717062,0.8690399999999998,26.163564638037315
2024-11-04 17:20:04,4.198505510957618,0.868,27.13035904417916,4.198512082717062,0.86896,26.206277112345692
2024-11-04 17:20:04,4.198505510957618,0.868,24.9947353287605,4.198525226235164,0.8689200000000001,26.191657534744163
2024-11-04 17:20:04,4.198998392888499,0.868,25.72571420883662,4.198551513271457,0.8688800000000002,26.163564638037315
2024-11-04 17:20:04,4.198505510957618,0.868,25.72571420883662,4.198564656789558,0.8688400000000003,26.108769016794785
2024-11-04 17:20:05,4.198834098911264,0.868,28.465495270963004,4.198590943825805,0.8688000000000003,26.14933451320374
2024-11-04 17:20:05,4.198669804934304,0.868,26.437220450515156,4.198630374380044,0.8687600000000004,26.163564638037315
2024-11-04 17:20:05,4.198834098911264,0.868,24.9947353287605,4.19864351789819,0.8687200000000004,26.107336518569312
2024-11-04 17:20:05,4.198834098911264,0.868,24.2430730354219,4.198663233175393,0.8686800000000003,26.036075153234542
2024-11-04 17:20:06,4.198669804934304,0.868,27.80614130216054,4.198669804934459,0.8686400000000003,26.063453570267455
2024-11-04 17:20:06,4.198998392888499,0.868,26.437220450515156,4.198682948452628,0.8686000000000003,26.063453570267455
2024-11-04 17:20:06,4.198998392888499,0.868,25.72571420883662,4.198696091970796,0.8685600000000002,26.04922344543388
2024-11-04 17:20:06,4.199491274821859,0.868,25.72571420883662,4.198728950766298,0.8685200000000002,26.034993320600314
2024-11-04 17:20:07,4.198505510957618,0.868,25.72571420883662,4.198728950766298,0.8684800000000001,26.034993320600307
2024-11-04 17:20:07,4.198998392888499,0.868,27.13035904417916,4.1987355225253875,0.8684400000000001,26.048856092473592
2024-11-04 17:20:07,4.198834098911264,0.868,25.72571420883662,4.19875523780259,0.8684000000000001,26.063475670075114
2024-11-04 17:20:07,4.198505510957618,0.868,27.13035904417916,4.198748666043523,0.86836,26.077338441948392
2024-11-04 17:20:07,4.199162686866011,0.868,24.9947353287605,4.198761809561712,0.8683200000000001,26.048488739513296
2024-11-04 17:20:08,4.198341216981209,0.868,26.437220450515156,4.198748666043588,0.86828,26.02111032248039
2024-11-04 17:20:08,4.198505510957618,0.868,24.9947353287605,4.198728950766354,0.8682400000000001,26.00649074487887
2024-11-04 17:20:08,4.198669804934304,0.868,26.437220450515156,4.19873552252542,0.8682000000000001,25.992627973005582
2024-11-04 17:20:08,4.198669804934304,0.868,26.437220450515156,4.198748666043543,0.86816,26.006858097839167
2024-11-04 17:20:09,4.199326980843797,0.868,27.13035904417916,4.19878152483899,0.8681200000000001,26.034950994546012
2024-11-04 17:20:09,4.198998392888499,0.868,25.72571420883662,4.198794668357158,0.8680800000000001,26.02072086971245
2024-11-04 17:20:09,4.198669804934304,0.868,27.13035904417916,4.198788096598079,0.8680400000000001,26.020720869712445
2024-11-04 17:20:09,4.199162686866011,0.868,27.13035904417916,4.198807811875347,0.8680000000000001,26.093940118097372
2024-11-04 17:20:10,4.199162686866011,0.867,27.13035904417916,4.198834098911682,0.86796,26.167159366482288
2024-11-04 17:20:10,4.199162686866011,0.867,26.437220450515156,4.198860385948018,0.8679199999999997,26.15329659460901
2024-11-04 17:20:10,4.199162686866011,0.867,25.72571420883662,4.198866957707118,0.8678799999999995,26.153296594609
2024-11-04 17:20:10,4.198669804934304,0.867,24.9947353287605,4.1988735294661845,0.8678399999999994,26.13867701700748
2024-11-04 17:20:11,4.199162686866011,0.867,27.80614130216054,4.198886672984374,0.8677999999999991,26.166055434040388
2024-11-04 17:20:11,4.198998392888499,0.867,27.13035904417916,4.198899816502543,0.867759999999999,26.179918205913665
2024-11-04 17:20:11,4.198834098911264,0.867,23.469396624933097,4.198899816502542,0.8677199999999989,26.14941143183712
2024-11-04 17:20:11,4.198834098911264,0.867,26.437220450515156,4.198899816502542,0.867679999999999,26.193294380138976
2024-11-04 17:20:12,4.198998392888499,0.867,26.437220450515156,4.19891296002071,0.8676399999999991,26.222144082574076
2024-11-04 17:20:12,4.198998392888499,0.867,25.72571420883662,4.198912960020711,0.8675999999999991,26.2079139577405
2024-11-04 17:20:12,4.198669804934304,0.867,26.437220450515156,4.198899816502543,0.8675599999999993,26.207913957740512
2024-11-04 17:20:12,4.199162686866011,0.867,25.72571420883662,4.19888667298431,0.8675199999999994,26.207913957740512
2024-11-04 17:20:13,4.198505510957618,0.866,24.9947353287605,4.19888667298431,0.8674399999999995,26.165201483432135
2024-11-04 17:20:13,4.199491274821859,0.866,26.437220450515156,4.198906388261645,0.8673599999999998,26.151338711558857
2024-11-04 17:20:13,4.199326980843797,0.867,26.437220450515156,4.198926103538947,0.8673199999999999,26.16556883639243
2024-11-04 17:20:13,4.198998392888499,0.867,25.72571420883662,4.198945818816182,0.8672799999999998,26.195221659860717
2024-11-04 17:20:14,4.198998392888499,0.867,27.13035904417916,4.1989392470570825,0.8672399999999999,26.209084431733995
2024-11-04 17:20:14,4.199655568800195,0.866,26.437220450515156,4.198991821129841,0.8671599999999999,26.195221659860717
2024-11-04 17:20:14,4.198998392888499,0.866,23.469396624933097,4.199011536407076,0.8670800000000001,26.135865183349075
2024-11-04 17:20:14,4.199491274821859,0.866,27.80614130216054,4.199044395202578,0.867,26.177473725215556
2024-11-04 17:20:15,4.198998392888499,0.866,26.437220450515156,4.199057538720748,0.86692,26.17747372521555
2024-11-04 17:20:15,4.198998392888499,0.866,24.2430730354219,4.199044395202536,0.8668400000000002,26.11972800504041
2024-11-04 17:20:15,4.198834098911264,0.866,26.437220450515156,4.1990378234434464,0.8667600000000002,26.119728005040407
2024-11-04 17:20:15,4.199326980843797,0.866,26.437220450515156,4.199064110479826,0.8666800000000003,26.148577707475507
2024-11-04 17:20:16,4.199162686866011,0.866,29.10927472714519,4.199064110479825,0.8666000000000003,26.202018793008104
2024-11-04 17:20:16,4.199162686866011,0.866,26.437220450515156,4.199064110479824,0.8665600000000002,26.188156021134827
2024-11-04 17:20:16,4.199162686866011,0.866,26.437220450515156,4.199064110479823,0.8665200000000002,26.21700572356992
2024-11-04 17:20:16,4.199162686866011,0.866,24.9947353287605,4.199064110479824,0.8664800000000001,26.202386145968397
2024-11-04 17:20:17,4.199491274821859,0.866,24.9947353287605,4.199096969275326,0.8664400000000001,26.18776656836688
2024-11-04 17:20:17,4.198834098911264,0.866,24.9947353287605,4.199083825757136,0.8664000000000001,26.11835136952283
2024-11-04 17:20:17,4.199326980843797,0.866,25.72571420883662,4.199096969275348,0.8663599999999999,26.10412124468926
2024-11-04 17:20:17,4.199162686866011,0.865,27.13035904417916,4.199110112793537,0.86628,26.146833718997637
2024-11-04 17:20:18,4.199162686866011,0.865,26.437220450515156,4.199123256311727,0.8662000000000001,26.190716667299494
2024-11-04 17:20:18,4.199162686866011,0.865,26.437220450515156,4.199129828070826,0.8661200000000001,26.163338250266587
2024-11-04 17:20:18,4.199491274821859,0.865,26.437220450515156,4.199149543348161,0.8660400000000001,26.163338250266598
2024-11-04 17:20:18,4.20014845073686,0.865,27.80614130216054,4.199208689180264,0.8659600000000003,26.204946792133068
2024-11-04 17:20:19,4.199162686866011,0.865,24.9947353287605,4.199208689180264,0.8658800000000003,26.19032721453155
2024-11-04 17:20:19,4.199326980843797,0.865,26.437220450515156,4.199241547975712,0.8658400000000003,26.20455733936511
2024-11-04 17:20:19,4.199326980843797,0.864,24.9947353287605,4.199234976216588,0.8657600000000001,26.161844865056743
2024-11-04 17:20:19,4.199491274821859,0.864,26.437220450515156,4.199241547975711,0.8656399999999997,26.176074989890314
2024-11-04 17:20:20,4.199162686866011,0.865,25.72571420883662,4.19924811973481,0.8655599999999999,26.147982093183455
2024-11-04 17:20:20,4.199326980843797,0.865,26.437220450515156,4.199261263253024,0.8654799999999997,26.176831795618554
2024-11-04 17:20:20,4.199162686866011,0.865,27.13035904417916,4.199241547975656,0.8654399999999997,26.190694567491832
2024-11-04 17:20:20,4.199326980843797,0.865,26.437220450515156,4.199254691493868,0.8653999999999996,26.219544269926917
2024-11-04 17:20:21,4.199326980843797,0.865,25.72571420883662,4.199248119734746,0.8653599999999997,26.205314145093354
2024-11-04 17:20:21,4.199326980843797,0.864,26.437220450515156,4.199261263252959,0.8652799999999998,26.205314145093354
2024-11-04 17:20:21,4.199491274821859,0.864,26.437220450515156,4.199280978530293,0.8651999999999996,26.19145137322007
2024-11-04 17:20:21,4.199491274821859,0.864,27.13035904417916,4.199307265566717,0.8651199999999996,26.219544269926924
2024-11-04 17:20:22,4.199491274821859,0.864,26.437220450515156,4.19931383732584,0.8650399999999994,26.205681498053647
2024-11-04 17:20:22,4.199819862778808,0.864,24.9947353287605,4.199340124362352,0.8649599999999993,26.162969023745276
2024-11-04 17:20:22,4.199491274821859,0.865,24.9947353287605,4.199353267880586,0.8649199999999992,26.1202565494369
2024-11-04 17:20:22,4.198998392888499,0.865,25.72571420883662,4.199346696121485,0.8648799999999993,26.106026424603325
2024-11-04 17:20:23,4.199491274821859,0.864,25.72571420883662,4.19935983963972,0.8647999999999995,26.106026424603325
2024-11-04 17:20:23,4.199655568800195,0.864,25.72571420883662,4.199366411398852,0.8647199999999995,26.12064600220485
2024-11-04 17:20:23,4.199326980843797,0.864,27.13035904417916,4.199386126676154,0.8646399999999995,26.10713035704522
2024-11-04 17:20:23,4.198834098911264,0.864,27.13035904417916,4.199366411398853,0.8645599999999996,26.107130357045218
2024-11-04 17:20:24,4.199655568800195,0.864,25.72571420883662,4.199386126676219,0.8645199999999995,26.15225670872328
2024-11-04 17:20:24,4.199655568800195,0.864,24.9947353287605,4.1994058419535865,0.8644799999999994,26.123407006288193
2024-11-04 17:20:24,4.199491274821859,0.864,24.9947353287605,4.199418985471819,0.8644399999999993,26.094557303853097
2024-11-04 17:20:24,4.199655568800195,0.863,27.80614130216054,4.199425557230953,0.8643599999999995,26.136165845719578
2024-11-04 17:20:25,4.199491274821859,0.863,27.13035904417916,4.199399270194352,0.8642799999999995,26.150028617592856
2024-11-04 17:20:25,4.20014845073686,0.864,27.13035904417916,4.1994387007491865,0.8642399999999997,26.17812151429971
2024-11-04 17:20:25,4.199984156757696,0.864,26.437220450515156,4.199464987785742,0.8641999999999997,26.20697121673481
2024-11-04 17:20:25,4.199819862778808,0.864,26.437220450515156,4.199484703063143,0.8641999999999997,26.20697121673481
2024-11-04 17:20:26,4.199491274821859,0.863,27.13035904417916,4.199484703063143,0.8641599999999998,26.220833988608096
2024-11-04 17:20:26,4.199491274821859,0.863,27.80614130216054,4.199497846581377,0.8640799999999998,26.26244253047457
2024-11-04 17:20:26,4.199655568800195,0.863,25.72571420883662,4.199510990099633,0.8639999999999999,26.234349633767724
2024-11-04 17:20:26,4.199655568800195,0.864,27.13035904417916,4.199530705377,0.8639599999999998,26.248212405641002
2024-11-04 17:20:27,4.199819862778808,0.864,26.437220450515156,4.1995504206544005,0.8639199999999998,26.307568882152644
2024-11-04 17:20:27,4.199655568800195,0.863,24.9947353287605,4.1995635641726565,0.86384,26.251340762684645
2024-11-04 17:20:27,4.199491274821859,0.863,22.672238853203226,4.199570135931778,0.8637999999999999,26.176041130738405
2024-11-04 17:20:27,4.199326980843797,0.863,25.72571420883662,4.1995635641726565,0.8637599999999999,26.205693954206698
2024-11-04 17:20:28,4.199655568800195,0.863,24.9947353287605,4.19957013593179,0.8637199999999998,26.176844251771595
2024-11-04 17:20:28,4.199326980843797,0.863,26.437220450515156,4.199563564172667,0.86368,26.17684425177159
2024-11-04 17:20:28,4.199984156757696,0.863,25.72571420883662,4.199570135931823,0.8636400000000001,26.10917304140542
2024-11-04 17:20:28,4.199819862778808,0.863,25.72571420883662,4.1995832794501,0.8635600000000001,26.094942916571846
2024-11-04 17:20:29,4.199819862778808,0.863,26.437220450515156,4.199616138245713,0.86348,26.094942916571853
2024-11-04 17:20:29,4.199984156757696,0.863,26.437220450515156,4.199635853523147,0.86344,26.123792619006945
2024-11-04 17:20:29,4.199655568800195,0.863,26.437220450515156,4.199635853523147,0.8634,26.152642321442045
2024-11-04 17:20:29,4.199491274821859,0.863,25.72571420883662,4.199642425282271,0.86336,26.16726189904356
2024-11-04 17:20:30,4.199655568800195,0.863,25.72571420883662,4.199675284077826,0.86332,26.16726189904356
2024-11-04 17:20:30,4.199984156757696,0.863,25.72571420883662,4.199688427596126,0.8632799999999999,26.13916900233671
2024-11-04 17:20:30,4.199984156757696,0.863,25.72571420883662,4.199701571114426,0.8632399999999998,26.124938877503137
2024-11-04 17:20:30,4.199819862778808,0.863,25.72571420883662,4.199714714632704,0.8631999999999997,26.11070875266957
2024-11-04 17:20:31,4.199655568800195,0.863,25.72571420883662,4.199714714632703,0.8631999999999997,26.096478627835996
2024-11-04 17:20:31,4.199655568800195,0.862,26.437220450515156,4.199721286391837,0.8631599999999999,26.06910021080309
2024-11-04 17:20:31,4.199984156757696,0.862,26.437220450515156,4.19971471463267,0.86308,26.097949913238182
2024-11-04 17:20:31,4.199655568800195,0.862,27.13035904417916,4.199701571114369,0.863,26.11181268511146
2024-11-04 17:20:32,4.199819862778808,0.862,27.80614130216054,4.19970157111437,0.86292,26.168040804579462
2024-11-04 17:20:32,4.20014845073686,0.862,25.72571420883662,4.19972785815097,0.8628800000000001,26.15381067974589
2024-11-04 17:20:32,4.199819862778808,0.863,27.80614130216054,4.199741001669249,0.8628800000000001,26.195419221612372
2024-11-04 17:20:32,4.199655568800195,0.863,24.9947353287605,4.199741001669249,0.86288,26.166569519177287
2024-11-04 17:20:33,4.199819862778808,0.862,25.72571420883662,4.199747573428393,0.8627999999999999,26.138476622470442
2024-11-04 17:20:33,4.200312744716299,0.862,25.72571420883662,4.199767288705892,0.8627199999999999,26.124246497636868
2024-11-04 17:20:33,4.199655568800195,0.862,24.9947353287605,4.199767288705892,0.8626799999999999,26.10962692003535
2024-11-04 17:20:33,4.20014845073686,0.862,25.72571420883662,4.1997935757424925,0.8626399999999999,26.09539679520178
2024-11-04 17:20:34,4.199819862778808,0.862,24.9947353287605,4.199813291019893,0.8625999999999999,26.066547092766683
2024-11-04 17:20:34,4.199984156757696,0.861,24.9947353287605,4.199826434538194,0.8625199999999998,26.023834618458306
2024-11-04 17:20:34,4.200641332676002,0.861,27.13035904417916,4.199879008611482,0.8624399999999995,26.037697390331584
2024-11-04 17:20:34,4.20014845073686,0.861,24.9947353287605,4.1998855803706485,0.8623599999999993,26.037697390331587
2024-11-04 17:20:35,4.200312744716299,0.862,26.437220450515156,4.199905295648148,0.8623199999999993,26.066547092766676
2024-11-04 17:20:35,4.199984156757696,0.862,27.13035904417916,4.1999118674073035,0.8622799999999993,26.09463998947353
2024-11-04 17:20:35,4.199819862778808,0.861,26.437220450515156,4.199905295648149,0.8621999999999992,26.108870114307102
2024-11-04 17:20:35,4.200312744716299,0.861,23.469396624933097,4.199931582684793,0.8621199999999992,26.063743762629034
2024-11-04 17:20:36,4.199984156757696,0.862,26.437220450515156,4.199951297962227,0.8620799999999994,26.049880990755746
2024-11-04 17:20:36,4.200477038696013,0.862,26.437220450515156,4.19998415675806,0.8620399999999998,26.036018218882464
2024-11-04 17:20:36,4.200312744716299,0.862,27.13035904417916,4.1999973002764035,0.8619999999999998,26.064111115589316
2024-11-04 17:20:36,4.199984156757696,0.862,29.10927472714519,4.1999973002764035,0.8619599999999997,26.146401903557017
2024-11-04 17:20:37,4.200312744716299,0.862,26.437220450515156,4.200017015553902,0.8619199999999999,26.175251605992106
2024-11-04 17:20:37,4.200312744716299,0.861,24.9947353287605,4.2000433025905455,0.8618399999999999,26.119023486524107
2024-11-04 17:20:37,4.200641332676002,0.861,24.9947353287605,4.200082733145579,0.8617999999999999,26.076311012215736
2024-11-04 17:20:37,4.199655568800195,0.861,26.437220450515156,4.200069589627278,0.8617599999999997,26.062448240342455
2024-11-04 17:20:38,4.200477038696013,0.861,26.437220450515156,4.200102448423111,0.8617199999999996,26.062448240342466
2024-11-04 17:20:38,4.199819862778808,0.861,26.437220450515156,4.200102448423112,0.8616799999999992,26.062448240342466
2024-11-04 17:20:38,4.199984156757696,0.861,24.2430730354219,4.200095876663945,0.8616399999999991,26.004702520167317
2024-11-04 17:20:38,4.20014845073686,0.861,26.437220450515156,4.200109020182267,0.8615599999999989,25.977324103134407
2024-11-04 17:20:39,4.199984156757696,0.861,27.13035904417916,4.200122163700567,0.8614799999999991,26.00541699984126
2024-11-04 17:20:39,4.200969920636808,0.861,27.13035904417916,4.200168166014887,0.8614399999999991,26.005416999841255
2024-11-04 17:20:39,4.200312744716299,0.86,27.13035904417916,4.200168166014887,0.8613599999999992,26.019279771714533
2024-11-04 17:20:39,4.20014845073686,0.86,26.437220450515156,4.200187881292354,0.8612799999999993,26.04812947414962
2024-11-04 17:20:40,4.200312744716299,0.86,25.72571420883662,4.20019445305153,0.8611999999999995,26.10919898126229
2024-11-04 17:20:40,4.200312744716299,0.861,26.437220450515156,4.20021416832903,0.8611599999999996,26.123429106095863
2024-11-04 17:20:40,4.200641332676002,0.861,28.465495270963004,4.200240455365762,0.8611599999999997,26.192844304939907
2024-11-04 17:20:40,4.200312744716299,0.861,24.9947353287605,4.200227311847374,0.8611599999999997,26.163994602504815
2024-11-04 17:20:41,4.200312744716299,0.86,27.13035904417916,4.2002338836065505,0.8611199999999998,26.192087499211667
2024-11-04 17:20:41,4.200805626656267,0.86,27.13035904417916,4.200253598884149,0.8610399999999998,26.22018039591852
2024-11-04 17:20:41,4.200641332676002,0.861,25.72571420883662,4.2002798859208825,0.8609999999999997,26.20595027108496
2024-11-04 17:20:41,4.200477038696013,0.861,25.72571420883662,4.200306172957571,0.8609999999999997,26.191720146251374
2024-11-04 17:20:41,4.200641332676002,0.86,24.9947353287605,4.20031931647596,0.8609599999999997,26.16287044381629
2024-11-04 17:20:42,4.200641332676002,0.86,24.9947353287605,4.200345603512693,0.8608799999999998,26.148250866214767
2024-11-04 17:20:42,4.200312744716299,0.86,25.72571420883662,4.200339031753504,0.8607999999999998,26.148250866214767
2024-11-04 17:20:42,4.199984156757696,0.859,24.9947353287605,4.200325888235161,0.8606799999999999,26.133631288613238
2024-11-04 17:20:42,4.20014845073686,0.859,27.80614130216054,4.2003324599943275,0.86056,26.17523983047972
2024-11-04 17:20:43,4.200477038696013,0.859,27.13035904417916,4.200339031753517,0.8604400000000002,26.203332727186563
2024-11-04 17:20:43,4.200641332676002,0.859,25.72571420883662,4.200352175271906,0.8603600000000003,26.203332727186563
2024-11-04 17:20:43,4.200641332676002,0.86,24.2430730354219,4.200352175271906,0.8603200000000002,26.159449778884696
2024-11-04 17:20:43,4.20014845073686,0.86,26.437220450515156,4.200371890549372,0.8602800000000002,26.1594497788847
2024-11-04 17:20:44,4.200805626656267,0.859,25.72571420883662,4.200385034067781,0.8602000000000003,26.13135688217785
2024-11-04 17:20:44,4.201134214617624,0.859,26.437220450515156,4.200437608141333,0.8601200000000003,26.103978465144937
2024-11-04 17:20:44,4.200641332676002,0.859,25.72571420883662,4.200463895178065,0.8600400000000005,26.103978465144937
2024-11-04 17:20:44,4.200805626656267,0.859,25.72571420883662,4.200490182214842,0.8599600000000005,26.062369923278457
2024-11-04 17:20:45,4.200312744716299,0.859,27.80614130216054,4.200503325733186,0.8598800000000005,26.118598042746463
2024-11-04 17:20:45,4.200477038696013,0.859,25.72571420883662,4.200483610455554,0.8598000000000006,26.118598042746463
2024-11-04 17:20:45,4.200641332676002,0.859,26.437220450515156,4.200496753973942,0.8597600000000007,26.13282816758003
2024-11-04 17:20:45,4.200805626656267,0.859,24.9947353287605,4.200523041010718,0.8597200000000008,26.132828167580033
2024-11-04 17:20:46,4.200641332676002,0.859,26.437220450515156,4.200536184529106,0.8596800000000009,26.147058292413604
2024-11-04 17:20:46,4.200641332676002,0.859,24.9947353287605,4.200549328047495,0.8596000000000009,26.147058292413607
2024-11-04 17:20:46,4.200312744716299,0.859,25.72571420883662,4.200536184529106,0.8595200000000008,26.16167787001513
2024-11-04 17:20:46,4.20014845073686,0.859,25.72571420883662,4.200529612769929,0.8594400000000009,26.13358497330828
2024-11-04 17:20:47,4.200641332676002,0.859,26.437220450515156,4.200542756288317,0.8594000000000008,26.16243467574338
2024-11-04 17:20:47,4.200969920636808,0.859,24.9947353287605,4.200549328047539,0.8593600000000009,26.133584973308285
2024-11-04 17:20:47,4.200312744716299,0.859,24.9947353287605,4.200536184529151,0.8592800000000009,26.090872498999907
2024-11-04 17:20:47,4.201298508598716,0.859,27.80614130216054,4.200569043325259,0.859200000000001,26.11825091603282
2024-11-04 17:20:48,4.200477038696013,0.859,24.2430730354219,4.200562471566059,0.8591600000000009,26.133724444242592
2024-11-04 17:20:48,4.200641332676002,0.859,27.80614130216054,4.200562471566059,0.8591200000000011,26.16110286127551
2024-11-04 17:20:48,4.200805626656267,0.858,27.80614130216054,4.200582186843657,0.8590400000000008,26.188481278308412
2024-11-04 17:20:48,4.200477038696013,0.858,26.437220450515156,4.20060190212119,0.8590000000000008,26.174618506435127
2024-11-04 17:20:49,4.200805626656267,0.858,25.72571420883662,4.200628189157966,0.8589600000000006,26.106947296068956
2024-11-04 17:20:49,4.201134214617624,0.858,26.437220450515156,4.20065447619483,0.8589200000000003,26.106947296068956
2024-11-04 17:20:49,4.200805626656267,0.858,26.437220450515156,4.20066104795404,0.8588800000000001,26.13579699850405
2024-11-04 17:20:49,4.200805626656267,0.858,25.72571420883662,4.2006676197132515,0.8588,26.15041657610557
2024-11-04 17:20:50,4.201134214617624,0.858,25.72571420883662,4.200707050268482,0.8587199999999998,26.136186451271996
2024-11-04 17:20:50,4.200805626656267,0.858,26.437220450515156,4.200707050268481,0.8586799999999998,26.136186451271996
2024-11-04 17:20:50,4.200477038696013,0.858,25.72571420883662,4.200680763231617,0.8586399999999997,26.12195632643843
2024-11-04 17:20:50,4.200641332676002,0.857,24.2430730354219,4.200680763231618,0.8585599999999998,26.121956326438426
2024-11-04 17:20:51,4.200477038696013,0.857,24.2430730354219,4.200667619713207,0.8584799999999998,26.07807337813657
2024-11-04 17:20:51,4.201462802580083,0.857,24.9947353287605,4.200713622027759,0.8583999999999999,26.03536090382819
2024-11-04 17:20:51,4.200969920636808,0.857,27.13035904417916,4.20073333730539,0.85832,26.035360903828195
2024-11-04 17:20:51,4.200969920636808,0.857,25.72571420883662,4.200746480823823,0.85824,26.00726800712134
2024-11-04 17:20:52,4.201298508598716,0.857,26.437220450515156,4.200766196101521,0.85816,26.00726800712134
2024-11-04 17:20:52,4.201134214617624,0.857,25.72571420883662,4.200785911379184,0.8580800000000001,26.00726800712134
2024-11-04 17:20:52,4.200969920636808,0.857,25.72571420883662,4.200799054897617,0.858,25.993037882287762
2024-11-04 17:20:52,4.200805626656267,0.857,26.437220450515156,4.200818770175216,0.85792,25.95247238587881
2024-11-04 17:20:53,4.201134214617624,0.857,26.437220450515156,4.200858200730446,0.8578399999999999,25.98132208831391
2024-11-04 17:20:53,4.200805626656267,0.857,27.13035904417916,4.2008647724896555,0.85776,25.981322088313913
2024-11-04 17:20:53,4.200312744716299,0.857,26.437220450515156,4.2008384854528344,0.8576799999999999,25.967459316440628
2024-11-04 17:20:53,4.200969920636808,0.857,27.80614130216054,4.200864772489654,0.8575999999999998,26.00906785830711
2024-11-04 17:20:54,4.200312744716299,0.857,24.9947353287605,4.200825341934358,0.8575199999999996,25.994448280705587
2024-11-04 17:20:54,4.201134214617624,0.857,26.437220450515156,4.200851628971223,0.8574399999999998,26.023297983140672
2024-11-04 17:20:54,4.200805626656267,0.857,25.72571420883662,4.2008582007304325,0.8573599999999996,26.037917560742198
2024-11-04 17:20:54,4.200805626656267,0.857,25.72571420883662,4.200858200730433,0.8573199999999995,26.037917560742198
2024-11-04 17:20:55,4.200805626656267,0.856,26.437220450515156,4.200871344248844,0.8572399999999996,26.06676726317729
2024-11-04 17:20:55,4.201134214617624,0.856,26.437220450515156,4.200884487767297,0.8571599999999997,26.039388846144384
2024-11-04 17:20:55,4.201462802580083,0.856,27.13035904417916,4.200897631285797,0.8570799999999997,26.03938884614438
2024-11-04 17:20:55,4.200969920636808,0.856,27.80614130216054,4.200904203045018,0.8569999999999999,26.08099738801086
2024-11-04 17:20:56,4.201134214617624,0.856,27.80614130216054,4.200917346563473,0.8569199999999999,26.152258753345635
2024-11-04 17:20:56,4.201134214617624,0.856,28.465495270963004,4.200917346563473,0.8568400000000002,26.19282424975459
2024-11-04 17:20:56,4.200969920636808,0.856,25.72571420883662,4.200923918322694,0.8567600000000002,26.192824249754594
2024-11-04 17:20:56,4.200641332676002,0.856,27.13035904417916,4.200930490081895,0.8566800000000002,26.20668702162787
2024-11-04 17:20:57,4.201298508598716,0.856,24.9947353287605,4.200956777118804,0.8566400000000003,26.192067444026353
2024-11-04 17:20:57,4.200969920636808,0.855,27.80614130216054,4.200976492396435,0.8565600000000002,26.233675985892834
2024-11-04 17:20:57,4.200969920636808,0.855,25.72571420883662,4.200956777118702,0.8564800000000001,26.192067444026353
2024-11-04 17:20:57,4.200969920636808,0.856,28.465495270963004,4.200956777118702,0.8564400000000002,26.246863065268872
2024-11-04 17:20:58,4.200805626656267,0.856,24.9947353287605,4.20095020535948,0.8564000000000003,26.218013362833787
2024-11-04 17:20:58,4.201134214617624,0.856,25.72571420883662,4.200943633600238,0.8563600000000003,26.232632940435305
2024-11-04 17:20:58,4.200477038696013,0.855,27.13035904417916,4.200917346563374,0.8562800000000003,26.246495712308583
2024-11-04 17:20:58,4.200805626656267,0.855,25.72571420883662,4.200910774804153,0.8562000000000003,26.261115289910112
2024-11-04 17:20:59,4.200477038696013,0.855,26.437220450515156,4.200897631285743,0.8561200000000002,26.27534541474368
2024-11-04 17:20:59,4.201134214617624,0.855,26.437220450515156,4.200897631285743,0.8560400000000001,26.289575539577264
2024-11-04 17:20:59,4.200969920636808,0.855,25.72571420883662,4.200904203044964,0.8559599999999999,26.275345414743686
2024-11-04 17:20:59,4.200805626656267,0.854,24.2430730354219,4.200923918322563,0.8558399999999999,26.26031216887691
2024-11-04 17:21:00,4.201134214617624,0.854,27.13035904417916,4.200930490081795,0.8557199999999999,26.30302464318528
2024-11-04 17:21:00,4.201462802580083,0.854,26.437220450515156,4.2009764923963475,0.8555999999999999,26.275646226152386
2024-11-04 17:21:00,4.200969920636808,0.854,27.13035904417916,4.200969920637115,0.85548,26.333391946327524
2024-11-04 17:21:00,4.201134214617624,0.854,27.13035904417916,4.200983064155569,0.85536,26.319876301167895
2024-11-04 17:21:01,4.201298508598716,0.854,25.72571420883662,4.201002779433266,0.85524,26.278267759301414
2024-11-04 17:21:01,4.201627096561725,0.854,22.672238853203226,4.2010356382294844,0.85516,26.202968127355174
2024-11-04 17:21:01,4.200805626656267,0.854,25.72571420883662,4.20102249471103,0.8550800000000001,26.20296812735518
2024-11-04 17:21:01,4.200969920636808,0.854,26.437220450515156,4.201002779433299,0.855,26.20296812735518
2024-11-04 17:21:02,4.201462802580083,0.854,26.437220450515156,4.201022494711031,0.8549199999999999,26.20296812735518
2024-11-04 17:21:02,4.201462802580083,0.854,25.72571420883662,4.20103563822953,0.8548399999999998,26.20296812735518
2024-11-04 17:21:02,4.201134214617624,0.854,27.80614130216054,4.20103563822953,0.8547599999999997,26.24457666922165
2024-11-04 17:21:02,4.201134214617624,0.854,26.437220450515156,4.2010422099887625,0.8546799999999998,26.24457666922165
2024-11-04 17:21:03,4.201298508598716,0.854,27.13035904417916,4.2010684970256715,0.8545999999999997,26.272669565928503
2024-11-04 17:21:03,4.201298508598716,0.853,24.9947353287605,4.2010684970256715,0.8544799999999997,26.28770281179528
2024-11-04 17:21:03,4.200805626656267,0.853,26.437220450515156,4.20106192526645,0.8543999999999998,26.33158576009714
2024-11-04 17:21:03,4.201134214617624,0.853,25.72571420883662,4.201068497025682,0.8543199999999999,26.346205337698667
2024-11-04 17:21:04,4.201462802580083,0.853,25.72571420883662,4.201088212303413,0.8541999999999998,26.31811244099182
2024-11-04 17:21:04,4.201627096561725,0.853,27.80614130216054,4.201121071099632,0.8540800000000001,26.35972098285829
2024-11-04 17:21:04,4.200969920636808,0.853,25.72571420883662,4.201114499340399,0.85396,26.345490858024714
2024-11-04 17:21:04,4.200969920636808,0.853,26.437220450515156,4.201134214618029,0.8538800000000001,26.35972098285829
2024-11-04 17:21:05,4.201298508598716,0.853,27.13035904417916,4.201153929895728,0.8538000000000001,26.387813879565133
2024-11-04 17:21:05,4.201298508598716,0.853,26.437220450515156,4.201186788691837,0.8537200000000001,26.387813879565137
2024-11-04 17:21:05,4.200969920636808,0.853,25.72571420883662,4.2011802169326025,0.8536400000000003,26.373583754731563
2024-11-04 17:21:05,4.200969920636808,0.853,23.469396624933097,4.2011802169326025,0.8535600000000003,26.300364506346636
2024-11-04 17:21:05,4.200805626656267,0.853,27.13035904417916,4.2011802169326025,0.8535200000000005,26.314227278219924
2024-11-04 17:21:06,4.200969920636808,0.852,26.437220450515156,4.2011736451733706,0.8534400000000004,26.286848861187018
2024-11-04 17:21:06,4.201462802580083,0.852,27.13035904417916,4.2011736451733706,0.8533600000000002,26.329561335495388
2024-11-04 17:21:06,4.200805626656267,0.852,25.72571420883662,4.2011670734141475,0.8532800000000001,26.315331210661824
2024-11-04 17:21:06,4.200969920636808,0.852,27.13035904417916,4.201160501654915,0.8532000000000001,26.343424107368676
2024-11-04 17:21:07,4.201134214617624,0.852,27.13035904417916,4.201153929895671,0.8531199999999999,26.371517004075532
2024-11-04 17:21:07,4.201791390543644,0.852,26.437220450515156,4.2011605016549485,0.8530399999999997,26.371517004075532
2024-11-04 17:21:07,4.201298508598716,0.852,27.13035904417916,4.201180216932646,0.8529599999999996,26.38537977594881
2024-11-04 17:21:07,4.201134214617624,0.852,26.437220450515156,4.201186788691879,0.8528799999999996,26.371517004075532
2024-11-04 17:21:08,4.201462802580083,0.852,24.9947353287605,4.20118678869188,0.8527999999999996,26.31528888460753
2024-11-04 17:21:08,4.201462802580083,0.852,24.9947353287605,4.20118678869188,0.8527199999999995,26.25906076513953
2024-11-04 17:21:08,4.201298508598716,0.852,25.72571420883662,4.201193360451124,0.8526399999999995,26.20426514389699
2024-11-04 17:21:08,4.201298508598716,0.852,26.437220450515156,4.201199932210367,0.8525599999999994,26.218495268730567
2024-11-04 17:21:09,4.201298508598716,0.851,26.437220450515156,4.201199932210367,0.8524399999999994,26.204632496857286
2024-11-04 17:21:09,4.201298508598716,0.851,24.2430730354219,4.201199932210368,0.8523599999999995,26.18959925099052
2024-11-04 17:21:09,4.200805626656267,0.85,25.72571420883662,4.201199932210368,0.8522399999999997,26.14799070912404
2024-11-04 17:21:09,4.201298508598716,0.85,26.437220450515156,4.201206503969612,0.8521199999999998,26.16222083395762
2024-11-04 17:21:10,4.201462802580083,0.85,24.9947353287605,4.201206503969613,0.852,26.092805635113567
2024-11-04 17:21:10,4.201462802580083,0.85,24.2430730354219,4.201199932210348,0.8518800000000002,26.077772389246793
2024-11-04 17:21:10,4.201134214617624,0.85,27.80614130216054,4.20120650396958,0.8517600000000003,26.119380931113273
2024-11-04 17:21:10,4.200969920636808,0.85,25.72571420883662,4.201206503969579,0.8516400000000004,26.091288034406425
2024-11-04 17:21:11,4.200641332676002,0.85,25.72571420883662,4.201180216932671,0.8515200000000004,26.091288034406418
2024-11-04 17:21:11,4.201298508598716,0.85,25.72571420883662,4.201180216932671,0.8514000000000004,26.07705790957284
2024-11-04 17:21:11,4.201462802580083,0.849,26.437220450515156,4.201199932210402,0.8512400000000003,26.07705790957284
2024-11-04 17:21:11,4.200969920636808,0.849,24.9947353287605,4.201199932210402,0.8510800000000002,26.06243833197132
2024-11-04 17:21:12,4.200969920636808,0.849,25.72571420883662,4.201206503969623,0.85092,26.09209115543961
2024-11-04 17:21:12,4.200969920636808,0.849,27.80614130216054,4.2012065039696225,0.8507999999999999,26.105606800599244
2024-11-04 17:21:12,4.201134214617624,0.849,26.437220450515156,4.201193360451123,0.8506799999999997,26.105606800599244
2024-11-04 17:21:12,4.201627096561725,0.849,24.9947353287605,4.201226219247342,0.8505599999999996,26.062894326290873
2024-11-04 17:21:13,4.201298508598716,0.849,25.72571420883662,4.201239362765818,0.8504399999999996,26.03480142958402
2024-11-04 17:21:13,4.201462802580083,0.849,23.469396624933097,4.201252506284318,0.8503199999999996,25.989675077905954
2024-11-04 17:21:13,4.201298508598716,0.849,23.469396624933097,4.20123279100652,0.8501999999999995,26.005618233340556
2024-11-04 17:21:13,4.201298508598716,0.849,24.9947353287605,4.20123279100652,0.8500799999999995,25.990998655739034
2024-11-04 17:21:14,4.201462802580083,0.849,25.72571420883662,4.201245934525019,0.8499599999999994,25.976768530905456
2024-11-04 17:21:14,4.201462802580083,0.849,26.437220450515156,4.20124593452502,0.8498399999999994,25.976768530905463
2024-11-04 17:21:14,4.202119978508306,0.849,26.437220450515156,4.20127222156215,0.8497199999999994,25.99099865573903
2024-11-04 17:21:14,4.200969920636808,0.849,27.13035904417916,4.201259078043673,0.8495999999999992,25.977483010579405
2024-11-04 17:21:15,4.201298508598716,0.849,24.9947353287605,4.201259078043673,0.8494799999999992,25.94863330814431
2024-11-04 17:21:15,4.201298508598716,0.849,26.437220450515156,4.201259078043672,0.8493999999999992,25.934770536271035
2024-11-04 17:21:15,4.201462802580083,0.849,27.13035904417916,4.201265649802927,0.8493199999999992,25.977483010579405
2024-11-04 17:21:15,4.201462802580083,0.849,28.465495270963004,4.201291936839881,0.8492799999999991,26.018048506988357
2024-11-04 17:21:16,4.201462802580083,0.849,24.9947353287605,4.201298508599137,0.8492399999999992,26.003428929386835
2024-11-04 17:21:16,4.201134214617624,0.849,26.437220450515156,4.201285365080637,0.8491999999999992,26.017659054220402
2024-11-04 17:21:16,4.201134214617624,0.849,24.9947353287605,4.201272221562138,0.8491599999999992,25.961430934752403
2024-11-04 17:21:16,4.201462802580083,0.849,26.437220450515156,4.201285365080635,0.8491199999999992,25.975661059585974
2024-11-04 17:21:17,4.201627096561725,0.849,29.10927472714519,4.201311652117633,0.8490799999999993,26.02910214511857
2024-11-04 17:21:17,4.201791390543644,0.849,26.437220450515156,4.201357654432339,0.8490399999999992,26.015239373245286
2024-11-04 17:21:17,4.201627096561725,0.849,24.2430730354219,4.20137079795086,0.8489999999999992,25.97135642494343
2024-11-04 17:21:17,4.201791390543644,0.849,27.13035904417916,4.201383941469402,0.8489999999999992,25.99944932165027
2024-11-04 17:21:18,4.201462802580083,0.849,27.13035904417916,4.201403656747133,0.8489999999999992,26.07266857003519
2024-11-04 17:21:18,4.201627096561725,0.849,27.80614130216054,4.201429943784129,0.8489999999999992,26.08618421519482
2024-11-04 17:21:18,4.201627096561725,0.848,25.72571420883662,4.201456230821126,0.8489599999999993,26.07195409036125
2024-11-04 17:21:18,4.201791390543644,0.848,27.13035904417916,4.2014825178581665,0.8489199999999993,26.071954090361256
2024-11-04 17:21:19,4.201791390543644,0.848,26.437220450515156,4.201489089617444,0.8488799999999995,26.086184215194827
2024-11-04 17:21:19,4.201791390543644,0.848,26.437220450515156,4.20150880489524,0.8488399999999996,26.072321443321552
2024-11-04 17:21:19,4.201791390543644,0.848,26.437220450515156,4.201521948413782,0.8487999999999997,26.05845867144827
2024-11-04 17:21:19,4.201627096561725,0.848,25.72571420883662,4.201535091932303,0.8487599999999997,26.044228546614693
2024-11-04 17:21:20,4.202119978508306,0.848,27.13035904417916,4.201567950728687,0.8487199999999998,26.04422854661469
2024-11-04 17:21:20,4.201955684525837,0.848,24.9947353287605,4.2015876660065175,0.8486799999999998,26.015378844179605
2024-11-04 17:21:20,4.201134214617624,0.848,27.13035904417916,4.201574522488017,0.8486399999999997,26.05809131848797
2024-11-04 17:21:20,4.202448566474072,0.848,26.437220450515156,4.201587666006647,0.8485999999999997,26.086941020923067
2024-11-04 17:21:21,4.201462802580083,0.848,26.437220450515156,4.201607381284378,0.8485599999999996,26.101171145756634
2024-11-04 17:21:21,4.201462802580083,0.848,25.72571420883662,4.201613953043634,0.8485199999999996,26.086941020923067
2024-11-04 17:21:21,4.201627096561725,0.847,25.72571420883662,4.201627096562156,0.8484399999999996,26.072710896089493
2024-11-04 17:21:21,4.201462802580083,0.847,27.13035904417916,4.201627096562157,0.8483599999999997,26.13045661626463
2024-11-04 17:21:22,4.201298508598716,0.847,24.2430730354219,4.201620524802903,0.8482799999999997,26.10080379279634
2024-11-04 17:21:22,4.201462802580083,0.846,25.72571420883662,4.201620524802903,0.8481599999999996,26.086573667962774
2024-11-04 17:21:22,4.201627096561725,0.846,26.437220450515156,4.201640240080667,0.8480399999999996,26.115423370397874
2024-11-04 17:21:22,4.201134214617624,0.846,26.437220450515156,4.201640240080667,0.8479199999999995,26.159306318699738
2024-11-04 17:21:23,4.201791390543644,0.846,24.9947353287605,4.201653383599209,0.8477999999999993,26.103078199231735
2024-11-04 17:21:23,4.201627096561725,0.846,28.465495270963004,4.20165338359921,0.8476799999999993,26.157873820474254
2024-11-04 17:21:23,4.201791390543644,0.846,24.9947353287605,4.201653383599209,0.8475599999999992,26.143254242872736
2024-11-04 17:21:23,4.201791390543644,0.846,25.72571420883662,4.201659955358485,0.8474399999999992,26.143254242872736
2024-11-04 17:21:24,4.201627096561725,0.847,26.437220450515156,4.201653383599208,0.8473599999999994,26.143254242872736
2024-11-04 17:21:24,4.201791390543644,0.847,24.9947353287605,4.201666527117749,0.8472799999999997,26.14325424287275
2024-11-04 17:21:24,4.201462802580083,0.846,24.9947353287605,4.201659955358483,0.8471599999999997,26.12863466527122
2024-11-04 17:21:24,4.201791390543644,0.846,24.9947353287605,4.201666527117759,0.8470799999999997,26.07240654580322
2024-11-04 17:21:25,4.201627096561725,0.847,25.72571420883662,4.201659955358482,0.8470399999999999,26.058176420969648
2024-11-04 17:21:25,4.202284272491052,0.847,25.72571420883662,4.20167967063638,0.8470000000000002,26.072795998571163
2024-11-04 17:21:25,4.202284272491052,0.847,24.9947353287605,4.201699385914276,0.8469600000000002,26.058176420969644
2024-11-04 17:21:25,4.202119978508306,0.846,26.437220450515156,4.2017125294328626,0.8468799999999999,26.117532897481286
2024-11-04 17:21:26,4.202284272491052,0.846,26.437220450515156,4.201738816470037,0.8467999999999998,26.176889373992935
2024-11-04 17:21:26,4.202284272491052,0.846,26.437220450515156,4.201745388229347,0.8467199999999998,26.205739076428028
2024-11-04 17:21:26,4.202284272491052,0.846,23.469396624933097,4.201758531747956,0.8466399999999996,26.160612724749956
2024-11-04 17:21:26,4.201955684525837,0.846,27.80614130216054,4.201791390544284,0.8465599999999995,26.187991141782863
2024-11-04 17:21:27,4.201955684525837,0.846,26.437220450515156,4.201771675266355,0.8464799999999993,26.18799114178286
2024-11-04 17:21:27,4.202119978508306,0.846,22.672238853203226,4.201797962303484,0.8463999999999995,26.098828737963334
2024-11-04 17:21:27,4.202284272491052,0.846,24.2430730354219,4.2018308210999225,0.8463199999999993,26.08379549209657
2024-11-04 17:21:27,4.202119978508306,0.846,26.437220450515156,4.201850536377786,0.8462799999999995,26.083795492096577
2024-11-04 17:21:28,4.202448566474072,0.847,24.2430730354219,4.201889966933545,0.8462799999999996,26.02604977192143
2024-11-04 17:21:28,4.202119978508306,0.847,24.9947353287605,4.201922825729929,0.8462799999999996,25.95663457307738
2024-11-04 17:21:28,4.202284272491052,0.847,26.437220450515156,4.201955684526368,0.8463199999999997,25.985484275512473
2024-11-04 17:21:28,4.202612860457368,0.846,26.437220450515156,4.201995115082194,0.8463199999999997,25.985484275512473
2024-11-04 17:21:29,4.202284272491052,0.846,27.13035904417916,4.202041117397131,0.8463199999999997,26.02819674982085
2024-11-04 17:21:29,4.201955684525837,0.846,26.437220450515156,4.202047689156419,0.8463199999999997,26.028196749820847
2024-11-04 17:21:29,4.202448566474072,0.846,25.72571420883662,4.202080547952912,0.8463199999999995,25.960525539454665
2024-11-04 17:21:29,4.202119978508306,0.846,27.80614130216054,4.202093691471498,0.8463199999999993,25.987903956487582
2024-11-04 17:21:30,4.202284272491052,0.846,27.13035904417916,4.202113406749394,0.8463199999999992,26.04564967666272
2024-11-04 17:21:30,4.202284272491052,0.846,22.672238853203226,4.2021396937865685,0.8462799999999993,25.956487272843205
2024-11-04 17:21:30,4.202119978508306,0.846,24.9947353287605,4.202152837305155,0.8462399999999992,25.913774798534828
2024-11-04 17:21:30,4.201955684525837,0.846,24.9947353287605,4.202172552582985,0.8462399999999992,25.85754667906683
2024-11-04 17:21:31,4.202284272491052,0.846,24.9947353287605,4.202192267860881,0.8462399999999992,25.842927101465296
2024-11-04 17:21:31,4.202119978508306,0.846,26.437220450515156,4.202211983138744,0.8461999999999993,25.82906432959202
2024-11-04 17:21:31,4.202284272491052,0.846,24.9947353287605,4.202211983138744,0.8461599999999992,25.800214627156926
2024-11-04 17:21:31,4.202119978508306,0.846,25.72571420883662,4.202205411379435,0.8461199999999992,25.785984502323355
2024-11-04 17:21:32,4.202448566474072,0.846,26.437220450515156,4.202218554898065,0.8461199999999992,25.785984502323362
2024-11-04 17:21:32,4.202612860457368,0.846,27.13035904417916,4.202231698416718,0.8461199999999991,25.814077399030214
2024-11-04 17:21:32,4.202448566474072,0.846,25.72571420883662,4.202238270176038,0.8461199999999991,25.785984502323362
2024-11-04 17:21:32,4.202612860457368,0.846,25.72571420883662,4.202251413694691,0.8461199999999991,25.800604079924888
2024-11-04 17:21:33,4.202777154440939,0.846,25.72571420883662,4.202284272491295,0.8461199999999991,25.77251118321803
2024-11-04 17:21:33,4.202612860457368,0.846,26.437220450515156,4.202310559528557,0.8461199999999991,25.77251118321804
2024-11-04 17:21:33,4.202284272491052,0.846,26.437220450515156,4.202317131287867,0.8461199999999991,25.77251118321804
2024-11-04 17:21:33,4.202612860457368,0.846,24.9947353287605,4.20233027480652,0.8461199999999991,25.757891605616518
2024-11-04 17:21:34,4.202119978508306,0.846,26.437220450515156,4.20233027480652,0.8461199999999991,25.77212173045008
2024-11-04 17:21:34,4.203105742408909,0.846,24.2430730354219,4.2023565618439145,0.8460799999999992,25.714376010274933
2024-11-04 17:21:34,4.202284272491052,0.846,25.72571420883662,4.2023631336032246,0.8460399999999991,25.744028833743233
2024-11-04 17:21:34,4.202448566474072,0.846,25.72571420883662,4.2023697053625435,0.8459999999999991,25.744028833743222
2024-11-04 17:21:35,4.202777154440939,0.846,24.9947353287605,4.202376277121887,0.8459999999999991,25.715179131308137
2024-11-04 17:21:35,4.202448566474072,0.845,25.72571420883662,4.202382848881207,0.8459599999999992,25.700949006474566
2024-11-04 17:21:35,4.202448566474072,0.845,25.72571420883662,4.202402564159136,0.8459199999999992,25.71556858407609
2024-11-04 17:21:35,4.202448566474072,0.845,27.80614130216054,4.202402564159135,0.8458799999999994,25.702381504700043
2024-11-04 17:21:36,4.202777154440939,0.845,27.80614130216054,4.202428851196441,0.8458399999999995,25.758609624168038
2024-11-04 17:21:36,4.202941448424786,0.845,26.437220450515156,4.2024551382337885,0.8457999999999996,25.772839749001616
2024-11-04 17:21:36,4.202777154440939,0.845,24.2430730354219,4.202474853511784,0.8457599999999996,25.72895680069975
2024-11-04 17:21:36,4.202777154440939,0.845,29.10927472714519,4.20250114054909,0.8457199999999997,25.811247588667438
2024-11-04 17:21:37,4.202612860457368,0.845,24.2430730354219,4.202527427586352,0.8456799999999997,25.79621434280067
2024-11-04 17:21:37,4.202941448424786,0.845,27.13035904417916,4.2025537146237015,0.8456399999999996,25.83892681710904
2024-11-04 17:21:37,4.203105742408909,0.845,27.13035904417916,4.202593145179726,0.8455999999999996,25.867019713815893
2024-11-04 17:21:37,4.202941448424786,0.845,26.437220450515156,4.202619432217076,0.8455599999999995,25.881249838649463
2024-11-04 17:21:38,4.202777154440939,0.845,24.2430730354219,4.202645719254382,0.8455199999999995,25.86621659278269
2024-11-04 17:21:38,4.202777154440939,0.845,25.72571420883662,4.202658862773058,0.8454799999999995,25.85198646794913
2024-11-04 17:21:38,4.203270036393308,0.845,26.437220450515156,4.202685149810495,0.8454399999999994,25.85198646794913
2024-11-04 17:21:38,4.202941448424786,0.845,24.9947353287605,4.202704865088523,0.8453999999999994,25.823136765514032
2024-11-04 17:21:39,4.203105742408909,0.845,25.72571420883662,4.202724580366585,0.8453599999999993,25.86826311719211
2024-11-04 17:21:39,4.202777154440939,0.845,26.437220450515156,4.202724580366585,0.8453199999999994,25.840884700159204
2024-11-04 17:21:39,4.202941448424786,0.845,26.437220450515156,4.202737723885281,0.8452799999999994,25.840884700159204
2024-11-04 17:21:39,4.202941448424786,0.845,27.80614130216054,4.20276401092263,0.8452399999999994,25.943562749138344
2024-11-04 17:21:40,4.203105742408909,0.845,26.437220450515156,4.202783726200692,0.8451999999999994,25.987445697440215
2024-11-04 17:21:40,4.202777154440939,0.845,25.72571420883662,4.202810013237997,0.8451599999999995,25.97321557260664
2024-11-04 17:21:40,4.202284272491052,0.844,27.80614130216054,4.202777154441282,0.8450799999999995,26.044476937941408
2024-11-04 17:21:40,4.203270036393308,0.844,26.437220450515156,4.2028165849973735,0.8449999999999995,26.073326640376507
2024-11-04 17:21:41,4.203270036393308,0.844,25.72571420883662,4.202849443794142,0.8449199999999997,26.059096515542933
2024-11-04 17:21:41,4.203105742408909,0.844,27.80614130216054,4.202862587312862,0.8448399999999998,26.08647493257584
2024-11-04 17:21:41,4.2034343303779815,0.845,26.437220450515156,4.202902017869017,0.8448399999999998,26.072612160702555
2024-11-04 17:21:41,4.202941448424786,0.845,26.437220450515156,4.202921733147045,0.8448399999999998,26.072612160702555
2024-11-04 17:21:42,4.202777154440939,0.845,25.72571420883662,4.202934876665721,0.8448399999999997,26.072612160702555
2024-11-04 17:21:42,4.202941448424786,0.844,27.13035904417916,4.202941448425075,0.8447999999999998,26.05909651554293
2024-11-04 17:21:42,4.203105742408909,0.844,26.437220450515156,4.202948020184439,0.8447599999999998,26.04523374366965
2024-11-04 17:21:42,4.203105742408909,0.844,26.437220450515156,4.202961163703158,0.8447199999999999,26.12053337561589
2024-11-04 17:21:43,4.203270036393308,0.845,26.437220450515156,4.202980878981253,0.8447200000000001,26.149383078050978
2024-11-04 17:21:43,4.203270036393308,0.845,27.13035904417916,4.203007166018691,0.8447200000000001,26.192095552359355
2024-11-04 17:21:43,4.2034343303779815,0.844,21.84997632024192,4.203026881296818,0.8446800000000002,26.12920037218898
2024-11-04 17:21:43,4.203270036393308,0.844,27.80614130216054,4.203033453056195,0.8446400000000002,26.156578789221893
2024-11-04 17:21:44,4.203270036393308,0.844,23.469396624933097,4.203046596574937,0.8446000000000002,26.12607201514534
2024-11-04 17:21:44,4.202941448424786,0.844,26.437220450515156,4.20305316833429,0.8445600000000003,26.140302139978903
2024-11-04 17:21:44,4.202941448424786,0.844,26.437220450515156,4.203059740093644,0.8445200000000004,26.140302139978914
2024-11-04 17:21:44,4.2034343303779815,0.844,26.437220450515156,4.20306631185303,0.8444800000000003,26.12643936810564
2024-11-04 17:21:45,4.202941448424786,0.844,24.9947353287605,4.203066311853029,0.8444400000000002,26.11181979050411
2024-11-04 17:21:45,4.203105742408909,0.844,26.437220450515156,4.2030663118530285,0.8444000000000002,26.12604991533768
2024-11-04 17:21:45,4.2034343303779815,0.844,25.72571420883662,4.2030925988905095,0.8443600000000003,26.12604991533767
2024-11-04 17:21:45,4.203270036393308,0.844,24.2430730354219,4.20310574240925,0.8443200000000004,26.082166967035814
2024-11-04 17:21:46,4.203270036393308,0.844,26.437220450515156,4.203118885927993,0.8442800000000006,26.08216696703581
2024-11-04 17:21:46,4.203105742408909,0.844,24.9947353287605,4.203118885927993,0.8442400000000007,26.082166967035803
2024-11-04 17:21:46,4.204091506319434,0.844,27.80614130216054,4.203171460003132,0.8442000000000006,26.10954538406872
2024-11-04 17:21:46,4.203270036393308,0.844,26.437220450515156,4.203210890559223,0.8442000000000004,26.153428332370577
2024-11-04 17:21:47,4.202941448424786,0.843,25.72571420883662,4.203197747040482,0.8441600000000006,26.153428332370577
2024-11-04 17:21:47,4.2034343303779815,0.843,25.72571420883662,4.2032043187998696,0.8441200000000009,26.153428332370577
2024-11-04 17:21:47,4.203105742408909,0.843,24.9947353287605,4.2032043187998696,0.844080000000001,26.153428332370574
2024-11-04 17:21:47,4.203270036393308,0.843,27.13035904417916,4.203197747040482,0.8440000000000009,26.181521229077426
2024-11-04 17:21:48,4.203270036393308,0.843,24.9947353287605,4.203210890559224,0.8439200000000011,26.166901651475904
2024-11-04 17:21:48,4.2035986243629315,0.843,26.437220450515156,4.203243749356104,0.843840000000001,26.139523234442994
2024-11-04 17:21:48,4.2035986243629315,0.843,25.72571420883662,4.203270036393629,0.8438000000000011,26.097914692576513
2024-11-04 17:21:48,4.2034343303779815,0.843,27.13035904417916,4.203283179912392,0.8437600000000012,26.1117774644498
2024-11-04 17:21:49,4.2035986243629315,0.843,24.9947353287605,4.203302895190553,0.843720000000001,26.126810710316576
2024-11-04 17:21:49,4.2034343303779815,0.843,25.72571420883662,4.203309466949939,0.843640000000001,26.059139499950398
2024-11-04 17:21:49,4.203762918348157,0.843,24.2430730354219,4.203329182228134,0.8435600000000011,26.0591394999504
2024-11-04 17:21:49,4.2034343303779815,0.843,29.10927472714519,4.203329182228134,0.8435200000000009,26.098717813609728
2024-11-04 17:21:50,4.203762918348157,0.843,24.9947353287605,4.203348897506327,0.843480000000001,26.05600533930135
2024-11-04 17:21:50,4.2035986243629315,0.843,27.13035904417916,4.203362041025112,0.8434400000000007,26.06986811117464
2024-11-04 17:21:50,4.2035986243629315,0.843,27.13035904417916,4.203388328062637,0.8434000000000009,26.127613831349777
2024-11-04 17:21:50,4.2039272123336575,0.843,28.465495270963004,4.203427758618992,0.8433600000000007,26.182409452592307
2024-11-04 17:21:51,4.2034343303779815,0.843,25.72571420883662,4.203427758618991,0.8433200000000007,26.168179327758743
2024-11-04 17:21:51,4.2042558003054875,0.843,27.13035904417916,4.20348033269422,0.8432800000000009,26.210891802067113
2024-11-04 17:21:51,4.2039272123336575,0.843,25.72571420883662,4.20351319149121,0.8432400000000007,26.210891802067117
2024-11-04 17:21:51,4.203105742408909,0.842,25.72571420883662,4.203500047972447,0.8431600000000006,26.196661677233543
2024-11-04 17:21:52,4.2035986243629315,0.842,24.9947353287605,4.203513191491233,0.8430800000000005,26.167811974798447
2024-11-04 17:21:52,4.2034343303779815,0.842,26.437220450515156,4.20351976325062,0.8430000000000001,26.140433557765537
2024-11-04 17:21:52,4.2035986243629315,0.842,27.13035904417916,4.203539478528781,0.84292,26.154296329638814
2024-11-04 17:21:52,4.203762918348157,0.842,25.72571420883662,4.20352633500993,0.8428399999999999,26.154296329638818
2024-11-04 17:21:53,4.203105742408909,0.841,25.72571420883662,4.203519763250553,0.8427199999999998,26.112687787772337
2024-11-04 17:21:53,4.2034343303779815,0.841,26.437220450515156,4.203539478528682,0.8426399999999998,26.112687787772337
2024-11-04 17:21:53,4.2039272123336575,0.842,24.9947353287605,4.2035591938069095,0.8425999999999998,26.09806821017082
2024-11-04 17:21:53,4.204584388278419,0.842,27.80614130216054,4.2036183396416895,0.8425599999999998,26.09806821017082
2024-11-04 17:21:54,4.204091506319434,0.842,25.72571420883662,4.203651198438734,0.8425199999999997,26.08383808533725
2024-11-04 17:21:54,4.2035986243629315,0.842,26.437220450515156,4.203664341957518,0.8424799999999997,26.08383808533725
2024-11-04 17:21:54,4.2039272123336575,0.842,26.437220450515156,4.203677485476347,0.8424399999999995,26.098068210170833
2024-11-04 17:21:54,4.2039272123336575,0.842,26.437220450515156,4.203690628995178,0.8423999999999995,26.08420543829755
2024-11-04 17:21:55,4.204091506319434,0.842,24.2430730354219,4.203716916032835,0.8423599999999994,26.040322489995685
2024-11-04 17:21:55,4.203762918348157,0.842,27.13035904417916,4.203723487792244,0.8423199999999994,26.054185261868962
2024-11-04 17:21:55,4.204091506319434,0.841,23.469396624933097,4.203749774829902,0.8422399999999994,25.994828785357317
2024-11-04 17:21:55,4.203762918348157,0.841,27.13035904417916,4.203749774829903,0.8421599999999997,25.99482878535732
2024-11-04 17:21:56,4.2035986243629315,0.842,24.9947353287605,4.203756346589301,0.8421199999999996,26.05772396552769
2024-11-04 17:21:56,4.2039272123336575,0.842,27.13035904417916,4.203762918348721,0.8420799999999997,26.04420832036806
2024-11-04 17:21:56,4.2039272123336575,0.841,25.72571420883662,4.203776061867551,0.8419999999999997,26.089334672046125
2024-11-04 17:21:56,4.203762918348157,0.841,24.9947353287605,4.203782633626958,0.8419199999999998,26.06048496961104
2024-11-04 17:21:57,4.2035986243629315,0.841,23.469396624933097,4.2037694901081295,0.8418399999999997,26.001128493099387
2024-11-04 17:21:57,4.204091506319434,0.841,26.437220450515156,4.203795777145786,0.8417599999999997,26.001128493099394
2024-11-04 17:21:57,4.203762918348157,0.841,26.437220450515156,4.203776061867494,0.8416799999999999,26.029978195534486
2024-11-04 17:21:57,4.203762918348157,0.841,26.437220450515156,4.2037694901080735,0.8416,26.029978195534486
2024-11-04 17:21:58,4.204420094291815,0.841,26.437220450515156,4.20382206418339,0.8415600000000001,26.04420832036806
2024-11-04 17:21:58,4.2039272123336575,0.841,24.9947353287605,4.20383520770222,0.8415200000000003,26.059241566234835
2024-11-04 17:21:58,4.204420094291815,0.841,27.80614130216054,4.203874638258772,0.8414800000000003,26.08661998326774
2024-11-04 17:21:58,4.203270036393308,0.84,25.72571420883662,4.2038614947399875,0.8414000000000005,26.10123956086927
2024-11-04 17:21:59,4.204091506319434,0.84,27.13035904417916,4.203874638258838,0.8413200000000006,26.087723915709645
2024-11-04 17:21:59,4.203762918348157,0.84,24.9947353287605,4.203900925296408,0.8412800000000007,26.05887421327455
2024-11-04 17:21:59,4.203762918348157,0.841,25.72571420883662,4.203914068815215,0.8412800000000007,26.05887421327455
2024-11-04 17:21:59,4.203762918348157,0.841,26.437220450515156,4.203907497055795,0.8412400000000008,26.073104338108113
2024-11-04 17:22:00,4.2039272123336575,0.84,24.9947353287605,4.203881210018004,0.841160000000001,26.07310433810811
2024-11-04 17:22:00,4.2042558003054875,0.84,24.9947353287605,4.203887781777446,0.8410800000000009,26.030391863799743
2024-11-04 17:22:00,4.204091506319434,0.84,24.9947353287605,4.203907497055707,0.8410000000000007,26.030391863799736
2024-11-04 17:22:00,4.2035986243629315,0.839,24.9947353287605,4.203894353536878,0.8408800000000006,26.00154216136464
2024-11-04 17:22:01,4.204091506319434,0.839,23.469396624933097,4.203900925296309,0.8407600000000005,25.956415809686572
2024-11-04 17:22:01,4.2042558003054875,0.84,24.9947353287605,4.20390749705575,0.8406800000000005,25.913703335378205
2024-11-04 17:22:01,4.204091506319434,0.84,27.80614130216054,4.2039206405746015,0.8406000000000005,25.9699314548462
2024-11-04 17:22:01,4.2035986243629315,0.84,24.9947353287605,4.203900925296342,0.8405600000000004,25.955311877244682
2024-11-04 17:22:02,4.204748682265299,0.84,26.437220450515156,4.203940355853026,0.8405200000000005,25.99919482554654
2024-11-04 17:22:02,4.204420094291815,0.84,26.437220450515156,4.203973214650182,0.8404400000000005,25.94575374001394
2024-11-04 17:22:02,4.2039272123336575,0.84,25.72571420883662,4.203973214650182,0.8403600000000006,25.960373317615467
2024-11-04 17:22:02,4.2042558003054875,0.84,26.437220450515156,4.203986358169055,0.8403200000000006,25.946510545742186
2024-11-04 17:22:03,4.203762918348157,0.839,26.437220450515156,4.203986358169055,0.8402400000000004,25.93264777386891
2024-11-04 17:22:03,4.204091506319434,0.839,27.13035904417916,4.204006073447315,0.8401600000000002,25.905945049333226
2024-11-04 17:22:03,4.2039272123336575,0.839,25.72571420883662,4.203999501687884,0.8400799999999999,25.90594504933323
2024-11-04 17:22:03,4.204091506319434,0.839,24.9947353287605,4.204012645206735,0.8399999999999999,25.863232575024863
2024-11-04 17:22:04,4.204420094291815,0.839,26.437220450515156,4.20403893224448,0.8399199999999997,25.877462699858423
2024-11-04 17:22:04,4.204091506319434,0.839,27.13035904417916,4.204025788725585,0.8398399999999995,25.90555559656528
2024-11-04 17:22:04,4.204091506319434,0.839,26.437220450515156,4.204032360485017,0.8397599999999996,25.934405299000364
2024-11-04 17:22:04,4.204420094291815,0.839,26.437220450515156,4.204032360485017,0.8396799999999996,25.934405299000375
2024-11-04 17:22:05,4.2042558003054875,0.839,26.437220450515156,4.204071791041503,0.8396399999999996,25.92054252712709
2024-11-04 17:22:05,4.2042558003054875,0.839,25.72571420883662,4.204078362800946,0.8395999999999995,25.92054252712709
2024-11-04 17:22:05,4.2042558003054875,0.838,24.9947353287605,4.204098078079238,0.8395199999999996,25.90592294952556
2024-11-04 17:22:05,4.204748682265299,0.838,27.80614130216054,4.204137508635924,0.8393999999999996,25.933301366558467
2024-11-04 17:22:06,4.204584388278419,0.838,25.72571420883662,4.204170367433134,0.8392799999999996,25.947920944159996
2024-11-04 17:22:06,4.2042558003054875,0.838,26.437220450515156,4.2041835109520065,0.8391999999999996,25.92054252712709
2024-11-04 17:22:06,4.204420094291815,0.839,29.10927472714519,4.2041900827114596,0.8391599999999996,25.988213737493265
2024-11-04 17:22:06,4.2042558003054875,0.839,22.672238853203226,4.204196654470901,0.8391199999999995,25.912914105547035
2024-11-04 17:22:07,4.204584388278419,0.839,24.2430730354219,4.204236085027521,0.8391199999999995,25.869031157245168
2024-11-04 17:22:07,4.204420094291815,0.839,24.9947353287605,4.2042492285464155,0.8391199999999995,25.84018145481007
2024-11-04 17:22:07,4.2042558003054875,0.839,24.9947353287605,4.204249228546416,0.8390799999999996,25.85521470067684
2024-11-04 17:22:07,4.204420094291815,0.838,26.437220450515156,4.204262372065312,0.8389999999999997,25.84135192880356
2024-11-04 17:22:08,4.204584388278419,0.838,24.9947353287605,4.2043018026219325,0.8389199999999998,25.871858702880104
2024-11-04 17:22:08,4.204584388278419,0.838,26.437220450515156,4.204295230862457,0.83884,25.857995931006815
2024-11-04 17:22:08,4.204420094291815,0.838,27.13035904417916,4.204295230862457,0.8387600000000001,25.900708405315196
2024-11-04 17:22:08,4.2042558003054875,0.838,26.437220450515156,4.2043083743813305,0.8386800000000001,25.886845633441908
2024-11-04 17:22:09,4.204912976252455,0.838,26.437220450515156,4.204334661419209,0.8386000000000001,25.901075758275482
2024-11-04 17:22:09,4.204420094291815,0.838,25.72571420883662,4.204360948456955,0.8385600000000002,25.915695335877007
2024-11-04 17:22:09,4.204912976252455,0.838,26.437220450515156,4.204393807254276,0.8385200000000002,25.975051812388646
2024-11-04 17:22:09,4.203762918348157,0.838,27.13035904417916,4.204387235494857,0.8384800000000001,25.988914584261924
2024-11-04 17:22:10,4.204584388278419,0.838,26.437220450515156,4.204406950773216,0.8384400000000001,25.98891458426193
2024-11-04 17:22:10,4.204748682265299,0.838,25.72571420883662,4.204420094292156,0.8384,25.974684459428353
2024-11-04 17:22:10,4.204420094291815,0.838,28.465495270963004,4.204433237811051,0.8383600000000002,26.015249955837316
2024-11-04 17:22:10,4.204584388278419,0.838,25.72571420883662,4.20445295308941,0.8383200000000004,26.02986953343883
2024-11-04 17:22:10,4.204420094291815,0.838,27.80614130216054,4.20445295308941,0.8382800000000005,26.02986953343883
2024-11-04 17:22:11,4.2042558003054875,0.837,24.9947353287605,4.20445295308941,0.8382000000000006,26.015249955837312
2024-11-04 17:22:11,4.2042558003054875,0.837,24.9947353287605,4.20445295308941,0.8381200000000009,25.972537481528935
2024-11-04 17:22:11,4.2042558003054875,0.837,25.72571420883662,4.20445295308941,0.8380800000000008,25.98715705913046
2024-11-04 17:22:11,4.2042558003054875,0.837,24.9947353287605,4.204433237811017,0.8380400000000009,25.97253748152894
2024-11-04 17:22:12,4.204584388278419,0.837,25.72571420883662,4.204433237811017,0.838000000000001,25.958307356695368
2024-11-04 17:22:12,4.204912976252455,0.837,24.2430730354219,4.204459524848896,0.837960000000001,25.943274110828593
2024-11-04 17:22:12,4.204748682265299,0.837,25.72571420883662,4.204472668367835,0.837880000000001,25.957893688430122
2024-11-04 17:22:12,4.204584388278419,0.837,26.437220450515156,4.2044858118867525,0.8378000000000009,25.98674339086522
2024-11-04 17:22:13,4.204748682265299,0.836,25.72571420883662,4.204492383646228,0.8376800000000005,26.001362968466736
2024-11-04 17:22:13,4.2042558003054875,0.836,24.9947353287605,4.204485811886775,0.8375600000000004,26.03186974254329
2024-11-04 17:22:13,4.204748682265299,0.835,27.13035904417916,4.204505527165167,0.8374000000000003,26.074582216851667
2024-11-04 17:22:13,4.204584388278419,0.835,27.13035904417916,4.204512098924631,0.8372800000000001,26.06106657169203
2024-11-04 17:22:14,4.204420094291815,0.835,27.80614130216054,4.204505527165167,0.8371599999999999,26.117294691160037
2024-11-04 17:22:14,4.204091506319434,0.833,23.469396624933097,4.2044858118868085,0.8369599999999997,26.05793821464839
2024-11-04 17:22:14,4.204420094291815,0.833,26.437220450515156,4.204485811886808,0.8367599999999996,26.05793821464839
2024-11-04 17:22:14,4.204091506319434,0.833,25.72571420883662,4.204479240127366,0.8365599999999995,26.05793821464839
2024-11-04 17:22:15,4.204912976252455,0.833,27.80614130216054,4.204479240127366,0.8363599999999995,26.085316631681298
2024-11-04 17:22:15,4.204420094291815,0.833,24.9947353287605,4.204479240127365,0.8361599999999995,26.056466929246202
2024-11-04 17:22:15,4.204091506319434,0.833,24.9947353287605,4.204446381330045,0.8359599999999995,26.013754454937835
2024-11-04 17:22:15,4.2042558003054875,0.833,25.72571420883662,4.204466096608338,0.8357599999999995,26.013754454937825
2024-11-04 17:22:16,4.2042558003054875,0.833,27.13035904417916,4.204452953089421,0.8355599999999994,26.056466929246202
2024-11-04 17:22:16,4.204091506319434,0.833,26.437220450515156,4.204426666051586,0.8353599999999994,26.0564669292462
2024-11-04 17:22:16,4.204091506319434,0.833,25.72571420883662,4.2044135225326915,0.8351599999999993,26.02837403253934
2024-11-04 17:22:16,4.2042558003054875,0.833,25.72571420883662,4.204400379013773,0.8349599999999993,26.014143907705776
2024-11-04 17:22:17,4.204420094291815,0.833,24.9947353287605,4.204400379013773,0.8347599999999993,25.98529420527068
2024-11-04 17:22:17,4.2039272123336575,0.833,25.72571420883662,4.204387235494901,0.8345999999999992,25.97106408043711
2024-11-04 17:22:17,4.2042558003054875,0.833,26.437220450515156,4.204387235494901,0.8344399999999992,25.985294205270684
2024-11-04 17:22:17,4.204420094291815,0.833,27.13035904417916,4.204393807254354,0.8342799999999991,26.02800667957906
2024-11-04 17:22:18,4.204091506319434,0.834,24.9947353287605,4.20438723549491,0.8341599999999993,25.971778560111062
2024-11-04 17:22:18,4.204420094291815,0.834,25.72571420883662,4.204380663735447,0.8340399999999996,25.971778560111062
2024-11-04 17:22:18,4.204584388278419,0.833,28.465495270963004,4.204367520216486,0.8338799999999996,26.012344056520014
2024-11-04 17:22:18,4.2042558003054875,0.833,23.469396624933097,4.2043478049380925,0.8337199999999996,25.899546494475775
2024-11-04 17:22:19,4.204748682265299,0.832,25.72571420883662,4.204354376697568,0.8335199999999996,25.960616001588452
2024-11-04 17:22:19,4.204420094291815,0.832,27.13035904417916,4.204341233178629,0.8333599999999995,26.01836172176359
2024-11-04 17:22:19,4.204912976252455,0.833,27.13035904417916,4.204367520216507,0.8332399999999994,26.061074196071967
2024-11-04 17:22:19,4.2042558003054875,0.833,26.437220450515156,4.204347804938114,0.8331599999999995,26.08992389850706
2024-11-04 17:22:20,4.204091506319434,0.833,25.72571420883662,4.204328089659755,0.8330799999999994,26.075693773673482
2024-11-04 17:22:20,4.204420094291815,0.833,23.469396624933097,4.204328089659755,0.8329999999999993,26.04518699959694
2024-11-04 17:22:20,4.204420094291815,0.833,27.80614130216054,4.20434123317865,0.8329999999999993,26.072565416629846
2024-11-04 17:22:20,4.2042558003054875,0.833,26.437220450515156,4.204334661419197,0.8329999999999994,26.05870264475657
2024-11-04 17:22:21,4.204584388278419,0.833,24.9947353287605,4.204354376697557,0.8329999999999994,26.029852942321472
2024-11-04 17:22:21,4.204584388278419,0.833,28.465495270963004,4.204341233178596,0.8329999999999994,26.070418438730425
2024-11-04 17:22:21,4.204748682265299,0.833,25.72571420883662,4.204354376697535,0.8329999999999994,26.07041843873043
2024-11-04 17:22:21,4.204748682265299,0.832,26.437220450515156,4.20438066373537,0.8329599999999995,26.07041843873043
2024-11-04 17:22:22,4.205241564227593,0.832,25.72571420883662,4.204420094292256,0.8329199999999994,26.042325542023583
2024-11-04 17:22:22,4.199326980843797,0.832,23.469396624933097,4.204222941513788,0.8328799999999995,25.982969065511938
2024-11-04 17:22:22,4.204584388278419,0.801,25.72571420883662,4.204242656792148,0.8315999999999997,25.98296906551194
2024-11-04 17:22:22,4.198998392888499,0.801,24.2430730354219,4.204038932254911,0.8303199999999997,25.898520620801122
2024-11-04 17:22:23,4.198998392888499,0.801,27.80614130216054,4.203828635958233,0.8290399999999998,25.940129162667603
2024-11-04 17:22:23,4.198998392888499,0.801,27.13035904417916,4.203611767902101,0.8277599999999999,25.926613517507967
2024-11-04 17:22:23,4.198998392888499,0.801,26.437220450515156,4.203414615124295,0.82648,25.955463219943066
2024-11-04 17:22:23,4.198998392888499,0.801,24.9947353287605,4.203204318827616,0.8252000000000003,25.955463219943063
2024-11-04 17:22:24,4.198998392888499,0.801,24.2430730354219,4.202987450771484,0.8239200000000002,25.925810396474773
2024-11-04 17:22:24,4.198998392888499,0.801,25.72571420883662,4.202783726234248,0.8226000000000002,25.940429974076295
2024-11-04 17:22:24,4.198998392888499,0.801,25.72571420883662,4.202566858178115,0.8212800000000001,25.940429974076288
2024-11-04 17:22:24,4.199326980843797,0.801,26.437220450515156,4.20235656188073,0.8200000000000002,25.984312922378148
2024-11-04 17:22:25,4.199326980843797,0.801,24.9947353287605,4.202159409102262,0.8187200000000001,25.96969334477663
2024-11-04 17:22:25,4.199326980843797,0.801,27.13035904417916,4.201942541045403,0.8174800000000002,25.983556116649908
2024-11-04 17:22:25,4.199162686866011,0.801,25.72571420883662,4.20173224474837,0.8162400000000001,25.983556116649908
2024-11-04 17:22:25,4.198998392888499,0.801,25.72571420883662,4.201495661413811,0.8149599999999999,25.99817569425143
2024-11-04 17:22:26,4.198669804934304,0.8,25.72571420883662,4.201272221598963,0.8136399999999996,25.970082797544574
2024-11-04 17:22:26,4.198834098911264,0.8,25.72571420883662,4.201061925302636,0.8123199999999994,25.941989900837726
2024-11-04 17:22:26,4.198834098911264,0.801,27.13035904417916,4.200838485487414,0.8110399999999994,25.928474255678097
2024-11-04 17:22:26,4.198669804934304,0.801,27.13035904417916,4.200608473913112,0.8097599999999994,26.001693504063013
2024-11-04 17:22:27,4.199655568800195,0.801,27.13035904417916,4.2004244646529,0.8084799999999994,26.0155562759363
2024-11-04 17:22:27,4.198669804934304,0.799,25.72571420883662,4.200187881319135,0.8071199999999995,26.015556275936298
2024-11-04 17:22:27,4.198505510957618,0.799,26.437220450515156,4.1999447262263025,0.8057599999999997,25.9881778589034
2024-11-04 17:22:27,4.198834098911264,0.799,24.9947353287605,4.199708142892141,0.8043999999999997,25.988177858903395
2024-11-04 17:22:28,4.198176923005075,0.799,26.437220450515156,4.199445272521732,0.8030799999999997,26.01702756133849
2024-11-04 17:22:28,4.198834098911264,0.799,25.72571420883662,4.199188973909079,0.8017599999999995,26.01702756133848
2024-11-04 17:22:28,4.198834098911264,0.799,27.13035904417916,4.199169258631778,0.8004399999999996,26.017027561338487
2024-11-04 17:22:28,4.198341216981209,0.799,25.72571420883662,4.1989195317798895,0.8003599999999996,26.002797436504924
2024-11-04 17:22:29,4.198834098911264,0.798,25.72571420883662,4.198912960020801,0.8002399999999997,26.002797436504917
2024-11-04 17:22:29,4.198505510957618,0.798,26.437220450515156,4.198893244743566,0.8001199999999998,26.01702756133849
2024-11-04 17:22:29,4.198998392888499,0.798,23.469396624933097,4.198893244743568,0.8,25.986520787261938
2024-11-04 17:22:29,4.198998392888499,0.797,27.13035904417916,4.198893244743568,0.7998399999999998,26.01461368396879
2024-11-04 17:22:30,4.198341216981209,0.797,26.437220450515156,4.198866957707276,0.7996799999999997,26.01461368396879
2024-11-04 17:22:30,4.198176923005075,0.796,24.9947353287605,4.198834098911938,0.7994799999999996,25.971901209660423
2024-11-04 17:22:30,4.198176923005075,0.796,26.437220450515156,4.198801240116602,0.7992799999999997,26.00075091209552
2024-11-04 17:22:30,4.198341216981209,0.796,26.437220450515156,4.19877495308031,0.7990799999999997,26.014981036929086
2024-11-04 17:22:31,4.198669804934304,0.796,25.72571420883662,4.1987486660439295,0.7988799999999999,25.960185415686556
2024-11-04 17:22:31,4.198505510957618,0.796,25.72571420883662,4.198715807248481,0.79868,26.005311767364628
2024-11-04 17:22:31,4.198341216981209,0.796,26.437220450515156,4.198676376693979,0.79848,26.019541892198205
2024-11-04 17:22:31,4.198341216981209,0.796,27.13035904417916,4.198643517898586,0.7982799999999999,26.0195418921982
2024-11-04 17:22:32,4.198341216981209,0.796,25.72571420883662,4.198617230862294,0.7980799999999999,25.991448995491346
2024-11-04 17:22:32,4.198505510957618,0.796,25.72571420883662,4.1986106591032275,0.7979199999999999,25.97721887065778
2024-11-04 17:22:32,4.1978483350536315,0.796,25.72571420883662,4.198571228548921,0.7977599999999998,25.977218870657772
2024-11-04 17:22:32,4.198341216981209,0.796,26.437220450515156,4.19855151327172,0.7975599999999998,26.036575347169418
2024-11-04 17:22:33,4.198669804934304,0.796,28.465495270963004,4.19855151327172,0.7973599999999997,26.049762426545467
2024-11-04 17:22:33,4.198834098911264,0.796,27.80614130216054,4.198518654476164,0.7971599999999998,26.077140843578373
2024-11-04 17:22:33,4.198176923005075,0.796,24.9947353287605,4.198498939198994,0.7970399999999997,26.077140843578377
2024-11-04 17:22:33,4.198834098911264,0.795,24.2430730354219,4.19851208271714,0.7968799999999999,25.992692398867558
2024-11-04 17:22:34,4.199162686866011,0.795,27.13035904417916,4.198525226235329,0.79672,26.020785295574402
2024-11-04 17:22:34,4.198669804934304,0.796,24.2430730354219,4.198544941512497,0.7965999999999999,25.976902347272535
2024-11-04 17:22:34,4.198834098911264,0.796,27.13035904417916,4.198544941512497,0.7964799999999999,26.004995243979387
2024-11-04 17:22:34,4.198341216981209,0.796,26.437220450515156,4.198525226235295,0.7963599999999996,26.064351720491032
2024-11-04 17:22:35,4.198834098911264,0.796,25.72571420883662,4.198544941512497,0.7962399999999996,26.064351720491032
2024-11-04 17:22:35,4.198834098911264,0.796,28.465495270963004,4.198544941512498,0.7961599999999998,26.14880016520185
2024-11-04 17:22:35,4.198998392888499,0.796,27.13035904417916,4.198564656789733,0.7960799999999998,26.13528452004222
2024-11-04 17:22:35,4.198834098911264,0.796,27.13035904417916,4.198558085030644,0.7959999999999998,26.135284520042223
2024-11-04 17:22:36,4.198998392888499,0.796,24.9947353287605,4.198558085030645,0.7959599999999998,26.106434817607127
2024-11-04 17:22:36,4.198834098911264,0.796,25.72571420883662,4.198577800307848,0.7959199999999998,26.121054395208656
2024-11-04 17:22:36,4.198998392888499,0.796,26.437220450515156,4.198610659103185,0.7959199999999998,26.16493734351052
2024-11-04 17:22:36,4.198834098911264,0.796,25.72571420883662,4.198636946139433,0.7959199999999998,26.16493734351052
2024-11-04 17:22:37,4.199162686866011,0.796,26.437220450515156,4.198669804934824,0.7959199999999998,26.179167468344094
2024-11-04 17:22:37,4.198834098911264,0.796,27.13035904417916,4.1986763766939035,0.7959199999999997,26.19303024021737
2024-11-04 17:22:37,4.198998392888499,0.796,24.9947353287605,4.198696091971138,0.7959199999999997,26.193030240217375
2024-11-04 17:22:37,4.199326980843797,0.796,27.13035904417916,4.1987355225256415,0.7959199999999997,26.19303024021737
2024-11-04 17:22:38,4.199326980843797,0.796,24.9947353287605,4.198774953080146,0.7959199999999997,26.178410662615853
2024-11-04 17:22:38,4.198998392888499,0.796,26.437220450515156,4.198801240116437,0.7959199999999997,26.192640787449427
2024-11-04 17:22:38,4.198834098911264,0.796,27.13035904417916,4.198814383634583,0.7959199999999997,26.220733684156272
2024-11-04 17:22:38,4.199162686866011,0.796,25.72571420883662,4.198866957707077,0.7959199999999995,26.220733684156276
2024-11-04 17:22:39,4.198998392888499,0.796,26.437220450515156,4.198893244743369,0.7959199999999995,26.206870912283
2024-11-04 17:22:39,4.198998392888499,0.796,26.437220450515156,4.198906388261537,0.7959199999999995,26.19300814040972
2024-11-04 17:22:39,4.198998392888499,0.796,25.72571420883662,4.1989129600206265,0.7959199999999995,26.16491524370286
2024-11-04 17:22:39,4.198998392888499,0.796,28.465495270963004,4.198945818815964,0.7959199999999995,26.21971086494539
2024-11-04 17:22:40,4.198998392888499,0.796,27.13035904417916,4.198952390575053,0.7959599999999996,26.23357363681867
2024-11-04 17:22:40,4.198998392888499,0.795,25.72571420883662,4.198945818815953,0.7959599999999998,26.248193214420198
2024-11-04 17:22:40,4.199326980843797,0.795,24.9947353287605,4.198972105852333,0.7959199999999998,26.2193435119851
2024-11-04 17:22:40,4.198998392888499,0.795,26.437220450515156,4.198978677611422,0.7958799999999999,26.233573636818672
2024-11-04 17:22:41,4.198998392888499,0.795,27.13035904417916,4.199004964647714,0.79584,26.23357363681867
2024-11-04 17:22:41,4.199655568800195,0.795,27.80614130216054,4.199037823443271,0.7958,26.275182178685142
2024-11-04 17:22:41,4.199326980843797,0.796,27.13035904417916,4.199057538720572,0.7958,26.303275075391994
2024-11-04 17:22:41,4.199326980843797,0.796,26.437220450515156,4.1990706822387835,0.7958,26.303275075391994
2024-11-04 17:22:42,4.198998392888499,0.796,26.437220450515156,4.199077253997873,0.7958,26.362631551903643
2024-11-04 17:22:42,4.199162686866011,0.795,25.72571420883662,4.199083825756973,0.79576,26.334538655196784
2024-11-04 17:22:42,4.199162686866011,0.795,25.72571420883662,4.199096969275162,0.7957200000000003,26.32030853036321
2024-11-04 17:22:42,4.199326980843797,0.795,26.437220450515156,4.199110112793374,0.7956800000000004,26.34915823279831
2024-11-04 17:22:43,4.199162686866011,0.795,24.9947353287605,4.199123256311563,0.7956400000000005,26.320308530363214
2024-11-04 17:22:43,4.20014845073686,0.795,26.437220450515156,4.199162686866396,0.7956000000000004,26.320308530363217
2024-11-04 17:22:43,4.199162686866011,0.795,27.13035904417916,4.199175830384586,0.7955600000000005,26.348401427070062
2024-11-04 17:22:43,4.199162686866011,0.795,27.80614130216054,4.199182402143686,0.7955200000000007,26.390009968936543
2024-11-04 17:22:44,4.199162686866011,0.795,27.80614130216054,4.199175830384574,0.7954800000000006,26.41738838596945
2024-11-04 17:22:44,4.198834098911264,0.795,26.437220450515156,4.1991561151072725,0.7954400000000007,26.40352561409617
2024-11-04 17:22:44,4.198998392888499,0.795,27.13035904417916,4.1991561151072725,0.7954000000000007,26.431618510803013
2024-11-04 17:22:44,4.199491274821859,0.795,25.72571420883662,4.1991824021436965,0.7953600000000007,26.43161851080302
2024-11-04 17:22:45,4.199655568800195,0.795,25.72571420883662,4.199202117421064,0.7953200000000008,26.43161851080302
2024-11-04 17:22:45,4.199326980843797,0.795,26.437220450515156,4.199215260939276,0.7952800000000008,26.43161851080302
2024-11-04 17:22:45,4.198998392888499,0.795,26.437220450515156,4.199215260939276,0.7952400000000008,26.391053014394064
2024-11-04 17:22:45,4.199162686866011,0.795,25.72571420883662,4.199221832698377,0.7952000000000009,26.349444472527583
2024-11-04 17:22:46,4.198998392888499,0.795,25.72571420883662,4.1992218326983775,0.7951600000000009,26.36406405012911
2024-11-04 17:22:46,4.198998392888499,0.795,24.2430730354219,4.199221832698378,0.7951200000000008,26.364064050129112
2024-11-04 17:22:46,4.199326980843797,0.795,26.437220450515156,4.199234976216591,0.795120000000001,26.350201278255827
2024-11-04 17:22:46,4.199162686866011,0.795,27.80614130216054,4.199228404457479,0.795120000000001,26.4214626435906
2024-11-04 17:22:47,4.199655568800195,0.795,25.72571420883662,4.1992546914939455,0.795120000000001,26.393369746883746
2024-11-04 17:22:47,4.198998392888499,0.795,27.13035904417916,4.1992546914939455,0.795120000000001,26.407232518757024
2024-11-04 17:22:47,4.199326980843797,0.794,27.13035904417916,4.199241547975691,0.7950800000000008,26.435325415463875
2024-11-04 17:22:47,4.199655568800195,0.794,23.469396624933097,4.1992546914939455,0.7950000000000006,26.335403442543278
2024-11-04 17:22:48,4.199655568800195,0.794,24.2430730354219,4.199267835012201,0.7949200000000003,26.27765772236813
2024-11-04 17:22:48,4.199326980843797,0.794,24.9947353287605,4.199280978530413,0.7948400000000002,26.234945248059763
2024-11-04 17:22:48,4.199326980843797,0.794,27.80614130216054,4.199287550289525,0.7948000000000001,26.29117336752777
2024-11-04 17:22:48,4.199162686866011,0.794,26.437220450515156,4.199287550289524,0.79476,26.30540349236133
2024-11-04 17:22:49,4.199326980843797,0.794,27.13035904417916,4.199287550289524,0.79472,26.319266264234617
2024-11-04 17:22:49,4.199326980843797,0.793,24.9947353287605,4.199294122048636,0.79464,26.304646686633095
2024-11-04 17:22:49,4.198998392888499,0.793,27.13035904417916,4.199248119734703,0.79456,26.318509458506373
2024-11-04 17:22:49,4.198834098911264,0.792,25.72571420883662,4.199234976216513,0.7944400000000001,26.29041656179953
2024-11-04 17:22:50,4.198998392888499,0.792,25.72571420883662,4.199228404457412,0.7943200000000004,26.305036139401047
2024-11-04 17:22:50,4.198834098911264,0.792,24.9947353287605,4.199215260939224,0.7942000000000005,26.262323665092676
2024-11-04 17:22:50,4.199162686866011,0.792,27.13035904417916,4.199228404457414,0.7940800000000005,26.305036139401047
2024-11-04 17:22:50,4.199162686866011,0.792,26.437220450515156,4.1992349762165135,0.7939600000000004,26.305036139401047
2024-11-04 17:22:51,4.199162686866011,0.793,27.13035904417916,4.19922183269828,0.7938800000000004,26.30503613940105
2024-11-04 17:22:51,4.198341216981209,0.793,27.13035904417916,4.1991692586255205,0.7938000000000003,26.333129036107902
2024-11-04 17:22:51,4.199162686866011,0.793,24.9947353287605,4.1991626868664085,0.7937200000000003,26.304279333672806
2024-11-04 17:22:51,4.199162686866011,0.793,27.13035904417916,4.199169258625508,0.7936400000000002,26.318142105546084
2024-11-04 17:22:52,4.199655568800195,0.793,26.437220450515156,4.199188973902874,0.7935600000000003,26.33237223037966
2024-11-04 17:22:52,4.199491274821859,0.793,26.437220450515156,4.199208689180208,0.7934800000000003,26.2918067339707
2024-11-04 17:22:52,4.198834098911264,0.793,27.13035904417916,4.19920211742112,0.7934000000000002,26.291806733970702
2024-11-04 17:22:52,4.199819862778808,0.792,24.9947353287605,4.19922183269852,0.7932800000000003,26.27718715636918
2024-11-04 17:22:53,4.198834098911264,0.792,26.437220450515156,4.19920868918033,0.7931600000000003,26.306036858804283
2024-11-04 17:22:53,4.199326980843797,0.792,27.13035904417916,4.199195545662075,0.7930400000000003,26.31989963067756
2024-11-04 17:22:53,4.199984156757696,0.793,26.437220450515156,4.199234976216843,0.7929600000000002,26.306036858804273
2024-11-04 17:22:53,4.199819862778808,0.793,27.80614130216054,4.199254691494243,0.7929200000000001,26.306036858804273
2024-11-04 17:22:54,4.199655568800195,0.794,24.2430730354219,4.199254691494242,0.7929199999999998,26.248291138629124
2024-11-04 17:22:54,4.199491274821859,0.794,25.72571420883662,4.199248119735109,0.7929199999999996,26.234061013795554
2024-11-04 17:22:54,4.20014845073686,0.793,25.72571420883662,4.199280978530832,0.7928799999999997,26.219830888961987
2024-11-04 17:22:54,4.199655568800195,0.793,26.437220450515156,4.199294122049087,0.7928399999999997,26.234061013795554
2024-11-04 17:22:55,4.198998392888499,0.793,25.72571420883662,4.199287550289987,0.7927999999999996,26.234061013795554
2024-11-04 17:22:55,4.20014845073686,0.793,25.72571420883662,4.1993204090857095,0.7927599999999997,26.21983088896198
2024-11-04 17:22:55,4.199491274821859,0.793,23.469396624933097,4.199326980844832,0.7927599999999998,26.189324114885434
2024-11-04 17:22:55,4.199491274821859,0.793,25.72571420883662,4.199346696122166,0.7927599999999998,26.175093990051863
2024-11-04 17:22:56,4.199491274821859,0.793,27.80614130216054,4.19937298315859,0.7927999999999998,26.188609635211495
2024-11-04 17:22:56,4.198669804934304,0.793,24.9947353287605,4.199359839640423,0.7928399999999998,26.132381515743486
2024-11-04 17:22:56,4.199326980843797,0.792,26.437220450515156,4.1993795549177255,0.7928399999999999,26.105003098710576
2024-11-04 17:22:56,4.199326980843797,0.792,25.72571420883662,4.199386126676837,0.7928399999999999,26.090772973877
2024-11-04 17:22:57,4.199655568800195,0.791,24.2430730354219,4.199405841954204,0.7927999999999997,26.03302725370186
2024-11-04 17:22:57,4.199491274821859,0.791,27.13035904417916,4.199418985472438,0.7927199999999996,26.061120150408716
2024-11-04 17:22:57,4.199162686866011,0.791,27.13035904417916,4.19945184426783,0.7926399999999993,26.089213047115567
2024-11-04 17:22:57,4.198834098911264,0.791,25.72571420883662,4.19943870074964,0.7925599999999993,26.074982922281997
2024-11-04 17:22:58,4.199655568800195,0.791,25.72571420883662,4.1994584160270065,0.7924799999999993,26.060752797448423
2024-11-04 17:22:58,4.199491274821859,0.791,25.72571420883662,4.199451844267873,0.7923999999999992,26.060752797448423
2024-11-04 17:22:58,4.199326980843797,0.791,25.72571420883662,4.1994452725087505,0.7923199999999992,26.060752797448423
2024-11-04 17:22:58,4.199326980843797,0.792,24.2430730354219,4.199464987786052,0.7922799999999995,26.060752797448426
2024-11-04 17:22:59,4.199984156757696,0.792,27.80614130216054,4.1994715595452075,0.7922799999999998,26.088131214481333
2024-11-04 17:22:59,4.199819862778808,0.791,27.13035904417916,4.199510990099909,0.7922399999999997,26.074615569321704
2024-11-04 17:22:59,4.199491274821859,0.791,25.72571420883662,4.1995175618590315,0.7921999999999998,26.074615569321693
2024-11-04 17:22:59,4.20014845073686,0.791,25.72571420883662,4.1995241336181985,0.7921199999999997,26.046522672614845
2024-11-04 17:23:00,4.199984156757696,0.791,27.13035904417916,4.199530705377353,0.7920399999999996,26.046522672614852
2024-11-04 17:23:00,4.199326980843797,0.791,25.72571420883662,4.199517561859098,0.7919199999999996,26.09164902429292
2024-11-04 17:23:00,4.199326980843797,0.792,27.13035904417916,4.199510990099977,0.7918399999999997,26.14939474446807
2024-11-04 17:23:00,4.199655568800195,0.792,24.2430730354219,4.19949127482251,0.7918,26.1343614986013
2024-11-04 17:23:01,4.199819862778808,0.792,24.9947353287605,4.199497846581654,0.7917600000000001,26.078133379133302
2024-11-04 17:23:01,4.199162686866011,0.792,26.437220450515156,4.199504418340753,0.7917200000000004,26.078133379133295
2024-11-04 17:23:01,4.199162686866011,0.792,27.13035904417916,4.199464987785919,0.7916800000000006,26.078133379133302
2024-11-04 17:23:01,4.199655568800195,0.792,25.72571420883662,4.199471559545052,0.7916400000000006,26.09275295673482
2024-11-04 17:23:02,4.20014845073686,0.792,24.9947353287605,4.199497846581651,0.7916000000000006,26.050040482426454
2024-11-04 17:23:02,4.199984156757696,0.792,27.13035904417916,4.199517561859085,0.7915600000000008,26.078133379133295
2024-11-04 17:23:02,4.199326980843797,0.792,25.72571420883662,4.199543848895465,0.7915200000000007,26.078133379133295
2024-11-04 17:23:02,4.20014845073686,0.792,25.72571420883662,4.199576707691188,0.7915200000000007,26.09275295673482
2024-11-04 17:23:03,4.199819862778808,0.792,27.13035904417916,4.199596422968588,0.7915200000000007,26.092752956734827
2024-11-04 17:23:03,4.199984156757696,0.792,25.72571420883662,4.199609566486888,0.7915600000000008,26.078522831901253
2024-11-04 17:23:03,4.20014845073686,0.792,24.9947353287605,4.199635853523488,0.7916000000000009,26.035810357592876
2024-11-04 17:23:03,4.199984156757696,0.792,25.72571420883662,4.199668712319156,0.7916400000000009,26.007717460886035
2024-11-04 17:23:03,4.199984156757696,0.792,23.469396624933097,4.199714714633013,0.7916800000000009,25.97721068680947
2024-11-04 17:23:04,4.200477038696013,0.792,26.437220450515156,4.199747573428847,0.791720000000001,25.963347914936204
2024-11-04 17:23:04,4.199655568800195,0.792,25.72571420883662,4.19975414518798,0.791760000000001,25.949117790102626
2024-11-04 17:23:04,4.200312744716299,0.792,26.437220450515156,4.19979357574288,0.791800000000001,25.949117790102626
2024-11-04 17:23:04,4.199984156757696,0.792,27.80614130216054,4.199819862779435,0.791800000000001,25.96263343526225
2024-11-04 17:23:05,4.20014845073686,0.792,25.72571420883662,4.199826434538602,0.791800000000001,25.977253012863777
2024-11-04 17:23:05,4.199984156757696,0.792,28.465495270963004,4.199833006297757,0.7918400000000009,26.01781850927273
2024-11-04 17:23:05,4.199819862778808,0.792,24.9947353287605,4.199846149816036,0.7918800000000009,25.97510603496436
2024-11-04 17:23:05,4.200312744716299,0.792,25.72571420883662,4.199852721575213,0.791920000000001,25.96087591013078
2024-11-04 17:23:06,4.20014845073686,0.792,27.80614130216054,4.199859293334379,0.7919600000000009,25.960875910130788
2024-11-04 17:23:06,4.20014845073686,0.792,27.13035904417916,4.199892152130102,0.7920000000000009,26.018621630305937
2024-11-04 17:23:06,4.200312744716299,0.792,27.13035904417916,4.199931582685,0.7920000000000009,26.04671452701278
2024-11-04 17:23:06,4.20014845073686,0.792,25.72571420883662,4.199951297962468,0.7920000000000009,26.04671452701278
2024-11-04 17:23:07,4.200641332676002,0.792,24.9947353287605,4.199984156758357,0.7920000000000009,26.017864824577686
2024-11-04 17:23:07,4.20014845073686,0.792,24.2430730354219,4.200023587313191,0.7920000000000009,25.988212001109396
2024-11-04 17:23:07,4.199984156757696,0.792,25.72571420883662,4.200056446108857,0.7920000000000009,25.988212001109396
2024-11-04 17:23:07,4.200477038696013,0.792,27.80614130216054,4.200089304904691,0.7920000000000009,26.07494689465394
2024-11-04 17:23:08,4.20014845073686,0.792,26.437220450515156,4.200089304904691,0.7920000000000009,26.089177019487515
2024-11-04 17:23:08,4.200312744716299,0.792,26.437220450515156,4.200102448423036,0.7920000000000009,26.06179860245461
2024-11-04 17:23:08,4.200312744716299,0.792,26.437220450515156,4.200141878977934,0.7920000000000009,26.09064830488971
2024-11-04 17:23:08,4.20014845073686,0.791,26.437220450515156,4.200141878977935,0.7919600000000007,26.09064830488972
2024-11-04 17:23:09,4.199819862778808,0.791,24.9947353287605,4.200141878977936,0.7919200000000005,26.07602872728819
2024-11-04 17:23:09,4.200477038696013,0.791,24.9947353287605,4.200161594255468,0.7918800000000004,26.091061973154964
2024-11-04 17:23:09,4.200312744716299,0.791,24.2430730354219,4.200168166014645,0.7918400000000001,26.033316252979816
2024-11-04 17:23:09,4.200641332676002,0.791,26.437220450515156,4.200194453051378,0.7918,26.019453481106538
2024-11-04 17:23:10,4.200312744716299,0.791,25.72571420883662,4.200207596569721,0.7917599999999999,26.019453481106538
2024-11-04 17:23:10,4.200312744716299,0.791,27.13035904417916,4.200201024810532,0.7917199999999999,26.047546377813383
2024-11-04 17:23:10,4.199984156757696,0.791,26.437220450515156,4.200214168328832,0.7916799999999998,26.061776502646953
2024-11-04 17:23:10,4.200312744716299,0.791,25.72571420883662,4.200214168328832,0.7916399999999997,26.061776502646943
2024-11-04 17:23:11,4.200641332676002,0.791,26.437220450515156,4.200240455365565,0.7915999999999996,26.105659450948806
2024-11-04 17:23:11,4.200312744716299,0.791,27.80614130216054,4.2002470271247425,0.7915599999999996,26.105659450948806
2024-11-04 17:23:11,4.199984156757696,0.791,26.437220450515156,4.200247027124742,0.7915199999999996,26.091796679075543
2024-11-04 17:23:11,4.200641332676002,0.791,24.9947353287605,4.200279885920629,0.7914799999999995,26.077177101474014
2024-11-04 17:23:12,4.200641332676002,0.791,22.672238853203226,4.200293029439019,0.7914399999999995,26.016107594361348
2024-11-04 17:23:12,4.200312744716299,0.791,26.437220450515156,4.2002996011981955,0.7913999999999994,26.002244822488066
2024-11-04 17:23:12,4.200477038696013,0.791,27.13035904417916,4.2003127447165625,0.7913599999999995,26.030337719194918
2024-11-04 17:23:12,4.20014845073686,0.791,25.72571420883662,4.200306172957386,0.7913199999999995,26.002244822488073
2024-11-04 17:23:13,4.200477038696013,0.791,25.72571420883662,4.200319316475753,0.7912799999999995,26.03189764595636
2024-11-04 17:23:13,4.200805626656267,0.791,24.9947353287605,4.200325888234962,0.7912399999999995,26.031897645956363
2024-11-04 17:23:13,4.200805626656267,0.791,25.72571420883662,4.200352175271739,0.7911999999999996,26.017667521122792
2024-11-04 17:23:13,4.20014845073686,0.791,25.72571420883662,4.200358747030906,0.7911599999999995,25.989574624415937
2024-11-04 17:23:14,4.200312744716299,0.791,25.72571420883662,4.200352175271717,0.7911199999999997,25.989574624415937
2024-11-04 17:23:14,4.200477038696013,0.791,28.465495270963004,4.200365318790082,0.7910799999999996,26.05898982325998
2024-11-04 17:23:14,4.200477038696013,0.791,25.72571420883662,4.20037189054927,0.7910399999999995,26.030896926553133
2024-11-04 17:23:14,4.200312744716299,0.791,24.9947353287605,4.20037189054927,0.7909999999999997,26.01627734895161
2024-11-04 17:23:15,4.20014845073686,0.791,27.13035904417916,4.20037189054927,0.7909999999999997,26.044370245658456
2024-11-04 17:23:15,4.199984156757696,0.79,24.2430730354219,4.200378462308425,0.7909599999999998,25.986624525483318
2024-11-04 17:23:15,4.200969920636808,0.79,26.437220450515156,4.200398177586056,0.7909199999999998,26.00085465031689
2024-11-04 17:23:15,4.200641332676002,0.79,25.72571420883662,4.200411321104445,0.7908799999999999,26.015474227918403
2024-11-04 17:23:16,4.200805626656267,0.79,25.72571420883662,4.200417892863656,0.79084,26.015474227918403
2024-11-04 17:23:16,4.200641332676002,0.79,26.437220450515156,4.200431036382045,0.7908000000000002,26.074830704430042
2024-11-04 17:23:16,4.200641332676002,0.79,27.80614130216054,4.200444179900433,0.7907600000000001,26.102209121462955
2024-11-04 17:23:16,4.200641332676002,0.79,27.13035904417916,4.2004704669371655,0.79072,26.13030201816981
2024-11-04 17:23:17,4.200477038696013,0.79,23.469396624933097,4.200477038696355,0.7906799999999999,26.070945541658165
2024-11-04 17:23:17,4.200641332676002,0.79,26.437220450515156,4.200477038696356,0.7906399999999999,26.04356712462527
2024-11-04 17:23:17,4.200477038696013,0.79,24.2430730354219,4.200483610455546,0.7905999999999999,26.01391430115697
2024-11-04 17:23:17,4.200312744716299,0.79,26.437220450515156,4.200496753973889,0.7905599999999998,25.97334880474801
2024-11-04 17:23:18,4.200805626656267,0.79,26.437220450515156,4.2005033257330995,0.7905199999999998,26.002198507183103
2024-11-04 17:23:18,4.200969920636808,0.79,27.13035904417916,4.200516469251531,0.7904799999999997,26.030291403889965
2024-11-04 17:23:18,4.200969920636808,0.79,25.72571420883662,4.200542756288351,0.7904399999999997,25.988682862023488
2024-11-04 17:23:18,4.200969920636808,0.79,24.2430730354219,4.2005624715659815,0.7903999999999997,25.93093714184834
2024-11-04 17:23:19,4.200312744716299,0.79,26.437220450515156,4.200569043325158,0.7903599999999996,25.917074369975055
2024-11-04 17:23:19,4.200969920636808,0.79,26.437220450515156,4.200588758602788,0.7903199999999996,25.93130449480863
2024-11-04 17:23:19,4.200805626656267,0.79,26.437220450515156,4.200588758602788,0.7902799999999995,25.960154197243718
2024-11-04 17:23:19,4.200477038696013,0.79,27.13035904417916,4.200575615084378,0.7902399999999994,26.017899917418866
2024-11-04 17:23:20,4.200805626656267,0.789,27.13035904417916,4.200601902121154,0.7901599999999995,26.04599281412572
2024-11-04 17:23:20,4.200805626656267,0.789,27.13035904417916,4.2006216173987525,0.7900799999999996,26.032477168966093
2024-11-04 17:23:20,4.200477038696013,0.79,28.465495270963004,4.2006216173987525,0.7900399999999996,26.073042665375045
2024-11-04 17:23:20,4.200805626656267,0.79,27.13035904417916,4.200634760917163,0.7899999999999996,26.086905437248323
2024-11-04 17:23:21,4.200969920636808,0.79,26.437220450515156,4.200661047953983,0.7899599999999996,26.086905437248323
2024-11-04 17:23:21,4.200641332676002,0.789,25.72571420883662,4.200680763231551,0.7898799999999996,26.07267531241475
2024-11-04 17:23:21,4.200969920636808,0.789,26.437220450515156,4.200720193786716,0.7898399999999998,26.101525014849848
2024-11-04 17:23:21,4.200969920636808,0.789,27.13035904417916,4.200720193786716,0.7898,26.14423748915822
2024-11-04 17:23:22,4.200477038696013,0.789,25.72571420883662,4.200713622027516,0.78976,26.17389031262652
2024-11-04 17:23:22,4.200805626656267,0.789,25.72571420883662,4.200713622027516,0.78972,26.159660187792934
2024-11-04 17:23:22,4.200477038696013,0.789,27.80614130216054,4.200707050268317,0.78968,26.20126872965942
2024-11-04 17:23:22,4.200477038696013,0.789,25.72571420883662,4.200700478509118,0.7896400000000001,26.173175832952566
2024-11-04 17:23:23,4.200312744716299,0.789,24.9947353287605,4.200687334990729,0.7896000000000002,26.14432613051747
2024-11-04 17:23:23,4.200969920636808,0.789,25.72571420883662,4.20070705026836,0.7895600000000003,26.144326130517474
2024-11-04 17:23:23,4.200805626656267,0.79,26.437220450515156,4.200713622027571,0.7895600000000003,26.144326130517474
2024-11-04 17:23:23,4.200969920636808,0.79,25.72571420883662,4.200733337305202,0.7895600000000003,26.102717588650993
2024-11-04 17:23:24,4.201134214617624,0.789,27.80614130216054,4.200766196101255,0.7895200000000002,26.13009600568391
2024-11-04 17:23:24,4.200477038696013,0.789,26.437220450515156,4.200753052582845,0.7894800000000004,26.158945708119
2024-11-04 17:23:24,4.201134214617624,0.789,24.9947353287605,4.200759624342078,0.7894400000000006,26.20539563763015
2024-11-04 17:23:24,4.201462802580083,0.789,27.80614130216054,4.2007793396198085,0.7894000000000007,26.232774054663054
2024-11-04 17:23:25,4.200805626656267,0.789,25.72571420883662,4.200772767860587,0.7893600000000005,26.204681157956202
2024-11-04 17:23:25,4.201134214617624,0.789,26.437220450515156,4.200805626656639,0.7893200000000006,26.218911282789776
2024-11-04 17:23:25,4.201462802580083,0.789,27.13035904417916,4.2008253419343715,0.7892800000000005,26.24700417949663
2024-11-04 17:23:25,4.201462802580083,0.789,23.469396624933097,4.200851628971325,0.7892400000000006,26.21649740542008
2024-11-04 17:23:26,4.201134214617624,0.789,26.437220450515156,4.200877916008189,0.7892000000000006,26.230727530253652
2024-11-04 17:23:26,4.200969920636808,0.789,25.72571420883662,4.200884487767411,0.7892000000000006,26.230727530253652
2024-11-04 17:23:26,4.200805626656267,0.788,23.469396624933097,4.200884487767411,0.7891600000000004,26.185601178575585
2024-11-04 17:23:26,4.201462802580083,0.788,27.80614130216054,4.200923918322774,0.7890800000000001,26.17241409919953
2024-11-04 17:23:27,4.201462802580083,0.788,24.9947353287605,4.200950205359728,0.789,26.157794521598007
2024-11-04 17:23:27,4.201134214617624,0.788,22.672238853203226,4.20095677711896,0.78892,26.11134459208686
2024-11-04 17:23:27,4.201134214617624,0.788,24.2430730354219,4.200976492396624,0.7888799999999999,26.053598871911717
2024-11-04 17:23:27,4.201134214617624,0.788,27.80614130216054,4.2009830641558565,0.7888399999999999,26.124860237246484
2024-11-04 17:23:28,4.201134214617624,0.788,27.13035904417916,4.200989635915088,0.7887999999999998,26.13872300911976
2024-11-04 17:23:28,4.201462802580083,0.788,25.72571420883662,4.201029066470451,0.7887599999999998,26.13872300911977
2024-11-04 17:23:28,4.200969920636808,0.788,27.80614130216054,4.201035638229673,0.7887199999999998,26.18033155098625
2024-11-04 17:23:28,4.201298508598716,0.788,25.72571420883662,4.201068497025781,0.7886799999999997,26.16610142615267
2024-11-04 17:23:29,4.201462802580083,0.788,24.9947353287605,4.201107927581145,0.7886399999999996,26.109873306684673
2024-11-04 17:23:29,4.200969920636808,0.788,26.437220450515156,4.201134214617964,0.7885999999999995,26.096010534811384
2024-11-04 17:23:29,4.201134214617624,0.788,26.437220450515156,4.201140786377196,0.7885599999999995,26.155367011323033
2024-11-04 17:23:29,4.201462802580083,0.788,25.72571420883662,4.201167073414149,0.7884799999999994,26.14113688648946
2024-11-04 17:23:30,4.200969920636808,0.788,26.437220450515156,4.201167073414149,0.7883999999999993,26.18501983479133
2024-11-04 17:23:30,4.201298508598716,0.788,24.9947353287605,4.201173645173393,0.7883599999999994,26.156170132356234
2024-11-04 17:23:30,4.200805626656267,0.788,26.437220450515156,4.201186788691803,0.7883199999999994,26.156170132356227
2024-11-04 17:23:30,4.201134214617624,0.788,27.80614130216054,4.201186788691802,0.7882799999999994,26.16968577751586
2024-11-04 17:23:31,4.201134214617624,0.788,24.9947353287605,4.201173645173304,0.7882399999999994,26.15506619991433
2024-11-04 17:23:31,4.200805626656267,0.787,24.9947353287605,4.201173645173304,0.7881599999999996,26.170099445781105
2024-11-04 17:23:31,4.201627096561725,0.787,27.13035904417916,4.201193360451068,0.7880799999999997,26.183962217654393
2024-11-04 17:23:31,4.201298508598716,0.787,26.437220450515156,4.201186788691814,0.7879999999999998,26.18396221765439
2024-11-04 17:23:32,4.200969920636808,0.787,25.72571420883662,4.201167073414083,0.7879199999999998,26.169732092820812
2024-11-04 17:23:32,4.201134214617624,0.787,25.72571420883662,4.201167073414082,0.7878400000000001,26.141639196113964
2024-11-04 17:23:32,4.201298508598716,0.786,26.437220450515156,4.201180216932559,0.7877200000000001,26.127776424240682
2024-11-04 17:23:32,4.200805626656267,0.786,26.437220450515156,4.201180216932559,0.7876400000000001,26.11391365236741
2024-11-04 17:23:33,4.200641332676002,0.786,26.437220450515156,4.201147358136397,0.7875600000000001,26.073348155958456
2024-11-04 17:23:33,4.201298508598716,0.786,25.72571420883662,4.201140786377142,0.7874800000000002,26.045255259251597
2024-11-04 17:23:33,4.201298508598716,0.786,24.9947353287605,4.201147358136386,0.7874000000000001,26.016405556816512
2024-11-04 17:23:33,4.201462802580083,0.786,26.437220450515156,4.2011605016548845,0.7873200000000001,26.030635681650075
2024-11-04 17:23:34,4.201627096561725,0.786,25.72571420883662,4.201180216932649,0.7872400000000002,26.01640555681651
2024-11-04 17:23:34,4.201462802580083,0.787,25.72571420883662,4.201193360451146,0.7872000000000001,25.98831266010965
2024-11-04 17:23:34,4.201298508598716,0.787,26.437220450515156,4.201186788691893,0.7871600000000001,26.002542784943227
2024-11-04 17:23:34,4.201462802580083,0.786,25.72571420883662,4.201206503969625,0.7870800000000002,26.002542784943227
2024-11-04 17:23:35,4.201134214617624,0.786,25.72571420883662,4.201199932210381,0.7870000000000004,25.960934243076746
2024-11-04 17:23:35,4.201627096561725,0.786,26.437220450515156,4.201206503969647,0.7869200000000005,25.97516436791031
2024-11-04 17:23:35,4.201955684525837,0.786,26.437220450515156,4.201245934525208,0.7868400000000007,26.00401407034541
2024-11-04 17:23:35,4.201462802580083,0.786,27.13035904417916,4.201259078043708,0.7867600000000007,26.032106967052265
2024-11-04 17:23:36,4.201134214617624,0.786,24.9947353287605,4.201245934525208,0.7866800000000008,26.00325726461717
2024-11-04 17:23:36,4.201462802580083,0.786,26.437220450515156,4.20126564980294,0.7866000000000006,26.017487389450743
2024-11-04 17:23:36,4.201462802580083,0.786,27.80614130216054,4.201272221562194,0.7865200000000006,26.017487389450743
2024-11-04 17:23:36,4.201462802580083,0.786,24.9947353287605,4.201298508599147,0.7864400000000006,25.988637687015647
2024-11-04 17:23:37,4.201462802580083,0.786,24.9947353287605,4.201311652117646,0.7863600000000005,25.988637687015654
2024-11-04 17:23:37,4.201627096561725,0.786,27.13035904417916,4.20133136739541,0.7862800000000005,25.975122041856025
2024-11-04 17:23:37,4.201791390543644,0.786,23.469396624933097,4.201370797950905,0.7862400000000005,25.929995690177957
2024-11-04 17:23:37,4.201791390543644,0.786,26.437220450515156,4.2013773697101815,0.7862000000000005,25.929995690177957
2024-11-04 17:23:38,4.201462802580083,0.786,24.9947353287605,4.2013839414694365,0.7861600000000007,25.88728321586958
2024-11-04 17:23:38,4.201462802580083,0.785,26.437220450515156,4.201403656747168,0.7860800000000006,25.946639692381215
2024-11-04 17:23:38,4.201791390543644,0.785,25.72571420883662,4.201429943784208,0.7860000000000004,25.932409567547648
2024-11-04 17:23:38,4.201627096561725,0.785,26.437220450515156,4.201443087302728,0.7859600000000002,25.946639692381215
2024-11-04 17:23:39,4.201298508598716,0.785,27.13035904417916,4.2014628025804255,0.78592,26.019858940766138
2024-11-04 17:23:39,4.201955684525837,0.785,24.9947353287605,4.201515376654418,0.7858799999999998,25.96363082129814
2024-11-04 17:23:39,4.201298508598716,0.786,24.9947353287605,4.201515376654418,0.7858799999999999,25.963630821298135
2024-11-04 17:23:39,4.201298508598716,0.786,24.9947353287605,4.201515376654417,0.7858800000000001,26.010080750809284
2024-11-04 17:23:40,4.201462802580083,0.785,26.437220450515156,4.201515376654418,0.78584,26.053963699111154
2024-11-04 17:23:40,4.201791390543644,0.785,24.2430730354219,4.201521948413695,0.7857999999999999,25.982702333776384
2024-11-04 17:23:40,4.201462802580083,0.785,26.437220450515156,4.201521948413696,0.7857199999999999,25.968839561903096
2024-11-04 17:23:40,4.201462802580083,0.785,24.9947353287605,4.20152852017295,0.7856399999999997,25.954219984301577
2024-11-04 17:23:41,4.201462802580083,0.785,27.80614130216054,4.2015285201729515,0.7855999999999996,25.954219984301577
2024-11-04 17:23:41,4.201134214617624,0.786,25.72571420883662,4.20152852017295,0.7855999999999997,25.95421998430158
2024-11-04 17:23:41,4.201627096561725,0.786,24.2430730354219,4.201528520172951,0.7855999999999999,25.939186738434806
2024-11-04 17:23:41,4.202448566474072,0.786,27.13035904417916,4.201548235450879,0.7856000000000001,25.953049510308084
2024-11-04 17:23:42,4.201791390543644,0.786,25.72571420883662,4.201561378969421,0.7856000000000002,25.938819385474506
2024-11-04 17:23:42,4.201627096561725,0.786,26.437220450515156,4.201581094247186,0.7856000000000003,25.953049510308084
2024-11-04 17:23:42,4.202119978508306,0.785,26.437220450515156,4.201607381284314,0.7855600000000003,25.95304951030809
2024-11-04 17:23:42,4.201955684525837,0.785,25.72571420883662,4.201627096562145,0.7855200000000001,25.96766908790961
2024-11-04 17:23:43,4.201134214617624,0.785,24.9947353287605,4.201613953043645,0.7854800000000001,25.938819385474513
2024-11-04 17:23:43,4.201955684525837,0.785,25.72571420883662,4.201633668321476,0.7854399999999998,25.897210843608036
2024-11-04 17:23:43,4.201627096561725,0.784,25.72571420883662,4.201633668321476,0.7853599999999997,25.91183042120955
2024-11-04 17:23:43,4.202119978508306,0.784,22.672238853203226,4.201646811840063,0.7852799999999998,25.86538049169841
2024-11-04 17:23:44,4.201791390543644,0.784,25.72571420883662,4.201646811840062,0.7852,25.837287594991565
2024-11-04 17:23:44,4.201791390543644,0.784,26.437220450515156,4.201659955358605,0.78512,25.837287594991565
2024-11-04 17:23:44,4.201627096561725,0.784,26.437220450515156,4.201666527117871,0.7850800000000001,25.851517719825143
2024-11-04 17:23:44,4.201627096561725,0.784,27.13035904417916,4.201659955358594,0.7850400000000001,25.879610616531988
2024-11-04 17:23:45,4.202119978508306,0.784,25.72571420883662,4.201679670636457,0.785,25.865380491698417
2024-11-04 17:23:45,4.201627096561725,0.784,25.72571420883662,4.2016928141549785,0.7849599999999998,25.85115036686485
2024-11-04 17:23:45,4.201955684525837,0.784,26.437220450515156,4.2016928141549785,0.7849199999999997,25.85115036686485
2024-11-04 17:23:45,4.201462802580083,0.784,25.72571420883662,4.201699385914234,0.7848399999999996,25.85115036686485
2024-11-04 17:23:46,4.202119978508306,0.784,27.13035904417916,4.201732244710617,0.7847599999999996,25.893862841173217
2024-11-04 17:23:46,4.201791390543644,0.784,26.437220450515156,4.20174538822916,0.7847199999999995,25.893862841173213
2024-11-04 17:23:46,4.201791390543644,0.784,26.437220450515156,4.20174538822916,0.7846799999999995,25.908092966006787
2024-11-04 17:23:46,4.201955684525837,0.784,27.13035904417916,4.2017651035069905,0.7846399999999994,25.936185862713632
2024-11-04 17:23:47,4.201462802580083,0.784,26.437220450515156,4.20176510350699,0.7845999999999994,25.936185862713636
2024-11-04 17:23:47,4.201462802580083,0.784,24.2430730354219,4.20176510350699,0.7845599999999995,25.906533039245335
2024-11-04 17:23:47,4.201791390543644,0.784,26.437220450515156,4.20179139054403,0.7844799999999995,25.920763164078906
2024-11-04 17:23:47,4.201298508598716,0.784,24.9947353287605,4.201778247025509,0.7843999999999995,25.891913461643814
2024-11-04 17:23:48,4.201791390543644,0.784,26.437220450515156,4.201751959988291,0.7843199999999996,25.891913461643806
2024-11-04 17:23:48,4.202448566474072,0.784,27.13035904417916,4.201778247025508,0.7842399999999995,25.891913461643814
2024-11-04 17:23:48,4.201627096561725,0.784,27.80614130216054,4.2017782470255085,0.7841599999999995,25.948141581111816
2024-11-04 17:23:48,4.201627096561725,0.784,24.9947353287605,4.201758531747647,0.7841199999999995,25.919291878676724
2024-11-04 17:23:49,4.201627096561725,0.783,27.13035904417916,4.2017453882290825,0.7840399999999996,25.905776233517095
2024-11-04 17:23:49,4.202119978508306,0.783,27.13035904417916,4.201784818784709,0.7839599999999998,25.948488707825472
2024-11-04 17:23:49,4.201298508598716,0.783,25.72571420883662,4.201758531747624,0.7838799999999998,25.963108285426987
2024-11-04 17:23:49,4.201627096561725,0.783,25.72571420883662,4.2017585317476245,0.7838399999999999,25.93501538872014
2024-11-04 17:23:50,4.202612860457368,0.783,27.80614130216054,4.2017782470255876,0.7837999999999999,26.021750282264684
2024-11-04 17:23:50,4.201955684525837,0.783,25.72571420883662,4.201784818784875,0.78376,26.007520157431117
2024-11-04 17:23:50,4.201955684525837,0.783,27.13035904417916,4.201791390544164,0.7837200000000002,26.050232631739487
2024-11-04 17:23:50,4.202284272491052,0.782,26.437220450515156,4.201817677581338,0.78364,26.05023263173949
2024-11-04 17:23:51,4.201627096561725,0.782,25.72571420883662,4.201817677581337,0.7835599999999999,26.050232631739483
2024-11-04 17:23:51,4.201955684525837,0.782,26.437220450515156,4.201811105822038,0.7834799999999998,26.05023263173949
2024-11-04 17:23:51,4.202448566474072,0.782,24.9947353287605,4.201843964618531,0.7833999999999998,26.007520157431113
2024-11-04 17:23:51,4.201955684525837,0.782,25.72571420883662,4.201843964618531,0.7833199999999997,26.022139735032642
2024-11-04 17:23:52,4.201955684525837,0.782,26.437220450515156,4.201863679896362,0.7832399999999998,26.050989437467734
2024-11-04 17:23:52,4.202284272491052,0.782,25.72571420883662,4.201870251655671,0.7831599999999997,26.065609015069256
2024-11-04 17:23:52,4.201955684525837,0.782,28.465495270963004,4.201876823414959,0.7830799999999999,26.106174511478212
2024-11-04 17:23:52,4.202448566474072,0.782,26.437220450515156,4.201903110452175,0.7829999999999998,26.150057459780083
2024-11-04 17:23:53,4.202612860457368,0.783,25.72571420883662,4.201929397489437,0.7829599999999999,26.135827334946516
2024-11-04 17:23:53,4.202448566474072,0.783,27.13035904417916,4.201968828045195,0.7829200000000001,26.178539809254886
2024-11-04 17:23:53,4.201955684525837,0.783,27.80614130216054,4.201988543323025,0.7828800000000001,26.178539809254886
2024-11-04 17:23:53,4.201955684525837,0.782,24.9947353287605,4.2019951150823145,0.7828,26.163920231653364
2024-11-04 17:23:54,4.201955684525837,0.782,26.437220450515156,4.202021402119399,0.7827199999999999,26.207803179955228
2024-11-04 17:23:54,4.201955684525837,0.782,24.9947353287605,4.202027973878688,0.7826399999999998,26.165090705646858
2024-11-04 17:23:54,4.201955684525837,0.782,25.72571420883662,4.202008258600758,0.7825599999999995,26.165090705646854
2024-11-04 17:23:54,4.201955684525837,0.782,26.437220450515156,4.202021402119323,0.7824799999999996,26.16509070564686
2024-11-04 17:23:55,4.202119978508306,0.782,24.9947353287605,4.202041117397186,0.7823999999999995,26.136241003211765
2024-11-04 17:23:55,4.201791390543644,0.782,26.437220450515156,4.202047689156462,0.7823599999999996,26.15047112804533
2024-11-04 17:23:55,4.202119978508306,0.781,25.72571420883662,4.202047689156462,0.7822799999999998,26.165090705646854
2024-11-04 17:23:55,4.202448566474072,0.781,27.13035904417916,4.202093691471476,0.7821999999999997,26.193183602353706
2024-11-04 17:23:56,4.202448566474072,0.782,26.437220450515156,4.20212655026797,0.7821599999999997,26.207413727187276
2024-11-04 17:23:56,4.202448566474072,0.782,26.437220450515156,4.2021199785086365,0.7821199999999999,26.282713359133513
2024-11-04 17:23:56,4.202284272491052,0.782,25.72571420883662,4.202133122027245,0.7820799999999997,26.282713359133513
2024-11-04 17:23:56,4.202284272491052,0.781,27.13035904417916,4.202146265545854,0.7819999999999996,26.29657613100679
2024-11-04 17:23:57,4.202448566474072,0.781,24.2430730354219,4.202152837305174,0.7819599999999994,26.252693182704924
2024-11-04 17:23:57,4.202448566474072,0.781,24.9947353287605,4.202185696101668,0.7819199999999995,26.209980708396547
2024-11-04 17:23:57,4.202284272491052,0.781,28.465495270963004,4.2021988396202765,0.7818799999999996,26.264776329639076
2024-11-04 17:23:57,4.202612860457368,0.781,26.437220450515156,4.20220541137961,0.7818399999999996,26.279006454472647
2024-11-04 17:23:58,4.201791390543644,0.781,25.72571420883662,4.202198839620321,0.7817999999999996,26.264776329639073
2024-11-04 17:23:58,4.202284272491052,0.781,27.80614130216054,4.20221198313893,0.7817599999999996,26.306384871505553
2024-11-04 17:23:58,4.202448566474072,0.781,27.13035904417916,4.202218554898251,0.7817199999999995,26.306384871505557
2024-11-04 17:23:58,4.202448566474072,0.781,24.9947353287605,4.20223827017618,0.7816799999999995,26.27753516907046
2024-11-04 17:23:59,4.202448566474072,0.781,27.13035904417916,4.202238270176179,0.7816399999999994,26.29139794094374
2024-11-04 17:23:59,4.202612860457368,0.781,25.72571420883662,4.20223827017618,0.7815599999999995,26.263305044236894
2024-11-04 17:23:59,4.202448566474072,0.781,25.72571420883662,4.20223827017618,0.7814799999999995,26.249074919403327
2024-11-04 17:23:59,4.202612860457368,0.781,24.2430730354219,4.202264557213442,0.7813999999999994,26.249074919403323
2024-11-04 17:24:00,4.202119978508306,0.781,24.9947353287605,4.202271128972741,0.7813599999999994,26.220225216968227
2024-11-04 17:24:00,4.202119978508306,0.78,27.13035904417916,4.202277700732039,0.7812799999999994,26.262937691276605
2024-11-04 17:24:00,4.202284272491052,0.78,24.9947353287605,4.202290844250649,0.7811999999999997,26.234087988841512
2024-11-04 17:24:00,4.202119978508306,0.781,24.2430730354219,4.202297416009947,0.7811599999999995,26.17634226866637
2024-11-04 17:24:01,4.202284272491052,0.781,25.72571420883662,4.202310559528557,0.7811199999999995,26.134733726799894
2024-11-04 17:24:01,4.202777154440939,0.781,23.469396624933097,4.202336846565862,0.7810799999999997,26.104226952723344
2024-11-04 17:24:01,4.203270036393308,0.78,26.437220450515156,4.2023959923998495,0.7809999999999997,26.090364180850056
2024-11-04 17:24:01,4.202941448424786,0.78,26.437220450515156,4.202428851196508,0.7809599999999998,26.07650140897678
2024-11-04 17:24:02,4.202612860457368,0.78,23.469396624933097,4.2024354229558405,0.7809199999999998,26.031375057298714
2024-11-04 17:24:02,4.202284272491052,0.78,25.72571420883662,4.202428851196519,0.78084,26.03137505729871
2024-11-04 17:24:02,4.202612860457368,0.78,25.72571420883662,4.202435422955851,0.7807600000000001,25.98976651543223
2024-11-04 17:24:02,4.202284272491052,0.78,25.72571420883662,4.202435422955851,0.7806800000000002,25.98976651543223
2024-11-04 17:24:03,4.202448566474072,0.78,24.9947353287605,4.202441994715172,0.7806400000000002,25.94705404112386
2024-11-04 17:24:03,4.202284272491052,0.78,24.9947353287605,4.202435422955851,0.7806000000000003,25.918204338688767
2024-11-04 17:24:03,4.202612860457368,0.78,24.2430730354219,4.202441994715183,0.7805600000000004,25.888551515220474
2024-11-04 17:24:03,4.202119978508306,0.78,27.13035904417916,4.202435422955873,0.7805200000000005,25.90241428709375
2024-11-04 17:24:04,4.202777154440939,0.78,24.9947353287605,4.202441994715216,0.7804800000000004,25.902414287093755
2024-11-04 17:24:04,4.202448566474072,0.78,26.437220450515156,4.202468281752433,0.7804400000000004,25.91664441192732
2024-11-04 17:24:04,4.202612860457368,0.779,25.72571420883662,4.202481425271085,0.7803600000000006,25.902414287093745
2024-11-04 17:24:04,4.202612860457368,0.779,24.9947353287605,4.202487997030417,0.7802800000000008,25.887794709492223
2024-11-04 17:24:05,4.202777154440939,0.779,26.437220450515156,4.202501140549091,0.780200000000001,25.847229213083263
2024-11-04 17:24:05,4.202284272491052,0.779,26.437220450515156,4.2024945687897715,0.780120000000001,25.847229213083274
2024-11-04 17:24:05,4.202612860457368,0.779,26.437220450515156,4.2024945687897715,0.7800400000000011,25.86145933791685
2024-11-04 17:24:05,4.202448566474072,0.779,27.80614130216054,4.2024945687897715,0.779960000000001,25.874974983076473
2024-11-04 17:24:06,4.202612860457368,0.779,27.13035904417916,4.2024945687897715,0.7798800000000008,25.861459337916845
2024-11-04 17:24:06,4.202284272491052,0.779,25.72571420883662,4.2025011405490815,0.7798000000000007,25.876078915518374
2024-11-04 17:24:06,4.202284272491052,0.779,24.9947353287605,4.202507712308392,0.7797600000000007,25.847229213083278
2024-11-04 17:24:06,4.202284272491052,0.779,27.13035904417916,4.202507712308392,0.7797200000000006,25.889941687391648
2024-11-04 17:24:07,4.202612860457368,0.779,24.2430730354219,4.202527427586354,0.7796400000000007,25.860288863923365
2024-11-04 17:24:07,4.202777154440939,0.779,26.437220450515156,4.20254714286435,0.7795600000000006,25.860288863923362
2024-11-04 17:24:07,4.202448566474072,0.778,25.72571420883662,4.202533999345673,0.7794400000000004,25.874908441524877
2024-11-04 17:24:07,4.202941448424786,0.778,25.72571420883662,4.202520855826932,0.77936,25.860678316691303
2024-11-04 17:24:08,4.202612860457368,0.778,25.72571420883662,4.202507712308236,0.77928,25.860678316691303
2024-11-04 17:24:08,4.203105742408909,0.778,26.437220450515156,4.202527427586299,0.7791999999999998,25.846815544818018
2024-11-04 17:24:08,4.202448566474072,0.778,26.437220450515156,4.202533999345618,0.7791199999999998,25.846815544818018
2024-11-04 17:24:08,4.202777154440939,0.778,25.72571420883662,4.2025405711049615,0.7790399999999997,25.832585419984454
2024-11-04 17:24:09,4.202777154440939,0.778,24.9947353287605,4.202560286382957,0.7789599999999998,25.81796584238292
2024-11-04 17:24:09,4.202612860457368,0.778,27.13035904417916,4.20256685814229,0.7788799999999996,25.81796584238293
2024-11-04 17:24:09,4.202612860457368,0.778,25.72571420883662,4.202580001660942,0.7787999999999995,25.847618665851215
2024-11-04 17:24:09,4.202941448424786,0.778,24.9947353287605,4.202593145179638,0.7787199999999995,25.84761866585122
2024-11-04 17:24:10,4.202612860457368,0.778,26.437220450515156,4.202612860457602,0.7786399999999994,25.80705316944226
2024-11-04 17:24:10,4.202941448424786,0.778,25.72571420883662,4.202619432216956,0.7785599999999994,25.792823044608696
2024-11-04 17:24:10,4.202612860457368,0.778,26.437220450515156,4.202626003976287,0.7784799999999994,25.80705316944226
2024-11-04 17:24:10,4.202448566474072,0.777,26.437220450515156,4.202619432216954,0.7783999999999994,25.779674752409356
2024-11-04 17:24:11,4.202612860457368,0.777,24.2430730354219,4.202619432216954,0.7783199999999995,25.721929032234215
2024-11-04 17:24:11,4.202941448424786,0.777,28.465495270963004,4.202626003976308,0.7782399999999996,25.79134423107826
2024-11-04 17:24:11,4.202777154440939,0.778,26.437220450515156,4.202645719254304,0.7781999999999997,25.77748145920498
2024-11-04 17:24:11,4.202612860457368,0.778,26.437220450515156,4.202645719254304,0.7781599999999996,25.79171158403856
2024-11-04 17:24:12,4.202941448424786,0.777,23.469396624933097,4.2026654345323315,0.7780799999999997,25.746585232360488
2024-11-04 17:24:12,4.202777154440939,0.777,24.9947353287605,4.202672006291675,0.7779999999999997,25.761618478227255
2024-11-04 17:24:12,4.202777154440939,0.777,25.72571420883662,4.20269172156967,0.7779199999999998,25.77623805582878
2024-11-04 17:24:12,4.202448566474072,0.777,26.437220450515156,4.20269829332899,0.7778400000000001,25.7623752839555
2024-11-04 17:24:13,4.202941448424786,0.777,24.9947353287605,4.20272458036634,0.7777600000000001,25.762375283955503
2024-11-04 17:24:13,4.202119978508306,0.777,24.2430730354219,4.202704865088378,0.7776800000000001,25.7623752839555
2024-11-04 17:24:13,4.202777154440939,0.777,22.672238853203226,4.202704865088378,0.7776000000000002,25.701305776842833
2024-11-04 17:24:13,4.202448566474072,0.776,25.72571420883662,4.202704865088377,0.7775200000000004,25.746432128520908
2024-11-04 17:24:14,4.202612860457368,0.776,26.437220450515156,4.20269172156968,0.7774400000000006,25.746432128520908
2024-11-04 17:24:14,4.203105742408909,0.777,24.2430730354219,4.202711436847743,0.7774000000000006,25.702549180219044
2024-11-04 17:24:14,4.202777154440939,0.777,27.13035904417916,4.202698293329024,0.7773600000000006,25.775768428603968
2024-11-04 17:24:14,4.202777154440939,0.777,25.72571420883662,4.202711436847699,0.7773200000000006,25.77576842860396
2024-11-04 17:24:15,4.202612860457368,0.776,21.84997632024192,4.202704865088356,0.7772400000000005,25.69825367083207
2024-11-04 17:24:15,4.202777154440939,0.776,24.9947353287605,4.202704865088357,0.7771600000000005,25.683634093230538
2024-11-04 17:24:15,4.202777154440939,0.776,27.13035904417916,4.202711436847701,0.7770800000000007,25.72634656753892
2024-11-04 17:24:15,4.202448566474072,0.776,24.9947353287605,4.202704865088368,0.7770000000000007,25.72634656753891
2024-11-04 17:24:16,4.202612860457368,0.776,24.9947353287605,4.202691721569671,0.7769200000000008,25.741379813405686
2024-11-04 17:24:16,4.203105742408909,0.775,24.9947353287605,4.202711436847735,0.7768000000000006,25.69866733909731
2024-11-04 17:24:16,4.202448566474072,0.775,24.9947353287605,4.202691721569705,0.7766800000000004,25.698667339097316
2024-11-04 17:24:16,4.202941448424786,0.775,26.437220450515156,4.202704865088402,0.77656,25.69866733909731
2024-11-04 17:24:17,4.202284272491052,0.775,25.72571420883662,4.20269829332908,0.7764799999999998,25.69866733909731
2024-11-04 17:24:17,4.202777154440939,0.775,24.9947353287605,4.202704865088423,0.7763999999999998,25.698667339097316
2024-11-04 17:24:17,4.202941448424786,0.775,26.437220450515156,4.202704865088422,0.7763199999999997,25.69866733909731
2024-11-04 17:24:17,4.202941448424786,0.775,25.72571420883662,4.202711436847776,0.7761999999999997,25.684437214263735
2024-11-04 17:24:18,4.203105742408909,0.774,26.437220450515156,4.202731152125837,0.7760399999999996,25.684437214263745
2024-11-04 17:24:18,4.202612860457368,0.774,24.9947353287605,4.202718008607141,0.7759199999999996,25.628209094795736
2024-11-04 17:24:18,4.202941448424786,0.774,27.13035904417916,4.202724580366494,0.7757999999999997,25.62820909479574
2024-11-04 17:24:18,4.202448566474072,0.774,25.72571420883662,4.202711436847818,0.7756799999999997,25.62820909479574
2024-11-04 17:24:19,4.202612860457368,0.774,25.72571420883662,4.202718008607152,0.7755599999999997,25.642828672397254
2024-11-04 17:24:19,4.202284272491052,0.774,27.13035904417916,4.202691721569803,0.7754399999999997,25.642828672397258
2024-11-04 17:24:19,4.202448566474072,0.774,26.437220450515156,4.202704865088433,0.7753199999999998,25.686711620699125
2024-11-04 17:24:19,4.202612860457368,0.774,25.72571420883662,4.20269829332909,0.7751999999999998,25.67248149586555
2024-11-04 17:24:19,4.202284272491052,0.773,22.672238853203226,4.202691721569769,0.7750800000000001,25.611411988752884
2024-11-04 17:24:20,4.201955684525837,0.773,24.9947353287605,4.202665434532508,0.7749600000000002,25.596792411151363
2024-11-04 17:24:20,4.202612860457368,0.772,25.72571420883662,4.202645719254446,0.7747600000000002,25.596792411151363
2024-11-04 17:24:20,4.202777154440939,0.772,25.72571420883662,4.202645719254447,0.7745600000000004,25.58256228631779
2024-11-04 17:24:20,4.202777154440939,0.772,25.72571420883662,4.2026457192544475,0.7743600000000002,25.568332161484214
2024-11-04 17:24:21,4.201955684525837,0.772,26.437220450515156,4.202619432217187,0.7742,25.58256228631779
2024-11-04 17:24:21,4.202284272491052,0.772,25.72571420883662,4.202599716939191,0.7740400000000001,25.597181863919314
2024-11-04 17:24:21,4.202284272491052,0.771,25.72571420883662,4.202580001661195,0.7738400000000002,25.569088967212455
2024-11-04 17:24:21,4.202612860457368,0.771,24.9947353287605,4.202586573420529,0.77364,25.554469389610937
2024-11-04 17:24:22,4.202284272491052,0.771,27.80614130216054,4.202573429901876,0.7734400000000001,25.610697509078943
2024-11-04 17:24:22,4.202777154440939,0.771,24.2430730354219,4.202560286383157,0.7732800000000002,25.566814560777075
2024-11-04 17:24:22,4.202284272491052,0.771,24.9947353287605,4.202553714623837,0.7731200000000001,25.552194983175553
2024-11-04 17:24:22,4.202448566474072,0.771,25.72571420883662,4.202533999345807,0.7729600000000001,25.537964858341994
2024-11-04 17:24:23,4.202284272491052,0.771,25.72571420883662,4.202533999345807,0.7728,25.52373473350842
2024-11-04 17:24:23,4.201955684525837,0.77,25.72571420883662,4.202501140549202,0.7726000000000002,25.553387556976705
2024-11-04 17:24:23,4.202119978508306,0.77,26.437220450515156,4.202468281752543,0.7724000000000002,25.51282206056776
2024-11-04 17:24:23,4.201627096561725,0.77,25.72571420883662,4.202415707678021,0.7722000000000002,25.498591935734183
2024-11-04 17:24:24,4.202448566474072,0.77,27.13035904417916,4.2023894206406265,0.7720400000000005,25.51245470760746
2024-11-04 17:24:24,4.202777154440939,0.769,27.13035904417916,4.202395992399969,0.7718400000000004,25.58567395599238
2024-11-04 17:24:24,4.201955684525837,0.769,27.13035904417916,4.202356561844011,0.7716400000000003,25.628386430300758
2024-11-04 17:24:24,4.201955684525837,0.769,26.437220450515156,4.202336846566082,0.77144,25.642616555134328
2024-11-04 17:24:25,4.202284272491052,0.769,25.72571420883662,4.20232370304743,0.7712399999999999,25.62838643030075
2024-11-04 17:24:25,4.202119978508306,0.769,27.13035904417916,4.202317131288121,0.7710399999999998,25.67109890460913
2024-11-04 17:24:25,4.201955684525837,0.768,26.437220450515156,4.202297416010191,0.7707999999999999,25.714981852910995
2024-11-04 17:24:25,4.202284272491052,0.768,25.72571420883662,4.202284272491538,0.77056,25.776051360023658
2024-11-04 17:24:26,4.202119978508306,0.768,26.437220450515156,4.202277700732228,0.77036,25.790281484857232
2024-11-04 17:24:26,4.202119978508306,0.769,25.72571420883662,4.202284272491527,0.7701999999999998,25.776051360023665
2024-11-04 17:24:26,4.202448566474072,0.769,25.72571420883662,4.2022777007321945,0.7700799999999997,25.805704183491954
2024-11-04 17:24:26,4.202448566474072,0.769,25.72571420883662,4.202264557213519,0.7699599999999996,25.777611286785096
2024-11-04 17:24:27,4.202284272491052,0.769,26.437220450515156,4.202244841935523,0.7698399999999995,25.79184141161867
2024-11-04 17:24:27,4.202612860457368,0.769,23.469396624933097,4.202271128972785,0.7697199999999995,25.8242298177125
2024-11-04 17:24:27,4.202284272491052,0.769,24.9947353287605,4.202271128972785,0.7695999999999994,25.824229817712492
2024-11-04 17:24:27,4.202284272491052,0.769,27.13035904417916,4.202271128972785,0.7695199999999993,25.8242298177125
2024-11-04 17:24:28,4.202284272491052,0.768,25.72571420883662,4.202257985454133,0.7693999999999994,25.83884939531403
2024-11-04 17:24:28,4.202119978508306,0.768,26.437220450515156,4.202251413694823,0.7692799999999995,25.867699097749117
2024-11-04 17:24:28,4.202448566474072,0.769,26.437220450515156,4.202238270176148,0.7691999999999994,25.89654880018422
2024-11-04 17:24:28,4.202284272491052,0.769,23.469396624933097,4.2022382701761485,0.7691199999999995,25.866042026107667
2024-11-04 17:24:29,4.201955684525837,0.769,24.9947353287605,4.20221855489822,0.7690399999999994,25.83719232367258
2024-11-04 17:24:29,4.201627096561725,0.768,26.437220450515156,4.202192267861047,0.7689199999999995,25.851422448506156
2024-11-04 17:24:29,4.202119978508306,0.768,27.13035904417916,4.202198839620346,0.7688399999999995,25.894134922814523
2024-11-04 17:24:29,4.202119978508306,0.767,24.9947353287605,4.202198839620345,0.7687199999999997,25.865285220379427
2024-11-04 17:24:30,4.201462802580083,0.767,24.2430730354219,4.202192267861079,0.7685999999999998,25.835632396911137
2024-11-04 17:24:30,4.201791390543644,0.767,27.13035904417916,4.202165980823862,0.7684799999999999,25.849495168784415
2024-11-04 17:24:30,4.202119978508306,0.766,24.9947353287605,4.202139693786557,0.7683599999999999,25.84949516878442
2024-11-04 17:24:30,4.201791390543644,0.766,27.13035904417916,4.202133122027269,0.7682399999999998,25.849495168784415
2024-11-04 17:24:31,4.201462802580083,0.766,26.437220450515156,4.20211340674944,0.7681199999999997,25.863725293617982
2024-11-04 17:24:31,4.201791390543644,0.766,27.13035904417916,4.202093691471543,0.7679999999999996,25.891818190324834
2024-11-04 17:24:31,4.202119978508306,0.766,26.437220450515156,4.202093691471543,0.7678799999999996,25.87795541845155
2024-11-04 17:24:31,4.202119978508306,0.766,25.72571420883662,4.20210026323084,0.7677999999999995,25.863725293617982
2024-11-04 17:24:32,4.201955684525837,0.766,26.437220450515156,4.202087119712232,0.7677199999999995,25.87795541845155
2024-11-04 17:24:32,4.201791390543644,0.766,27.13035904417916,4.2020739761936445,0.7676399999999994,25.96711782227107
2024-11-04 17:24:32,4.202448566474072,0.766,27.13035904417916,4.202087119712274,0.7675199999999994,26.009830296579437
2024-11-04 17:24:32,4.202119978508306,0.766,24.9947353287605,4.2020739761936445,0.7673999999999994,25.99521071897792
2024-11-04 17:24:33,4.201791390543644,0.766,27.80614130216054,4.202047689156427,0.7672799999999992,26.0368192608444
2024-11-04 17:24:33,4.202119978508306,0.764,27.80614130216054,4.202041117397117,0.7670799999999994,26.07842780271087
2024-11-04 17:24:33,4.201791390543644,0.764,26.437220450515156,4.202008258600568,0.7668799999999995,26.078427802710877
2024-11-04 17:24:33,4.201955684525837,0.764,24.2430730354219,4.201995115081959,0.7666799999999996,26.048774979242584
2024-11-04 17:24:34,4.201627096561725,0.764,25.72571420883662,4.201968828044786,0.7664799999999997,26.04877497924259
2024-11-04 17:24:34,4.201791390543644,0.764,27.13035904417916,4.20194911276689,0.7663199999999998,26.091487453550958
2024-11-04 17:24:34,4.201462802580083,0.762,26.437220450515156,4.201922825729762,0.7660799999999997,26.064109036518047
2024-11-04 17:24:34,4.201462802580083,0.762,26.437220450515156,4.201883395174004,0.7657999999999997,26.10799198481992
2024-11-04 17:24:35,4.201462802580083,0.762,26.437220450515156,4.201850536377566,0.7655199999999996,26.13684168725501
2024-11-04 17:24:35,4.201791390543644,0.762,27.80614130216054,4.201843964618278,0.7652399999999996,26.17845022912149
2024-11-04 17:24:35,4.201791390543644,0.762,25.72571420883662,4.201850536377554,0.7649999999999997,26.17845022912149
2024-11-04 17:24:35,4.202119978508306,0.762,26.437220450515156,4.201850536377554,0.7647599999999997,26.192680353955055
2024-11-04 17:24:36,4.201791390543644,0.762,26.437220450515156,4.201837392858968,0.7645599999999999,26.192680353955065
2024-11-04 17:24:36,4.201955684525837,0.762,22.672238853203226,4.201857108136798,0.7643599999999999,26.131610846842392
2024-11-04 17:24:36,4.201627096561725,0.762,27.13035904417916,4.201850536377521,0.76416,26.131610846842385
2024-11-04 17:24:36,4.201627096561725,0.762,25.72571420883662,4.201830821099659,0.764,26.103517950135537
2024-11-04 17:24:37,4.201791390543644,0.762,25.72571420883662,4.201830821099658,0.76384,26.07542505342868
2024-11-04 17:24:37,4.201462802580083,0.762,25.72571420883662,4.201830821099658,0.7636800000000001,26.061194928595114
2024-11-04 17:24:37,4.201462802580083,0.763,26.437220450515156,4.201817677581115,0.7635599999999999,26.07542505342868
2024-11-04 17:24:37,4.201955684525837,0.763,25.72571420883662,4.201811105821817,0.7634399999999999,26.047332156721833
2024-11-04 17:24:38,4.201791390543644,0.763,24.9947353287605,4.20179796230323,0.7633199999999998,26.018482454286737
2024-11-04 17:24:38,4.201791390543644,0.763,26.437220450515156,4.201791390543942,0.7631999999999998,26.032712579120297
2024-11-04 17:24:38,4.202119978508306,0.763,27.80614130216054,4.201804534062529,0.76308,26.060090996153214
2024-11-04 17:24:38,4.201791390543644,0.763,27.13035904417916,4.201778247025311,0.76296,26.088183892860066
2024-11-04 17:24:39,4.202284272491052,0.763,24.2430730354219,4.2017848187846205,0.7628400000000001,26.058531069391766
2024-11-04 17:24:39,4.202119978508306,0.762,26.437220450515156,4.201797962303207,0.7626800000000002,26.07276119422535
2024-11-04 17:24:39,4.202284272491052,0.762,28.465495270963004,4.201804534062517,0.7626000000000004,26.113326690634302
2024-11-04 17:24:39,4.202119978508306,0.762,25.72571420883662,4.201817677581103,0.7625200000000005,26.158453042312367
2024-11-04 17:24:40,4.201791390543644,0.762,25.72571420883662,4.201811105821815,0.7624400000000007,26.173072619913892
2024-11-04 17:24:40,4.202119978508306,0.763,26.437220450515156,4.201830821099678,0.7624000000000006,26.159209848040618
2024-11-04 17:24:40,4.201955684525837,0.763,27.13035904417916,4.201837392858966,0.7623600000000005,26.187302744747463
2024-11-04 17:24:40,4.202119978508306,0.763,23.469396624933097,4.201863679896095,0.7624000000000004,26.127946268235828
2024-11-04 17:24:41,4.202119978508306,0.762,26.437220450515156,4.201889966933225,0.7624000000000004,26.127946268235828
2024-11-04 17:24:41,4.202284272491052,0.762,25.72571420883662,4.201922825729664,0.7624000000000005,26.173072619913892
2024-11-04 17:24:41,4.201791390543644,0.762,24.9947353287605,4.201922825729664,0.7624000000000005,26.173072619913896
2024-11-04 17:24:41,4.202448566474072,0.762,25.72571420883662,4.20194911276688,0.7624000000000006,26.158842495080325
2024-11-04 17:24:42,4.201955684525837,0.762,25.72571420883662,4.201942541007582,0.7624000000000005,26.130749598373477
2024-11-04 17:24:42,4.202612860457368,0.762,27.80614130216054,4.201975399804131,0.7624000000000005,26.186977717841472
2024-11-04 17:24:42,4.201627096561725,0.762,26.437220450515156,4.201962256285567,0.7624000000000004,26.230860666143343
2024-11-04 17:24:42,4.202119978508306,0.762,27.13035904417916,4.201981971563431,0.7624000000000004,26.23086066614334
2024-11-04 17:24:43,4.202284272491052,0.762,24.9947353287605,4.202008258600603,0.7624000000000004,26.230860666143343
2024-11-04 17:24:43,4.202284272491052,0.762,28.465495270963004,4.2020279738785,0.7624000000000004,26.257563390679014
2024-11-04 17:24:43,4.202119978508306,0.762,27.80614130216054,4.202054260915628,0.7624000000000004,26.28494180771193
2024-11-04 17:24:43,4.201955684525837,0.762,25.72571420883662,4.202073976193459,0.7623600000000005,26.256848911005072
2024-11-04 17:24:44,4.202448566474072,0.761,25.72571420883662,4.202093691471388,0.7622800000000005,26.242618786171498
2024-11-04 17:24:44,4.201791390543644,0.761,26.437220450515156,4.202093691471388,0.7622000000000005,26.256848911005072
2024-11-04 17:24:44,4.202119978508306,0.761,27.13035904417916,4.2021068349899755,0.7621200000000006,26.27071168287836
2024-11-04 17:24:44,4.202119978508306,0.762,22.672238853203226,4.202106834989974,0.7620800000000005,26.181549279058835
2024-11-04 17:24:45,4.202448566474072,0.762,24.9947353287605,4.20213312202719,0.7620400000000005,26.13883680475047
2024-11-04 17:24:45,4.202612860457368,0.762,25.72571420883662,4.202146265545844,0.7620000000000003,26.153456382351987
2024-11-04 17:24:45,4.202284272491052,0.762,23.469396624933097,4.202152837305153,0.7620000000000001,26.06672148880744
2024-11-04 17:24:45,4.202284272491052,0.761,24.2430730354219,4.202152837305153,0.7619600000000003,25.995460123472668
2024-11-04 17:24:46,4.202612860457368,0.761,26.437220450515156,4.202172552583116,0.7619200000000004,25.995460123472668
2024-11-04 17:24:46,4.202284272491052,0.761,26.437220450515156,4.202192267861013,0.7618800000000004,26.03934307177454
2024-11-04 17:24:46,4.202612860457368,0.761,25.72571420883662,4.202211983138977,0.7618000000000006,26.03934307177454
2024-11-04 17:24:46,4.202448566474072,0.761,26.437220450515156,4.202231698416906,0.7617200000000005,26.025480299901254
2024-11-04 17:24:47,4.202448566474072,0.762,26.437220450515156,4.202244841935535,0.7616800000000004,26.025480299901254
2024-11-04 17:24:47,4.202284272491052,0.762,26.437220450515156,4.202251413694846,0.7616800000000002,26.025480299901265
2024-11-04 17:24:47,4.202612860457368,0.761,24.9947353287605,4.202264557213499,0.7616400000000002,25.99663059746616
2024-11-04 17:24:47,4.202612860457368,0.761,25.72571420883662,4.2022974160100475,0.7616,25.955022055599684
2024-11-04 17:24:48,4.202448566474072,0.761,26.437220450515156,4.202297416010047,0.7615600000000002,25.96925218043326
2024-11-04 17:24:48,4.202777154440939,0.761,27.80614130216054,4.202330274806652,0.7615200000000003,25.996630597466165
2024-11-04 17:24:48,4.202612860457368,0.761,26.437220450515156,4.202330274806652,0.7614800000000003,25.996630597466172
2024-11-04 17:24:48,4.202448566474072,0.761,25.72571420883662,4.202363133603145,0.7614400000000002,26.057700104578835
2024-11-04 17:24:49,4.202448566474072,0.761,24.9947353287605,4.2023762771217745,0.7614000000000002,26.014987630270465
2024-11-04 17:24:49,4.203105742408909,0.761,27.13035904417916,4.20240913591849,0.7613600000000003,26.04308052697731
2024-11-04 17:24:49,4.202777154440939,0.761,24.9947353287605,4.202428851196486,0.7613200000000002,26.02846094937579
2024-11-04 17:24:49,4.202448566474072,0.761,25.72571420883662,4.202441994715116,0.7612800000000002,26.028460949375784
2024-11-04 17:24:50,4.202777154440939,0.761,26.437220450515156,4.20247485351172,0.7612400000000001,26.028460949375784
2024-11-04 17:24:50,4.202448566474072,0.761,24.9947353287605,4.20247485351172,0.7612400000000001,26.013841371774266
2024-11-04 17:24:50,4.202448566474072,0.761,24.2430730354219,4.202501140548936,0.7612400000000001,25.99880812590749
2024-11-04 17:24:50,4.202448566474072,0.761,27.80614130216054,4.202514284067566,0.7612399999999999,26.026186542940394
2024-11-04 17:24:51,4.202941448424786,0.761,24.2430730354219,4.2025471428642245,0.7612000000000001,25.954925177605624
2024-11-04 17:24:51,4.202941448424786,0.761,23.469396624933097,4.202566858142253,0.76116,25.881705929220697
2024-11-04 17:24:51,4.202777154440939,0.761,25.72571420883662,4.202573429901597,0.7611200000000001,25.911358752688994
2024-11-04 17:24:51,4.202448566474072,0.761,26.437220450515156,4.202580001660917,0.7610800000000001,25.911358752688994
2024-11-04 17:24:52,4.202612860457368,0.761,25.72571420883662,4.20259314517957,0.7610800000000001,25.856563131446464
2024-11-04 17:24:52,4.202448566474072,0.761,27.13035904417916,4.202586573420238,0.7610799999999999,25.884656028153316
2024-11-04 17:24:52,4.202612860457368,0.761,25.72571420883662,4.202599716938891,0.7610799999999999,25.884656028153323
2024-11-04 17:24:52,4.202448566474072,0.76,27.13035904417916,4.202593145179559,0.7610399999999997,25.8985188000266
2024-11-04 17:24:53,4.202777154440939,0.76,27.13035904417916,4.2026062886982345,0.7609999999999996,25.898518800026604
2024-11-04 17:24:53,4.202777154440939,0.76,24.9947353287605,4.20261943221691,0.7609199999999994,25.929025574103147
2024-11-04 17:24:53,4.202612860457368,0.76,26.437220450515156,4.202632575735564,0.7608399999999993,25.929025574103143
2024-11-04 17:24:53,4.202612860457368,0.76,26.437220450515156,4.202632575735564,0.7607999999999994,25.943255698936717
2024-11-04 17:24:54,4.202612860457368,0.761,25.72571420883662,4.202632575735564,0.7607999999999997,25.957875276538235
2024-11-04 17:24:54,4.202777154440939,0.761,23.469396624933097,4.202645719254239,0.7608,25.912748924860168
2024-11-04 17:24:54,4.202448566474072,0.761,25.72571420883662,4.202632575735564,0.7608000000000003,25.91274892486017
2024-11-04 17:24:54,4.202777154440939,0.76,25.72571420883662,4.202639147494907,0.7607600000000002,25.87114038299368
2024-11-04 17:24:55,4.203105742408909,0.76,26.437220450515156,4.202665434532301,0.7607200000000001,25.87114038299369
2024-11-04 17:24:55,4.202612860457368,0.76,26.437220450515156,4.202672006291634,0.7606799999999998,25.857277611120416
2024-11-04 17:24:55,4.202941448424786,0.76,26.437220450515156,4.202665434532268,0.7606399999999998,25.88612731355551
2024-11-04 17:24:55,4.202941448424786,0.76,24.2430730354219,4.202672006291621,0.7605999999999998,25.80167886884469
2024-11-04 17:24:56,4.202777154440939,0.76,27.13035904417916,4.2026851498102955,0.76056,25.78816322368506
2024-11-04 17:24:56,4.203105742408909,0.76,25.72571420883662,4.202698293329014,0.76052,25.78816322368506
2024-11-04 17:24:56,4.202941448424786,0.76,26.437220450515156,4.202718008607042,0.76048,25.802393348518635
2024-11-04 17:24:56,4.202777154440939,0.76,24.9947353287605,4.202731152125717,0.76044,25.77354364608353
2024-11-04 17:24:57,4.203105742408909,0.76,25.72571420883662,4.202757439163111,0.7604000000000001,25.745450749376687
2024-11-04 17:24:57,4.202941448424786,0.76,22.672238853203226,4.20275743916311,0.76036,25.74545074937669
2024-11-04 17:24:57,4.203270036393308,0.76,25.72571420883662,4.202770582681851,0.7603200000000001,25.760070326978212
2024-11-04 17:24:57,4.203105742408909,0.76,25.72571420883662,4.20278372620057,0.7602800000000002,25.760070326978212
2024-11-04 17:24:58,4.203105742408909,0.76,24.2430730354219,4.202810013237964,0.7602400000000002,25.775543855187983
2024-11-04 17:24:58,4.203270036393308,0.76,25.72571420883662,4.202836300275402,0.7602000000000002,25.805196678656284
2024-11-04 17:24:58,4.202777154440939,0.76,25.72571420883662,4.202849443794077,0.7601600000000002,25.79096655382271
2024-11-04 17:24:58,4.203105742408909,0.759,23.469396624933097,4.202869159072139,0.7600800000000004,25.731610077311064
2024-11-04 17:24:59,4.202612860457368,0.759,26.437220450515156,4.2028757308314715,0.7600400000000005,25.745840202144628
2024-11-04 17:24:59,4.203270036393308,0.759,28.465495270963004,4.202895446109566,0.7600000000000006,25.78640569855358
2024-11-04 17:24:59,4.203105742408909,0.759,27.13035904417916,4.202908589628285,0.7599600000000006,25.800268470426868
2024-11-04 17:24:59,4.203270036393308,0.759,26.437220450515156,4.202934876665723,0.7599200000000006,25.800268470426854
2024-11-04 17:25:00,4.202777154440939,0.759,26.437220450515156,4.202941448425066,0.7598800000000006,25.829118172861953
2024-11-04 17:25:00,4.2034343303779815,0.759,25.72571420883662,4.20297430722189,0.7598000000000005,25.829118172861953
2024-11-04 17:25:00,4.202941448424786,0.759,24.9947353287605,4.2029808789812435,0.7597200000000004,25.800268470426857
2024-11-04 17:25:00,4.203270036393308,0.759,26.437220450515156,4.203013737778012,0.7596400000000004,25.772890053393947
2024-11-04 17:25:01,4.203105742408909,0.759,25.72571420883662,4.203026881296732,0.7596000000000004,25.758659928560384
2024-11-04 17:25:01,4.202941448424786,0.759,24.9947353287605,4.203020309537366,0.7595600000000003,25.744040350958855
2024-11-04 17:25:01,4.203105742408909,0.759,25.72571420883662,4.203040024815428,0.7595200000000003,25.758659928560384
2024-11-04 17:25:01,4.203270036393308,0.759,25.72571420883662,4.2030531683341685,0.7594800000000003,25.730567031853536
2024-11-04 17:25:02,4.2034343303779815,0.759,25.72571420883662,4.203072883612296,0.7594400000000001,25.74518660945505
2024-11-04 17:25:02,4.203105742408909,0.759,26.437220450515156,4.203086027131015,0.7594000000000001,25.759416734288624
2024-11-04 17:25:02,4.203270036393308,0.759,28.465495270963004,4.20309259889039,0.75936,25.79998223069758
2024-11-04 17:25:02,4.2034343303779815,0.759,26.437220450515156,4.203112314168519,0.7593200000000002,25.82883193313268
2024-11-04 17:25:03,4.2035986243629315,0.759,26.437220450515156,4.203145172965398,0.7592800000000001,25.87271488143455
2024-11-04 17:25:03,4.202941448424786,0.759,26.437220450515156,4.2031386012060326,0.7592400000000002,25.845336464401644
2024-11-04 17:25:03,4.2034343303779815,0.758,26.437220450515156,4.20315831648416,0.7591600000000003,25.889219412703515
2024-11-04 17:25:03,4.202941448424786,0.758,24.9947353287605,4.203145172965418,0.7590800000000004,25.919726186780057
2024-11-04 17:25:04,4.203270036393308,0.758,27.13035904417916,4.203151744724795,0.7590000000000005,25.947819083486912
2024-11-04 17:25:04,4.2035986243629315,0.758,27.80614130216054,4.203171460002956,0.7589200000000007,25.975197500519815
2024-11-04 17:25:04,4.2035986243629315,0.758,27.13035904417916,4.203184603521741,0.7588400000000006,26.00329039722667
2024-11-04 17:25:04,4.2035986243629315,0.758,25.72571420883662,4.20321746231862,0.7587600000000004,25.975197500519826
2024-11-04 17:25:05,4.2034343303779815,0.758,25.72571420883662,4.203230605837383,0.7587200000000004,25.975197500519815
2024-11-04 17:25:05,4.2034343303779815,0.758,25.72571420883662,4.203263464634207,0.7586800000000004,25.947104603812967
2024-11-04 17:25:05,4.202941448424786,0.758,25.72571420883662,4.203250321115466,0.7586400000000003,25.91901170710611
2024-11-04 17:25:05,4.203105742408909,0.758,27.13035904417916,4.203250321115467,0.7586000000000003,25.96172418141448
2024-11-04 17:25:06,4.203105742408909,0.758,25.72571420883662,4.203243749356092,0.7585600000000002,25.947494056580908
2024-11-04 17:25:06,4.202777154440939,0.758,26.437220450515156,4.203243749356092,0.7585200000000002,25.947494056580908
2024-11-04 17:25:06,4.203270036393308,0.758,26.437220450515156,4.203237177596705,0.7584800000000002,25.961724181414482
2024-11-04 17:25:06,4.203105742408909,0.758,25.72571420883662,4.20324374935607,0.7584400000000001,26.006850533092546
2024-11-04 17:25:07,4.203105742408909,0.758,27.13035904417916,4.2032371775966935,0.7584000000000002,26.0349434297994
2024-11-04 17:25:07,4.2034343303779815,0.758,22.672238853203226,4.203250321115457,0.7583600000000001,25.973873922686735
2024-11-04 17:25:07,4.2039272123336575,0.758,24.9947353287605,4.203289751671813,0.7583200000000001,25.94502422025165
2024-11-04 17:25:07,4.202941448424786,0.758,24.9947353287605,4.2032831799124475,0.7582800000000001,25.916174517816554
2024-11-04 17:25:08,4.203105742408909,0.758,26.437220450515156,4.203276608153073,0.75824,25.916174517816554
2024-11-04 17:25:08,4.2034343303779815,0.757,27.13035904417916,4.203276608153072,0.7581599999999997,25.973920237991702
2024-11-04 17:25:08,4.203762918348157,0.757,25.72571420883662,4.2033028951906415,0.7580799999999995,25.945827341284847
2024-11-04 17:25:08,4.203762918348157,0.757,24.2430730354219,4.203322610468835,0.7579999999999992,25.916174517816547
2024-11-04 17:25:09,4.203270036393308,0.758,24.9947353287605,4.203316038709448,0.7579599999999993,25.88732481538146
2024-11-04 17:25:09,4.2034343303779815,0.758,26.437220450515156,4.203309466950049,0.7579199999999996,25.916174517816554
2024-11-04 17:25:09,4.203105742408909,0.757,26.437220450515156,4.203316038709414,0.7578399999999997,25.930404642650128
2024-11-04 17:25:09,4.203270036393308,0.757,26.437220450515156,4.203309466950028,0.7577999999999997,26.005704274596365
2024-11-04 17:25:10,4.2034343303779815,0.757,24.9947353287605,4.203329182228155,0.7577599999999995,25.991084696994843
2024-11-04 17:25:10,4.2035986243629315,0.757,23.469396624933097,4.203342325746941,0.7577199999999995,25.945958345316775
2024-11-04 17:25:10,4.2035986243629315,0.757,24.2430730354219,4.203342325746941,0.7576799999999996,25.94595834531677
2024-11-04 17:25:10,4.2042558003054875,0.757,27.13035904417916,4.203368612784643,0.7576399999999996,25.974051242023624
2024-11-04 17:25:11,4.2035986243629315,0.757,27.13035904417916,4.203368612784643,0.7575999999999997,26.00214413873048
2024-11-04 17:25:11,4.203762918348157,0.756,26.437220450515156,4.20338175630345,0.75752,26.06150061524211
2024-11-04 17:25:11,4.203762918348157,0.756,24.9947353287605,4.203394899822256,0.7574400000000001,26.032650912807018
2024-11-04 17:25:11,4.2039272123336575,0.757,26.437220450515156,4.203434330378612,0.7574000000000001,25.99208541639806
2024-11-04 17:25:12,4.204091506319434,0.757,25.72571420883662,4.203473760935033,0.75736,25.9639925196912
2024-11-04 17:25:12,4.203762918348157,0.757,26.437220450515156,4.203500047972603,0.75732,25.9639925196912
2024-11-04 17:25:12,4.203762918348157,0.757,25.72571420883662,4.203539478528892,0.75728,25.949762394857636
2024-11-04 17:25:12,4.2035986243629315,0.757,23.469396624933097,4.203552622047676,0.75724,25.904636043179558
2024-11-04 17:25:13,4.2035986243629315,0.756,24.9947353287605,4.203572337325837,0.7571600000000003,25.90463604317956
2024-11-04 17:25:13,4.203762918348157,0.756,24.2430730354219,4.203598624363408,0.7570800000000003,25.860753094877694
2024-11-04 17:25:13,4.204091506319434,0.756,27.80614130216054,4.203624911401064,0.7570000000000003,25.902361636744175
2024-11-04 17:25:13,4.204091506319434,0.756,25.72571420883662,4.203631483160495,0.7569200000000004,25.916981214345697
2024-11-04 17:25:14,4.2035986243629315,0.756,25.72571420883662,4.203657770198022,0.7568400000000004,25.916981214345697
2024-11-04 17:25:14,4.202941448424786,0.756,25.72571420883662,4.2036511984386555,0.7567600000000003,25.916981214345697
2024-11-04 17:25:14,4.202941448424786,0.756,25.72571420883662,4.203631483160528,0.7567200000000003,25.916981214345697
2024-11-04 17:25:14,4.2035986243629315,0.756,21.84997632024192,4.203624911401119,0.7566800000000002,25.82523633174023
2024-11-04 17:25:15,4.2042558003054875,0.756,25.72571420883662,4.203644626679412,0.7566400000000003,25.770440710497706
2024-11-04 17:25:15,4.2035986243629315,0.756,25.72571420883662,4.2036577701981965,0.7565600000000002,25.75621058566413
2024-11-04 17:25:15,4.2035986243629315,0.756,24.9947353287605,4.2036643419575945,0.7564800000000003,25.727360883229043
2024-11-04 17:25:15,4.203270036393308,0.756,24.2430730354219,4.203670913716971,0.7564400000000002,25.68347793492717
2024-11-04 17:25:16,4.2039272123336575,0.755,25.72571420883662,4.203697200754586,0.7563600000000003,25.6692478100936
2024-11-04 17:25:16,4.203762918348157,0.755,25.72571420883662,4.203710344273393,0.7562800000000003,25.683867387695116
2024-11-04 17:25:16,4.2042558003054875,0.755,25.72571420883662,4.203736631311094,0.7562000000000003,25.655774490988268
2024-11-04 17:25:16,4.2039272123336575,0.755,25.72571420883662,4.203749774829923,0.7561200000000003,25.614165949121787
2024-11-04 17:25:17,4.204420094291815,0.756,23.469396624933097,4.203756346589376,0.7560800000000003,25.54094670073687
2024-11-04 17:25:17,4.204091506319434,0.756,25.72571420883662,4.203776061867636,0.7560400000000002,25.54094670073688
2024-11-04 17:25:17,4.2034343303779815,0.756,27.13035904417916,4.203762918348828,0.75604,25.56903959744372
2024-11-04 17:25:17,4.204091506319434,0.755,27.80614130216054,4.203776061867679,0.7559999999999999,25.61064813931021
2024-11-04 17:25:18,4.2039272123336575,0.755,23.469396624933097,4.203776061867679,0.7559200000000001,25.565521787632132
2024-11-04 17:25:18,4.2034343303779815,0.755,28.465495270963004,4.203749774830021,0.7558400000000002,25.592224512167814
2024-11-04 17:25:18,4.2035986243629315,0.755,27.13035904417916,4.203743203070612,0.7557600000000003,25.620317408874666
2024-11-04 17:25:18,4.204091506319434,0.755,25.72571420883662,4.203756346589463,0.7556800000000002,25.606087284041095
2024-11-04 17:25:19,4.204420094291815,0.754,26.437220450515156,4.203789205386618,0.75556,25.606087284041106
2024-11-04 17:25:19,4.204091506319434,0.754,24.9947353287605,4.203808920664878,0.7554799999999997,25.591467706439577
2024-11-04 17:25:19,4.2035986243629315,0.755,26.437220450515156,4.20380234890547,0.7554399999999998,25.5776049345663
2024-11-04 17:25:19,4.204420094291815,0.755,26.437220450515156,4.203815492424365,0.7554,25.652904566512532
2024-11-04 17:25:20,4.2039272123336575,0.755,27.13035904417916,4.203808920664935,0.7553600000000001,25.695617040820903
2024-11-04 17:25:20,4.203762918348157,0.755,26.437220450515156,4.203815492424344,0.7553200000000004,25.724466743256
2024-11-04 17:25:20,4.2039272123336575,0.755,28.465495270963004,4.203854922980699,0.7552800000000004,25.76503223966496
2024-11-04 17:25:20,4.2035986243629315,0.755,24.2430730354219,4.203881210018225,0.7552400000000002,25.707286519489813
2024-11-04 17:25:21,4.2039272123336575,0.755,27.13035904417916,4.203894353537055,0.7552000000000002,25.735379416196665
2024-11-04 17:25:21,4.204091506319434,0.755,25.72571420883662,4.203887781777612,0.7551600000000002,25.76503223966495
2024-11-04 17:25:21,4.204584388278419,0.755,27.13035904417916,4.203927212334232,0.7551200000000002,25.807744713973328
2024-11-04 17:25:21,4.2039272123336575,0.755,28.465495270963004,4.203940355853061,0.7550800000000002,25.848310210382284
2024-11-04 17:25:22,4.2039272123336575,0.755,26.437220450515156,4.203966642890675,0.7550400000000004,25.84831021038228
2024-11-04 17:25:22,4.204091506319434,0.755,25.72571420883662,4.203973214650107,0.7550400000000004,25.834080085548713
2024-11-04 17:25:22,4.2042558003054875,0.754,25.72571420883662,4.203992929928399,0.755,25.848699663150228
2024-11-04 17:25:22,4.2042558003054875,0.754,24.9947353287605,4.203992929928399,0.7549599999999996,25.87920643722678
2024-11-04 17:25:23,4.2034343303779815,0.754,26.437220450515156,4.203973214650171,0.7549199999999995,25.923089385528648
2024-11-04 17:25:23,4.2042558003054875,0.754,26.437220450515156,4.203966642890716,0.7548399999999994,25.909226613655363
2024-11-04 17:25:23,4.2035986243629315,0.754,27.13035904417916,4.203946927612456,0.7547599999999994,25.90922661365537
2024-11-04 17:25:23,4.204091506319434,0.754,25.72571420883662,4.203973214650114,0.7546799999999996,25.8949964888218
2024-11-04 17:25:24,4.2042558003054875,0.754,27.13035904417916,4.2039797864095565,0.7546399999999998,25.937708963130177
2024-11-04 17:25:24,4.2042558003054875,0.754,25.72571420883662,4.203992929928429,0.7545999999999998,25.923478838296607
2024-11-04 17:25:24,4.204091506319434,0.754,24.2430730354219,4.204019216966086,0.7545599999999999,25.893826014828313
2024-11-04 17:25:24,4.2042558003054875,0.754,26.437220450515156,4.204045504003788,0.75452,25.89382601482832
2024-11-04 17:25:25,4.2042558003054875,0.753,25.72571420883662,4.20405207576323,0.7544400000000002,25.89382601482831
2024-11-04 17:25:25,4.2042558003054875,0.753,25.72571420883662,4.204045504003777,0.7544000000000004,25.93895236650638
2024-11-04 17:25:25,4.204091506319434,0.754,24.9947353287605,4.204045504003778,0.7544000000000004,25.938952366506378
2024-11-04 17:25:25,4.204091506319434,0.754,24.2430730354219,4.204065219282038,0.7543600000000005,25.93895236650638
2024-11-04 17:25:26,4.204091506319434,0.753,25.72571420883662,4.204052075763142,0.7542800000000004,25.897343824639893
2024-11-04 17:25:26,4.204420094291815,0.753,26.437220450515156,4.204071791041469,0.7542000000000004,25.911573949473468
2024-11-04 17:25:26,4.2042558003054875,0.753,26.437220450515156,4.204091506319762,0.7541200000000005,25.92580407430704
2024-11-04 17:25:26,4.2042558003054875,0.754,24.9947353287605,4.204104649838635,0.7540800000000003,25.911184496705523
2024-11-04 17:25:27,4.2039272123336575,0.754,27.13035904417916,4.204117793357465,0.7540400000000002,25.939277393412368
2024-11-04 17:25:27,4.2042558003054875,0.753,27.80614130216054,4.2041309368763375,0.75396,26.058400693050743
2024-11-04 17:25:27,4.204420094291815,0.753,24.9947353287605,4.204144080395233,0.7538800000000001,26.043781115449224
2024-11-04 17:25:27,4.204420094291815,0.753,24.9947353287605,4.204137508635769,0.7538000000000001,26.029161537847703
2024-11-04 17:25:28,4.204091506319434,0.753,25.72571420883662,4.2041440803952,0.7537200000000002,26.043781115449228
2024-11-04 17:25:28,4.204748682265299,0.753,26.437220450515156,4.2041769391924655,0.7536400000000001,26.08766406375109
2024-11-04 17:25:28,4.204091506319434,0.753,26.437220450515156,4.2041769391924655,0.7535600000000001,26.101894188584666
2024-11-04 17:25:28,4.204091506319434,0.753,25.72571420883662,4.204170367433024,0.7535200000000002,26.101894188584655
2024-11-04 17:25:29,4.2042558003054875,0.753,27.80614130216054,4.204170367433024,0.7534800000000001,26.14350273045113
2024-11-04 17:25:29,4.2042558003054875,0.753,28.465495270963004,4.204203226230124,0.7534400000000001,26.198298351693666
2024-11-04 17:25:29,4.204584388278419,0.753,25.72571420883662,4.204216369749041,0.7534000000000001,26.24342470337173
2024-11-04 17:25:29,4.204420094291815,0.752,25.72571420883662,4.204249228546196,0.7533200000000002,26.24342470337173
2024-11-04 17:25:30,4.204420094291815,0.752,27.13035904417916,4.204262372065092,0.7532400000000002,26.243424703371733
2024-11-04 17:25:30,4.204420094291815,0.753,26.437220450515156,4.2042689438245455,0.7532000000000002,26.216046286338816
2024-11-04 17:25:30,4.204584388278419,0.753,26.437220450515156,4.204282087343463,0.7531600000000002,26.27540276285046
2024-11-04 17:25:30,4.204748682265299,0.753,26.437220450515156,4.204308374381298,0.75312,26.23483726644151
2024-11-04 17:25:31,4.204584388278419,0.753,25.72571420883662,4.2043215179002145,0.75308,26.20674436973465
2024-11-04 17:25:31,4.204748682265299,0.753,28.465495270963004,4.2043412331786065,0.75308,26.26153999097718
2024-11-04 17:25:31,4.2042558003054875,0.752,26.437220450515156,4.204341233178607,0.75304,26.26153999097718
2024-11-04 17:25:31,4.204091506319434,0.752,26.437220450515156,4.2043412331786065,0.7529600000000001,26.29038969341228
2024-11-04 17:25:32,4.204584388278419,0.752,27.13035904417916,4.204360948456967,0.7528800000000002,26.304252465285558
2024-11-04 17:25:32,4.204420094291815,0.752,27.13035904417916,4.204374091975861,0.7528400000000004,26.318115237158846
2024-11-04 17:25:32,4.204584388278419,0.752,26.437220450515156,4.204380663735326,0.7528000000000002,26.304252465285572
2024-11-04 17:25:32,4.204420094291815,0.752,24.2430730354219,4.204387235494779,0.7527600000000002,26.260369516983705
2024-11-04 17:25:33,4.204420094291815,0.752,24.9947353287605,4.204393807254233,0.7526800000000001,26.190954318139646
2024-11-04 17:25:33,4.204420094291815,0.751,25.72571420883662,4.204413522532559,0.75256,26.220607141607942
2024-11-04 17:25:33,4.204748682265299,0.751,23.469396624933097,4.204433237810951,0.7524799999999998,26.147387893223016
2024-11-04 17:25:33,4.204584388278419,0.751,27.13035904417916,4.204439809570416,0.7523999999999995,26.17548078992987
2024-11-04 17:25:34,4.204584388278419,0.751,25.72571420883662,4.2044463813298805,0.7523199999999994,26.147387893223012
2024-11-04 17:25:34,4.2042558003054875,0.752,25.72571420883662,4.204452953089321,0.7522799999999996,26.092592271980482
2024-11-04 17:25:34,4.205241564227593,0.752,25.72571420883662,4.204472668367814,0.7522399999999999,26.07836214714691
2024-11-04 17:25:34,4.198505510957618,0.752,22.672238853203226,4.2042492285533415,0.7522000000000001,26.017292640034242
2024-11-04 17:25:35,4.204584388278419,0.752,27.13035904417916,4.204268943831702,0.7521600000000003,26.045385536741097
2024-11-04 17:25:35,4.198505510957618,0.752,25.72571420883662,4.204038932257787,0.7521200000000003,26.060005114342612
2024-11-04 17:25:35,4.198669804934304,0.719,27.13035904417916,4.20381549244294,0.7507600000000003,26.07386788621589
2024-11-04 17:25:35,4.198505510957618,0.719,25.72571420883662,4.203572337350109,0.7494000000000003,26.059637761382326
2024-11-04 17:25:36,4.198176923005075,0.718,25.72571420883662,4.20332261049864,0.7480400000000003,26.031544864675478
2024-11-04 17:25:36,4.198341216981209,0.718,26.437220450515156,4.2030794554062165,0.7466800000000003,26.045774989509045
2024-11-04 17:25:36,4.198505510957618,0.718,26.437220450515156,4.202842872072849,0.7452800000000005,26.03191221763577
2024-11-04 17:25:36,4.198012629029216,0.718,27.13035904417916,4.202580001702882,0.7438800000000007,26.060005114342626
2024-11-04 17:25:37,4.198505510957618,0.718,25.72571420883662,4.202330274850574,0.7424800000000005,26.089657937810927
2024-11-04 17:25:37,4.198834098911264,0.718,27.80614130216054,4.202100263275887,0.7410800000000003,26.11703635484383
2024-11-04 17:25:37,4.198176923005075,0.718,26.437220450515156,4.201837392905477,0.7396800000000002,26.131266479677407
2024-11-04 17:25:37,4.198341216981209,0.718,25.72571420883662,4.201600809572506,0.7383200000000002,26.131266479677407
2024-11-04 17:25:38,4.198669804934304,0.718,27.13035904417916,4.201383941517101,0.7369600000000003,26.173978953985774
2024-11-04 17:25:38,4.198505510957618,0.718,26.437220450515156,4.2011407864242685,0.7356000000000003,26.21786190228764
2024-11-04 17:25:38,4.198505510957618,0.718,25.72571420883662,4.200904203090902,0.7342400000000007,26.21786190228763
2024-11-04 17:25:38,4.198669804934304,0.718,22.672238853203226,4.200667619757137,0.7328800000000006,26.14256227034139
2024-11-04 17:25:39,4.198176923005075,0.717,25.72571420883662,4.200417892905666,0.7314800000000002,26.12833214550783
2024-11-04 17:25:39,4.198341216981209,0.717,27.80614130216054,4.200174737813242,0.7300800000000001,26.184560264975826
2024-11-04 17:25:39,4.198998392888499,0.717,27.13035904417916,4.199957869757109,0.7287199999999998,26.184560264975822
2024-11-04 17:25:39,4.198341216981209,0.718,24.2430730354219,4.199701571145746,0.7273999999999998,26.113298899641048
2024-11-04 17:25:40,4.198669804934304,0.718,27.80614130216054,4.199464987811981,0.7260800000000001,26.169527019109054
2024-11-04 17:25:40,4.198176923005075,0.717,24.9947353287605,4.199208689201047,0.7247199999999998,26.169527019109058
2024-11-04 17:25:40,4.198505510957618,0.717,29.10927472714519,4.1989786776271325,0.7233199999999996,26.237198229475226
2024-11-04 17:25:40,4.198341216981209,0.718,25.72571420883662,4.198702663737277,0.7219599999999999,26.22296810464166
2024-11-04 17:25:41,4.198341216981209,0.718,24.9947353287605,4.198696091978221,0.7206,26.194118402206563
2024-11-04 17:25:41,4.198505510957618,0.718,24.9947353287605,4.198452936885389,0.7192400000000001,26.179498824605034
2024-11-04 17:25:41,4.198669804934304,0.717,24.9947353287605,4.198459508644457,0.7178399999999999,26.123270705137042
2024-11-04 17:25:41,4.198505510957618,0.717,24.9947353287605,4.198452936885389,0.7177599999999995,26.053855506292994
2024-11-04 17:25:42,4.198834098911264,0.717,24.9947353287605,4.198466080403535,0.7176799999999995,26.039235928691472
2024-11-04 17:25:42,4.198669804934304,0.718,26.437220450515156,4.198485795680704,0.7176799999999998,26.053466053525035
2024-11-04 17:25:42,4.198341216981209,0.718,24.9947353287605,4.198485795680704,0.71768,26.010753579216665
2024-11-04 17:25:42,4.198505510957618,0.717,25.72571420883662,4.198485795680705,0.7176399999999998,25.996523454383095
2024-11-04 17:25:43,4.199326980843797,0.717,25.72571420883662,4.1985383697532885,0.7175999999999996,25.98229332954952
2024-11-04 17:25:43,4.198505510957618,0.717,25.72571420883662,4.1985383697532885,0.7175599999999998,25.968063204715946
2024-11-04 17:25:43,4.198998392888499,0.717,24.9947353287605,4.198544941512378,0.7175199999999997,25.953443627114435
2024-11-04 17:25:43,4.198834098911264,0.717,26.437220450515156,4.198571228548626,0.7174799999999997,25.912878130705465
2024-11-04 17:25:44,4.198341216981209,0.717,26.437220450515156,4.1985712285486265,0.7174399999999995,25.912878130705476
2024-11-04 17:25:44,4.198669804934304,0.717,27.13035904417916,4.198571228548626,0.7173999999999995,25.926740902578754
2024-11-04 17:25:44,4.198998392888499,0.717,26.437220450515156,4.19859094382586,0.7173599999999994,25.912878130705465
2024-11-04 17:25:44,4.198341216981209,0.717,26.437220450515156,4.198584372066805,0.7173199999999994,25.899015358832184
2024-11-04 17:25:45,4.198669804934304,0.716,27.13035904417916,4.1985843720668035,0.7172399999999997,25.912878130705472
2024-11-04 17:25:45,4.198669804934304,0.716,25.72571420883662,4.1986040873439725,0.7171999999999997,25.942530954173762
2024-11-04 17:25:45,4.198341216981209,0.716,26.437220450515156,4.198604087343972,0.7171599999999997,25.97138065660886
2024-11-04 17:25:45,4.198669804934304,0.716,24.9947353287605,4.198590943825804,0.7171199999999998,25.956761079007343
2024-11-04 17:25:46,4.198176923005075,0.715,25.72571420883662,4.198584372066758,0.7169999999999999,26.001887430685418
2024-11-04 17:25:46,4.198176923005075,0.715,27.13035904417916,4.198564656789588,0.7168800000000001,26.001887430685414
2024-11-04 17:25:46,4.198341216981209,0.715,25.72571420883662,4.198571228548634,0.7168000000000002,26.001887430685418
2024-11-04 17:25:46,4.198505510957618,0.715,25.72571420883662,4.198571228548634,0.7167200000000002,26.001887430685418
2024-11-04 17:25:47,4.198176923005075,0.715,27.80614130216054,4.198564656789587,0.7166000000000003,26.04349597255189
2024-11-04 17:25:47,4.198176923005075,0.715,25.72571420883662,4.198558085030542,0.7164800000000003,26.10456547966456
2024-11-04 17:25:47,4.198341216981209,0.715,24.9947353287605,4.198551513271486,0.7163600000000006,26.061853005356184
2024-11-04 17:25:47,4.198669804934304,0.715,27.13035904417916,4.198551513271485,0.7162800000000006,26.089945902063036
2024-11-04 17:25:48,4.198012629029216,0.714,25.72571420883662,4.19853179799435,0.7161600000000005,26.06185300535618
2024-11-04 17:25:48,4.198669804934304,0.714,26.437220450515156,4.198525226235271,0.7160400000000001,26.076083130189744
2024-11-04 17:25:48,4.198012629029216,0.715,26.437220450515156,4.198498939199069,0.7159200000000001,26.09031325502332
2024-11-04 17:25:48,4.198341216981209,0.715,25.72571420883662,4.198498939199069,0.7158000000000001,26.076083130189744
2024-11-04 17:25:49,4.198505510957618,0.715,24.9947353287605,4.198498939199069,0.7157200000000001,26.04723342775466
2024-11-04 17:25:49,4.198505510957618,0.714,24.9947353287605,4.198466080403622,0.7155999999999999,26.00452095344628
2024-11-04 17:25:49,4.198176923005075,0.714,27.13035904417916,4.198452936885521,0.7154799999999998,26.032613850153133
2024-11-04 17:25:49,4.198341216981209,0.713,25.72571420883662,4.19842664984923,0.7153199999999997,25.99100530828666
2024-11-04 17:25:50,4.198341216981209,0.713,25.72571420883662,4.198406934572029,0.7151599999999998,25.976775183453093
2024-11-04 17:25:50,4.1978483350536315,0.713,24.2430730354219,4.198387219294926,0.7149999999999999,25.947122359984792
2024-11-04 17:25:50,4.198176923005075,0.713,25.72571420883662,4.198367504017756,0.7148399999999998,25.919029463277948
2024-11-04 17:25:50,4.198176923005075,0.712,27.13035904417916,4.198334645222419,0.7146399999999999,25.932892235151225
2024-11-04 17:25:51,4.198505510957618,0.712,24.2430730354219,4.198341216981475,0.7144400000000002,25.903239411682936
2024-11-04 17:25:51,4.198176923005075,0.712,26.437220450515156,4.198321501704305,0.7142800000000002,25.97853904362917
2024-11-04 17:25:51,4.1978483350536315,0.712,24.9947353287605,4.198288642909078,0.7141200000000003,25.96391946602765
2024-11-04 17:25:51,4.198176923005075,0.712,25.72571420883662,4.1982820711500315,0.7139600000000005,25.922310924161174
2024-11-04 17:25:52,4.198341216981209,0.713,24.9947353287605,4.198268927631909,0.7138400000000003,25.879598449852796
2024-11-04 17:25:52,4.198176923005075,0.713,26.437220450515156,4.198268927631907,0.7137600000000002,25.923481398154664
2024-11-04 17:25:52,4.198505510957618,0.713,25.72571420883662,4.198282071150009,0.7136800000000001,25.881872856288183
2024-11-04 17:25:52,4.198176923005075,0.712,24.9947353287605,4.198275499390963,0.7135600000000002,25.88187285628818
2024-11-04 17:25:53,4.198669804934304,0.712,24.9947353287605,4.1982820711500315,0.7134400000000005,25.799582068320486
2024-11-04 17:25:53,4.198505510957618,0.712,23.469396624933097,4.198295214668134,0.7133200000000005,25.75445571664241
2024-11-04 17:25:53,4.198176923005075,0.712,25.72571420883662,4.198295214668133,0.7132000000000005,25.76907529424394
2024-11-04 17:25:53,4.1978483350536315,0.712,27.13035904417916,4.1982754993910305,0.7130800000000004,25.811787768552307
2024-11-04 17:25:54,4.198176923005075,0.712,25.72571420883662,4.1982557841138615,0.7129600000000004,25.82640734615383
2024-11-04 17:25:54,4.1978483350536315,0.712,27.13035904417916,4.198249212354838,0.7128800000000003,25.869119820462206
2024-11-04 17:25:54,4.198669804934304,0.712,26.437220450515156,4.198249212354837,0.7128000000000003,25.897969522897302
2024-11-04 17:25:54,4.198341216981209,0.712,24.9947353287605,4.198262355872918,0.7126800000000003,25.869119820462206
2024-11-04 17:25:55,4.198176923005075,0.712,25.72571420883662,4.198255784113872,0.7125600000000003,25.883739398063724
2024-11-04 17:25:55,4.198341216981209,0.712,24.2430730354219,4.198249212354817,0.7124400000000003,25.854086574595435
2024-11-04 17:25:55,4.198176923005075,0.712,25.72571420883662,4.198236068836715,0.7123600000000003,25.85408657459544
2024-11-04 17:25:55,4.198834098911264,0.712,24.2430730354219,4.198262355872962,0.7122800000000002,25.82443375112715
2024-11-04 17:25:56,4.198341216981209,0.712,24.9947353287605,4.198262355872963,0.7122400000000002,25.824433751127145
2024-11-04 17:25:56,4.198834098911264,0.712,25.72571420883662,4.198282071150166,0.7122000000000002,25.810203626293568
2024-11-04 17:25:56,4.198176923005075,0.712,26.437220450515156,4.1982952146682235,0.7121600000000001,25.81020362629358
2024-11-04 17:25:56,4.198341216981209,0.712,27.13035904417916,4.198301786427269,0.7121200000000002,25.810203626293575
2024-11-04 17:25:57,4.198834098911264,0.712,24.2430730354219,4.198328073463517,0.7121200000000002,25.766320677991708
2024-11-04 17:25:57,4.198341216981209,0.712,24.9947353287605,4.198321501704461,0.7121200000000002,25.73747097555661
2024-11-04 17:25:57,4.198505510957618,0.712,24.9947353287605,4.198334645222563,0.7121200000000002,25.694758501248245
2024-11-04 17:25:57,4.198505510957618,0.712,26.437220450515156,4.198360932258723,0.7121200000000002,25.70898862608181
2024-11-04 17:25:58,4.198176923005075,0.712,26.437220450515156,4.198360932258723,0.7121200000000002,25.70898862608182
2024-11-04 17:25:58,4.198505510957618,0.712,24.9947353287605,4.198367504017779,0.7120800000000002,25.708988626081815
2024-11-04 17:25:58,4.198505510957618,0.712,27.13035904417916,4.198380647535881,0.7120400000000002,25.737081522788667
2024-11-04 17:25:58,4.198341216981209,0.712,26.437220450515156,4.198374075776825,0.7120000000000002,25.723218750915386
2024-11-04 17:25:59,4.198834098911264,0.712,26.437220450515156,4.198400362813072,0.7120000000000002,25.73744887574896
2024-11-04 17:25:59,4.198341216981209,0.712,27.13035904417916,4.198387219294949,0.7120000000000002,25.765541772455805
2024-11-04 17:25:59,4.198669804934304,0.712,26.437220450515156,4.1983937910540154,0.7120000000000002,25.738163355422895
2024-11-04 17:25:59,4.198176923005075,0.712,25.72571420883662,4.198393791054015,0.7120000000000002,25.738163355422895
2024-11-04 17:25:59,4.198669804934304,0.712,25.72571420883662,4.198426649849241,0.7120000000000002,25.75278293302442
2024-11-04 17:26:00,4.198012629029216,0.712,25.72571420883662,4.198420078090206,0.7120000000000002,25.72469003631756
2024-11-04 17:26:00,4.198341216981209,0.711,26.437220450515156,4.19843979336731,0.7119599999999999,25.73892016115113
2024-11-04 17:26:00,4.198998392888499,0.711,25.72571420883662,4.198452936885477,0.7119199999999998,25.72469003631756
2024-11-04 17:26:01,4.198834098911264,0.712,25.72571420883662,4.19847265216268,0.7119199999999999,25.710459911483987
2024-11-04 17:26:01,4.198669804934304,0.712,26.437220450515156,4.198492367439848,0.7119200000000001,25.72469003631756
2024-11-04 17:26:01,4.198669804934304,0.712,24.9947353287605,4.198505510957971,0.7119200000000001,25.724690036317558
2024-11-04 17:26:01,4.199162686866011,0.712,24.9947353287605,4.198544941512408,0.7119200000000001,25.72469003631756
2024-11-04 17:26:02,4.198669804934304,0.712,27.13035904417916,4.198538369753329,0.7119200000000001,25.724690036317558
2024-11-04 17:26:02,4.198998392888499,0.711,26.437220450515156,4.198564656789622,0.7118799999999998,25.73892016115113
2024-11-04 17:26:02,4.198834098911264,0.711,24.9947353287605,4.198564656789623,0.7118399999999997,25.724300583549606
2024-11-04 17:26:02,4.198669804934304,0.711,25.72571420883662,4.198584372066791,0.7117999999999997,25.753953407017907
2024-11-04 17:26:02,4.198505510957618,0.711,27.80614130216054,4.198590943825848,0.7117599999999996,25.795561948884387
2024-11-04 17:26:03,4.198834098911264,0.711,25.72571420883662,4.198590943825848,0.7117199999999996,25.76746905217754
2024-11-04 17:26:03,4.198834098911264,0.711,26.437220450515156,4.19861065910305,0.7116799999999995,25.811352000479403
2024-11-04 17:26:03,4.198834098911264,0.711,27.13035904417916,4.198623802621197,0.7116399999999995,25.82521477235268
2024-11-04 17:26:03,4.198505510957618,0.711,27.80614130216054,4.1986238026211975,0.7115999999999993,25.881442891820683
2024-11-04 17:26:04,4.199491274821859,0.711,27.13035904417916,4.19867637669387,0.7115599999999995,25.90953578852754
2024-11-04 17:26:04,4.198834098911264,0.711,25.72571420883662,4.198689520212016,0.7115199999999995,25.924155366129053
2024-11-04 17:26:04,4.198669804934304,0.711,25.72571420883662,4.198696091971082,0.7114799999999994,25.90992524129548
2024-11-04 17:26:04,4.198505510957618,0.711,27.80614130216054,4.198702663730138,0.7114399999999993,25.95153378316196
2024-11-04 17:26:05,4.198998392888499,0.711,26.437220450515156,4.198709235489229,0.7113999999999991,25.98038348559706
2024-11-04 17:26:05,4.198998392888499,0.711,25.72571420883662,4.198735522525521,0.7113599999999991,25.995003063198574
2024-11-04 17:26:05,4.198998392888499,0.711,24.9947353287605,4.198748666043688,0.7113199999999992,26.025509837275127
2024-11-04 17:26:05,4.198834098911264,0.711,25.72571420883662,4.198774953079936,0.7112799999999991,26.025509837275123
2024-11-04 17:26:06,4.198998392888499,0.711,24.9947353287605,4.198788096598104,0.7112399999999992,25.982797362966753
2024-11-04 17:26:06,4.198669804934304,0.711,24.9947353287605,4.198814383634307,0.7111999999999992,25.96817778536523
2024-11-04 17:26:06,4.198341216981209,0.711,26.437220450515156,4.198814383634307,0.7111999999999992,25.95431501349195
2024-11-04 17:26:06,4.198834098911264,0.711,24.9947353287605,4.198807811875218,0.7111999999999992,25.925465311056865
2024-11-04 17:26:07,4.198669804934304,0.711,26.437220450515156,4.198801240116139,0.7111599999999992,25.95431501349195
2024-11-04 17:26:07,4.199162686866011,0.711,26.437220450515156,4.198820955393407,0.7111199999999992,25.968545138325524
2024-11-04 17:26:07,4.198834098911264,0.711,23.469396624933097,4.198827527152485,0.7110799999999994,25.953071610115742
2024-11-04 17:26:07,4.198998392888499,0.711,27.13035904417916,4.198820955393384,0.7110399999999992,25.981164506822598
2024-11-04 17:26:08,4.199326980843797,0.711,23.469396624933097,4.198847242429764,0.7109999999999994,25.965690978612823
2024-11-04 17:26:08,4.199162686866011,0.711,24.9947353287605,4.198853814188864,0.7109999999999994,25.96569097861282
2024-11-04 17:26:08,4.198834098911264,0.71,24.9947353287605,4.198853814188864,0.7109599999999995,25.95107140101129
2024-11-04 17:26:08,4.198669804934304,0.71,24.2430730354219,4.198853814188864,0.7109199999999996,25.907188452709434
2024-11-04 17:26:09,4.198834098911264,0.71,24.9947353287605,4.1988669577070095,0.7108799999999995,25.864475978401064
2024-11-04 17:26:09,4.198834098911264,0.71,27.13035904417916,4.19886695770701,0.7108399999999996,25.922221698576205
2024-11-04 17:26:09,4.199162686866011,0.71,22.672238853203226,4.1988801012252,0.7107999999999997,25.875771769065064
2024-11-04 17:26:09,4.198834098911264,0.71,26.437220450515156,4.1988801012252,0.7107599999999998,25.90462147150015
2024-11-04 17:26:10,4.198998392888499,0.71,25.72571420883662,4.198899816502435,0.7107199999999999,25.890391346666583
2024-11-04 17:26:10,4.198834098911264,0.71,25.72571420883662,4.198873529466011,0.71068,25.87616122183301
2024-11-04 17:26:10,4.198998392888499,0.71,24.9947353287605,4.198880101225101,0.71064,25.876161221833005
2024-11-04 17:26:10,4.198998392888499,0.71,26.437220450515156,4.198893244743269,0.7106000000000001,25.862298449959727
2024-11-04 17:26:11,4.199326980843797,0.71,26.437220450515156,4.198926103538716,0.7105600000000003,25.862298449959727
2024-11-04 17:26:11,4.198998392888499,0.71,27.13035904417916,4.198926103538717,0.7105200000000004,25.876161221833005
2024-11-04 17:26:11,4.198998392888499,0.71,26.437220450515156,4.198926103538717,0.7104800000000004,25.862298449959727
2024-11-04 17:26:11,4.198998392888499,0.71,26.437220450515156,4.198926103538717,0.7104400000000005,25.862298449959727
2024-11-04 17:26:12,4.198505510957618,0.71,27.13035904417916,4.198912960020572,0.7104000000000005,25.89039134666658
2024-11-04 17:26:12,4.199162686866011,0.71,26.437220450515156,4.198919531779672,0.7103600000000005,25.90462147150014
2024-11-04 17:26:12,4.199491274821859,0.71,27.80614130216054,4.198952390575174,0.7103200000000005,25.94623001336663
2024-11-04 17:26:12,4.198834098911264,0.71,25.72571420883662,4.198972105852376,0.7102800000000006,25.931999888533056
2024-11-04 17:26:13,4.199326980843797,0.71,26.437220450515156,4.198991821129678,0.7102400000000005,25.94623001336663
2024-11-04 17:26:13,4.198998392888499,0.709,23.469396624933097,4.199004964647846,0.7101600000000008,25.901103661688552
2024-11-04 17:26:13,4.199326980843797,0.709,25.72571420883662,4.199011536406958,0.7100800000000008,25.886873536854992
2024-11-04 17:26:13,4.198834098911264,0.709,26.437220450515156,4.199011536406958,0.7100000000000009,25.91572323929009
2024-11-04 17:26:14,4.199162686866011,0.709,24.9947353287605,4.199018108166057,0.7099200000000008,25.915723239290088
2024-11-04 17:26:14,4.199491274821859,0.709,24.9947353287605,4.199024679925179,0.7098400000000007,25.87301076498171
2024-11-04 17:26:14,4.198998392888499,0.709,27.80614130216054,4.1990181081660785,0.7097600000000007,25.900389182014624
2024-11-04 17:26:14,4.199491274821859,0.709,26.437220450515156,4.1990443952025025,0.7097200000000007,25.929238884449713
2024-11-04 17:26:15,4.199491274821859,0.71,26.437220450515156,4.199077253998005,0.7097200000000005,25.94346900928329
2024-11-04 17:26:15,4.199491274821859,0.71,24.2430730354219,4.199103541034429,0.7097200000000004,25.872207643948517
2024-11-04 17:26:15,4.199162686866011,0.71,28.465495270963004,4.199116684552617,0.7097200000000002,25.927003265191036
2024-11-04 17:26:15,4.198834098911264,0.709,26.437220450515156,4.199103541034428,0.7096800000000003,25.927003265191043
2024-11-04 17:26:16,4.199162686866011,0.709,24.9947353287605,4.199116684552617,0.7096400000000004,25.884290790882666
2024-11-04 17:26:16,4.199162686866011,0.709,27.13035904417916,4.199123256311717,0.7096000000000005,25.870775145723037
2024-11-04 17:26:16,4.199162686866011,0.709,26.437220450515156,4.199136399829906,0.7095600000000004,25.856912373849756
2024-11-04 17:26:16,4.199491274821859,0.709,28.465495270963004,4.1991561151072405,0.7095200000000004,25.911707995092282
2024-11-04 17:26:17,4.198998392888499,0.709,26.437220450515156,4.1991561151072405,0.7094800000000003,25.92593811992586
2024-11-04 17:26:17,4.199162686866011,0.709,27.80614130216054,4.1991495433481285,0.7094400000000003,25.92593811992586
2024-11-04 17:26:17,4.199819862778808,0.709,27.13035904417916,4.199182402143741,0.7094000000000003,25.939800891799138
2024-11-04 17:26:17,4.199162686866011,0.709,26.437220450515156,4.1991889739028405,0.7093600000000002,25.954031016632698
2024-11-04 17:26:18,4.199491274821859,0.709,26.437220450515156,4.199208689180176,0.7093200000000002,25.982880719067797
2024-11-04 17:26:18,4.198669804934304,0.709,26.437220450515156,4.1992152609392415,0.7092800000000001,25.997110843901375
2024-11-04 17:26:18,4.199984156757696,0.709,27.13035904417916,4.199248119734909,0.7092400000000001,26.03982331820974
2024-11-04 17:26:18,4.199655568800195,0.709,25.72571420883662,4.199254691494042,0.7092000000000002,26.05444289581127
2024-11-04 17:26:19,4.199326980843797,0.709,26.437220450515156,4.199274406771345,0.7091600000000001,26.054442895811263
2024-11-04 17:26:19,4.199655568800195,0.709,25.72571420883662,4.1992875502896,0.7091200000000001,26.069062473412785
2024-11-04 17:26:19,4.198998392888499,0.709,27.13035904417916,4.1992875502896,0.7091200000000001,26.082925245286063
2024-11-04 17:26:19,4.199491274821859,0.709,27.80614130216054,4.199294122048723,0.7091200000000001,26.11030366231898
2024-11-04 17:26:20,4.199984156757696,0.709,26.437220450515156,4.19934012436258,0.7091200000000001,26.169660138830622
2024-11-04 17:26:20,4.199655568800195,0.709,26.437220450515156,4.199359839639947,0.7091200000000001,26.15579736695733
2024-11-04 17:26:20,4.199162686866011,0.708,25.72571420883662,4.1993466961217125,0.7090799999999998,26.200923718635405
2024-11-04 17:26:20,4.199819862778808,0.708,25.72571420883662,4.199379554917326,0.7090399999999997,26.21554329623692
2024-11-04 17:26:21,4.199162686866011,0.708,27.80614130216054,4.199366411399092,0.7089999999999996,26.271771415704915
2024-11-04 17:26:21,4.199326980843797,0.708,27.80614130216054,4.19935983963997,0.7089199999999996,26.343032781039692
2024-11-04 17:26:21,4.199326980843797,0.708,25.72571420883662,4.199353267880848,0.7088399999999995,26.357652358641218
2024-11-04 17:26:21,4.199326980843797,0.708,27.13035904417916,4.1993598396399605,0.7087599999999995,26.35765235864121
2024-11-04 17:26:22,4.199491274821859,0.708,24.2430730354219,4.199386126676384,0.7087199999999995,26.38906904228559
2024-11-04 17:26:22,4.199162686866011,0.708,27.13035904417916,4.199386126676384,0.7086799999999994,26.40293181415887
2024-11-04 17:26:22,4.199655568800195,0.708,26.437220450515156,4.199405841953751,0.7086399999999994,26.41716193899244
2024-11-04 17:26:22,4.200312744716299,0.708,26.437220450515156,4.199451844267762,0.7085999999999992,26.431392063826006
2024-11-04 17:26:23,4.199655568800195,0.708,27.13035904417916,4.199458416026895,0.7085599999999992,26.474104538134384
2024-11-04 17:26:23,4.199326980843797,0.708,27.13035904417916,4.199471559545107,0.7085199999999992,26.487967310007672
2024-11-04 17:26:23,4.199819862778808,0.707,25.72571420883662,4.199497846581619,0.7084399999999992,26.473737185174095
2024-11-04 17:26:23,4.20014845073686,0.707,28.465495270963004,4.199510990099942,0.7083599999999993,26.500439909709776
2024-11-04 17:26:24,4.199655568800195,0.708,27.13035904417916,4.199530705377308,0.7083199999999992,26.514302681583054
2024-11-04 17:26:24,4.199984156757696,0.708,25.72571420883662,4.199550420654741,0.7082799999999991,26.50007255674949
2024-11-04 17:26:24,4.199655568800195,0.708,25.72571420883662,4.199589851209375,0.7082399999999993,26.471979660042635
2024-11-04 17:26:24,4.199655568800195,0.707,24.9947353287605,4.199576707691074,0.7081599999999995,26.44312995760754
2024-11-04 17:26:25,4.199491274821859,0.707,25.72571420883662,4.199570135931942,0.7080799999999995,26.401521415741062
2024-11-04 17:26:25,4.199326980843797,0.707,24.9947353287605,4.1995701359319435,0.7079999999999995,26.386901838139543
2024-11-04 17:26:25,4.199655568800195,0.707,24.9947353287605,4.1995701359319435,0.7079199999999998,26.358052135704447
2024-11-04 17:26:25,4.199326980843797,0.707,27.13035904417916,4.199583279450156,0.7078399999999998,26.431271384089374
2024-11-04 17:26:26,4.199491274821859,0.707,27.80614130216054,4.199583279450156,0.7077599999999998,26.472879925955855
2024-11-04 17:26:26,4.199819862778808,0.707,26.437220450515156,4.199576707691001,0.70768,26.472879925955848
2024-11-04 17:26:26,4.20014845073686,0.707,27.80614130216054,4.199596422968468,0.7076,26.529108045423847
2024-11-04 17:26:26,4.199491274821859,0.707,25.72571420883662,4.199609566486703,0.7075600000000002,26.54372762302537
2024-11-04 17:26:27,4.198834098911264,0.707,25.72571420883662,4.199570135932001,0.7075200000000001,26.502119081158888
2024-11-04 17:26:27,4.199819862778808,0.707,24.9947353287605,4.199596422968514,0.7074800000000002,26.473269378723796
2024-11-04 17:26:27,4.199491274821859,0.707,26.437220450515156,4.199602994727637,0.7074400000000003,26.47326937872379
2024-11-04 17:26:27,4.199655568800195,0.707,25.72571420883662,4.199616138245892,0.7074000000000004,26.502922202192085
2024-11-04 17:26:28,4.199491274821859,0.707,25.72571420883662,4.1996227100050145,0.7073600000000004,26.448126580949555
2024-11-04 17:26:28,4.199819862778808,0.707,24.2430730354219,4.199635853523293,0.7073200000000004,26.40424363264769
2024-11-04 17:26:28,4.20014845073686,0.707,26.437220450515156,4.1996752840781255,0.7072800000000005,26.433093335082784
2024-11-04 17:26:28,4.199655568800195,0.707,24.9947353287605,4.199675284078125,0.7072400000000004,26.390380860774407
2024-11-04 17:26:29,4.199655568800195,0.707,27.80614130216054,4.19964899704148,0.7072000000000004,26.41775927780732
2024-11-04 17:26:29,4.199655568800195,0.707,24.9947353287605,4.199648997041479,0.7071600000000005,26.348344078963272
2024-11-04 17:26:29,4.200312744716299,0.707,26.437220450515156,4.199688427596379,0.7071200000000004,26.348344078963272
2024-11-04 17:26:29,4.199819862778808,0.707,26.437220450515156,4.199688427596379,0.7071200000000004,26.32096566193037
2024-11-04 17:26:29,4.199491274821859,0.707,25.72571420883662,4.199662140559779,0.7071200000000004,26.29287276522352
2024-11-04 17:26:30,4.199491274821859,0.707,25.72571420883662,4.1996555688006465,0.7070800000000006,26.278642640389943
2024-11-04 17:26:30,4.199491274821859,0.707,25.72571420883662,4.199635853523212,0.7070400000000006,26.264412515556376
2024-11-04 17:26:30,4.199819862778808,0.706,24.9947353287605,4.199642425282357,0.7069600000000006,26.235562813121284
2024-11-04 17:26:30,4.199819862778808,0.706,25.72571420883662,4.199648997041502,0.7069200000000007,26.20746991641443
2024-11-04 17:26:31,4.199984156757696,0.706,27.80614130216054,4.199668712318936,0.7068800000000007,26.24907845828091
2024-11-04 17:26:31,4.199819862778808,0.706,25.72571420883662,4.199688427596337,0.7068400000000007,26.234848333447335
2024-11-04 17:26:31,4.199984156757696,0.706,26.437220450515156,4.1997015711146375,0.7068000000000006,26.24907845828091
2024-11-04 17:26:31,4.199655568800195,0.706,26.437220450515156,4.1997147146328935,0.7067600000000006,26.23521568640764
2024-11-04 17:26:32,4.20014845073686,0.706,25.72571420883662,4.199741001669493,0.7067200000000006,26.193607144541147
2024-11-04 17:26:32,4.199491274821859,0.706,24.9947353287605,4.199727858151215,0.7066800000000005,26.164757442106062
2024-11-04 17:26:32,4.199655568800195,0.706,27.80614130216054,4.199708142873748,0.7066400000000005,26.192135859138965
2024-11-04 17:26:33,4.199491274821859,0.706,26.437220450515156,4.199708142873748,0.7066000000000003,26.206365983972535
2024-11-04 17:26:33,4.199819862778808,0.706,27.80614130216054,4.199747573428449,0.7065600000000003,26.247974525839016
2024-11-04 17:26:33,4.199655568800195,0.705,26.437220450515156,4.199741001669304,0.7064800000000001,26.220596108806113
2024-11-04 17:26:33,4.199162686866011,0.705,24.9947353287605,4.1997278581510695,0.7063999999999999,26.16436798933811
2024-11-04 17:26:34,4.199655568800195,0.705,25.72571420883662,4.1997278581510695,0.7063199999999997,26.164367989338118
2024-11-04 17:26:34,4.199326980843797,0.705,25.72571420883662,4.199721286391948,0.7062399999999996,26.13627509263126
2024-11-04 17:26:34,4.199655568800195,0.705,25.72571420883662,4.199714714632803,0.7061599999999996,26.165927916099555
2024-11-04 17:26:34,4.199819862778808,0.705,27.13035904417916,4.199701571114481,0.7060799999999995,26.165927916099548
2024-11-04 17:26:35,4.20014845073686,0.705,26.437220450515156,4.199721286391948,0.7059999999999994,26.165927916099555
2024-11-04 17:26:35,4.199819862778808,0.704,27.13035904417916,4.199727858151093,0.7058799999999994,26.179790687972833
2024-11-04 17:26:35,4.199655568800195,0.704,25.72571420883662,4.199727858151092,0.7057599999999994,26.151697791265978
2024-11-04 17:26:35,4.199491274821859,0.704,24.9947353287605,4.199694999355314,0.7056399999999994,26.10898531695761
2024-11-04 17:26:36,4.199162686866011,0.703,25.72571420883662,4.199668712318803,0.7054799999999994,26.108985316957604
2024-11-04 17:26:36,4.199326980843797,0.703,27.13035904417916,4.19966214055968,0.7053199999999997,26.08228259242193
2024-11-04 17:26:36,4.198669804934304,0.702,26.437220450515156,4.199629281764179,0.7051199999999994,26.06841982054865
2024-11-04 17:26:36,4.199326980843797,0.702,26.437220450515156,4.199622710005056,0.7049199999999993,26.082649945382226
2024-11-04 17:26:36,4.198998392888499,0.702,25.72571420883662,4.199589851209446,0.7047599999999993,26.082649945382226
2024-11-04 17:26:37,4.199491274821859,0.702,26.437220450515156,4.199576707691167,0.7045999999999993,26.111499647817325
2024-11-04 17:26:37,4.198998392888499,0.702,26.437220450515156,4.1995372771364,0.7044399999999993,26.125729772650892
2024-11-04 17:26:37,4.198834098911264,0.701,25.72571420883662,4.199497846581699,0.7042399999999995,26.140349350252407
2024-11-04 17:26:37,4.199655568800195,0.701,25.72571420883662,4.1994847030633995,0.7040399999999996,26.154968927853933
2024-11-04 17:26:38,4.199162686866011,0.701,24.9947353287605,4.199464987786031,0.7038399999999997,26.112256453545555
2024-11-04 17:26:38,4.199326980843797,0.701,27.13035904417916,4.199432128990309,0.7036399999999997,26.098740808385926
2024-11-04 17:26:38,4.199162686866011,0.701,26.437220450515156,4.199418985472074,0.7034399999999998,26.098740808385937
2024-11-04 17:26:38,4.199326980843797,0.701,27.13035904417916,4.199405841953818,0.7032399999999999,26.0852251632263
2024-11-04 17:26:39,4.199162686866011,0.701,24.9947353287605,4.1993926984355845,0.7030399999999999,26.07060558562478
2024-11-04 17:26:39,4.198834098911264,0.7,26.437220450515156,4.199353267880882,0.7028,26.084835710458357
2024-11-04 17:26:39,4.198998392888499,0.7,27.13035904417916,4.199326980844415,0.7026,26.127548184766724
2024-11-04 17:26:39,4.199162686866011,0.701,26.437220450515156,4.199326980844414,0.70244,26.12754818476672
2024-11-04 17:26:40,4.199162686866011,0.701,26.437220450515156,4.199307265567046,0.7022799999999999,26.141778309600305
2024-11-04 17:26:40,4.199162686866011,0.701,24.9947353287605,4.199300693807935,0.7021200000000001,26.127158731998776
2024-11-04 17:26:40,4.199326980843797,0.7,26.437220450515156,4.19928755028968,0.7019200000000002,26.17104168030064
2024-11-04 17:26:40,4.199326980843797,0.7,25.72571420883662,4.199267835012279,0.7017200000000002,26.156811555467065
2024-11-04 17:26:41,4.199491274821859,0.7,24.9947353287605,4.19924154797568,0.7015200000000005,26.156811555467062
2024-11-04 17:26:41,4.199491274821859,0.701,25.72571420883662,4.1992284044574015,0.7014000000000002,26.115203013600585
2024-11-04 17:26:41,4.199655568800195,0.701,27.13035904417916,4.199228404457401,0.7012800000000001,26.157915487908962
2024-11-04 17:26:41,4.199655568800195,0.701,25.72571420883662,4.199234976216533,0.70116,26.14368536307539
2024-11-04 17:26:42,4.199655568800195,0.701,26.437220450515156,4.199254691493899,0.70108,26.143685363075402
2024-11-04 17:26:42,4.198998392888499,0.701,24.2430730354219,4.199241547975688,0.7010000000000001,26.114032539607102
2024-11-04 17:26:42,4.198998392888499,0.701,24.9947353287605,4.199254691493857,0.70096,26.09941296200558
2024-11-04 17:26:42,4.199491274821859,0.701,24.9947353287605,4.199261263252979,0.7009200000000001,26.084793384404062
2024-11-04 17:26:43,4.199491274821859,0.701,24.9947353287605,4.1992809785303145,0.7008800000000001,26.084793384404055
2024-11-04 17:26:43,4.199326980843797,0.701,25.72571420883662,4.199274406771192,0.70084,26.084793384404055
2024-11-04 17:26:43,4.199655568800195,0.701,24.2430730354219,4.1993006938076585,0.7008,26.013532019069284
2024-11-04 17:26:43,4.199162686866011,0.701,24.9947353287605,4.199313837325848,0.7008000000000001,25.998912441467766
2024-11-04 17:26:44,4.199819862778808,0.702,24.9947353287605,4.199320409084993,0.70084,25.97006273903267
2024-11-04 17:26:44,4.20014845073686,0.702,26.437220450515156,4.199359839639828,0.7008800000000001,25.970062739032663
2024-11-04 17:26:44,4.199162686866011,0.702,28.465495270963004,4.199353267880717,0.70092,26.024858360275193
2024-11-04 17:26:44,4.199819862778808,0.701,24.9947353287605,4.199379554917228,0.70092,26.02485836027519
2024-11-04 17:26:45,4.199819862778808,0.701,26.437220450515156,4.199399270194629,0.70092,25.99747994324228
2024-11-04 17:26:45,4.199819862778808,0.701,25.72571420883662,4.19942555723114,0.70092,25.983249818408705
2024-11-04 17:26:45,4.199984156757696,0.701,24.9947353287605,4.199471559544997,0.70096,25.927021698940703
2024-11-04 17:26:45,4.199819862778808,0.701,24.2430730354219,4.1995044183406085,0.7010000000000001,25.883138750638846
2024-11-04 17:26:46,4.199326980843797,0.701,25.72571420883662,4.199510990099721,0.7010000000000001,25.89775832824036
2024-11-04 17:26:46,4.199984156757696,0.701,25.72571420883662,4.199543848895389,0.7010000000000001,25.89775832824036
2024-11-04 17:26:46,4.199984156757696,0.701,24.2430730354219,4.199576707691056,0.7010000000000001,25.86810550477207
2024-11-04 17:26:46,4.199491274821859,0.701,26.437220450515156,4.199583279450179,0.7010400000000001,25.88233562960563
2024-11-04 17:26:47,4.199655568800195,0.701,27.80614130216054,4.199596422968434,0.70108,25.895851274765263
2024-11-04 17:26:47,4.199984156757696,0.701,26.437220450515156,4.199616138245868,0.7011200000000001,25.895851274765274
2024-11-04 17:26:47,4.199984156757696,0.701,24.9947353287605,4.199635853523302,0.7011200000000002,25.853138800456897
2024-11-04 17:26:47,4.199655568800195,0.701,25.72571420883662,4.199635853523302,0.7011200000000002,25.8531388004569
2024-11-04 17:26:48,4.199819862778808,0.701,26.437220450515156,4.199642425282446,0.7011200000000002,25.881988502892
2024-11-04 17:26:48,4.199162686866011,0.701,24.9947353287605,4.1996227100050785,0.7011200000000002,25.867368925290478
2024-11-04 17:26:48,4.199326980843797,0.701,25.72571420883662,4.19963585352329,0.7011200000000002,25.839276028583626
2024-11-04 17:26:48,4.199984156757696,0.701,25.72571420883662,4.199675284078058,0.7011200000000002,25.82504590375006
2024-11-04 17:26:49,4.199819862778808,0.701,26.437220450515156,4.199688427596335,0.7011200000000002,25.82504590375006
2024-11-04 17:26:49,4.20014845073686,0.701,26.437220450515156,4.199714714632935,0.7011200000000004,25.839276028583637
2024-11-04 17:26:49,4.199984156757696,0.7,24.9947353287605,4.199741001669492,0.7010800000000005,25.81042632614854
2024-11-04 17:26:49,4.199984156757696,0.7,24.9947353287605,4.199754145187792,0.7010400000000006,25.781576623713445
2024-11-04 17:26:50,4.199655568800195,0.7,26.437220450515156,4.199773860465158,0.7010000000000005,25.79580674854702
2024-11-04 17:26:50,4.20014845073686,0.7,27.13035904417916,4.199787003983481,0.7009200000000004,25.823899645253864
2024-11-04 17:26:50,4.199984156757696,0.7,26.437220450515156,4.199780432224315,0.7008400000000005,25.85274934768895
2024-11-04 17:26:50,4.199984156757696,0.7,25.72571420883662,4.199813291019982,0.7007600000000004,25.8246564509821
2024-11-04 17:26:51,4.200477038696013,0.7,26.437220450515156,4.199839578056671,0.7007200000000003,25.8246564509821
2024-11-04 17:26:51,4.20014845073686,0.701,25.72571420883662,4.199852721574993,0.7007200000000001,25.796563554275252
2024-11-04 17:26:51,4.199984156757696,0.701,25.72571420883662,4.199859293334148,0.70072,25.81118313187677
2024-11-04 17:26:51,4.199984156757696,0.701,25.72571420883662,4.199859293334148,0.7007199999999999,25.796953007043193
2024-11-04 17:26:52,4.199819862778808,0.7,25.72571420883662,4.199859293334148,0.70068,25.768860110336337
2024-11-04 17:26:52,4.20014845073686,0.7,27.13035904417916,4.199892152129871,0.70064,25.782722882209622
2024-11-04 17:26:52,4.199984156757696,0.7,26.437220450515156,4.1998921521298715,0.7006000000000001,25.78272288220962
2024-11-04 17:26:52,4.199819862778808,0.7,27.13035904417916,4.199885580370716,0.7005600000000001,25.825435356517996
2024-11-04 17:26:53,4.199819862778808,0.7,26.437220450515156,4.199898723888995,0.70052,25.825435356517993
2024-11-04 17:26:53,4.20014845073686,0.7,25.72571420883662,4.199918439166461,0.70048,25.825435356517993
2024-11-04 17:26:53,4.20014845073686,0.7,25.72571420883662,4.199925010925627,0.70044,25.840054934119507
2024-11-04 17:26:53,4.199984156757696,0.7,25.72571420883662,4.199925010925627,0.7003999999999999,25.840054934119507
2024-11-04 17:26:54,4.200477038696013,0.7,24.9947353287605,4.19995786972146,0.7003599999999999,25.797342459811137
2024-11-04 17:26:54,4.199655568800195,0.7,25.72571420883662,4.199951297962315,0.7003199999999999,25.797342459811144
2024-11-04 17:26:54,4.200312744716299,0.7,24.9947353287605,4.199997300276325,0.7002799999999999,25.76849275737605
2024-11-04 17:26:54,4.20014845073686,0.699,24.9947353287605,4.200030159072049,0.7001999999999997,25.783526003242823
2024-11-04 17:26:55,4.200477038696013,0.699,27.13035904417916,4.200049874349581,0.7001199999999996,25.8262384775512
2024-11-04 17:26:55,4.200312744716299,0.699,24.9947353287605,4.2000695896270805,0.7000399999999997,25.826238477551197
2024-11-04 17:26:55,4.200477038696013,0.7,27.13035904417916,4.200082733145447,0.6999999999999998,25.868950951859574
2024-11-04 17:26:55,4.200312744716299,0.7,25.72571420883662,4.2000958766637915,0.7000000000000002,25.868950951859578
2024-11-04 17:26:56,4.20014845073686,0.7,25.72571420883662,4.200102448422958,0.7000000000000002,25.898603775327874
2024-11-04 17:26:56,4.200312744716299,0.7,22.672238853203226,4.200128735459601,0.7000000000000002,25.852153845816723
2024-11-04 17:26:56,4.199655568800195,0.7,24.9947353287605,4.200109020182134,0.7,25.85215384581673
2024-11-04 17:26:56,4.200641332676002,0.7,26.437220450515156,4.200135307218867,0.7,25.85215384581673
2024-11-04 17:26:57,4.199984156757696,0.7,27.13035904417916,4.200135307218867,0.7,25.825451121281045
2024-11-04 17:26:57,4.20014845073686,0.699,24.9947353287605,4.2001221637005015,0.6999599999999999,25.82545112128105
2024-11-04 17:26:57,4.200312744716299,0.699,26.437220450515156,4.2001287354596775,0.6998799999999997,25.82545112128105
2024-11-04 17:26:57,4.199819862778808,0.7,26.437220450515156,4.200122163700523,0.6998399999999999,25.839681246114623
2024-11-04 17:26:58,4.200805626656267,0.7,24.9947353287605,4.200155022496465,0.6998000000000002,25.83968124611462
2024-11-04 17:26:58,4.200312744716299,0.7,26.437220450515156,4.200174737773964,0.6998000000000002,25.883564194416486
2024-11-04 17:26:58,4.20014845073686,0.7,25.72571420883662,4.200174737773965,0.6998000000000001,25.883564194416486
2024-11-04 17:26:58,4.200477038696013,0.7,24.9947353287605,4.200194453051498,0.6998000000000001,25.868944616814957
2024-11-04 17:26:59,4.200477038696013,0.699,25.72571420883662,4.200220740088187,0.6997599999999998,25.898597440283257
2024-11-04 17:26:59,4.20014845073686,0.699,25.72571420883662,4.20023388360651,0.6997199999999997,25.88436731544968
2024-11-04 17:26:59,4.200312744716299,0.699,25.72571420883662,4.2002404553656865,0.6996799999999997,25.8427587735832
2024-11-04 17:26:59,4.200312744716299,0.699,24.2430730354219,4.200247027124863,0.6996399999999997,25.798875825281343
2024-11-04 17:27:00,4.200477038696013,0.699,25.72571420883662,4.2002667424023965,0.6995999999999998,25.813495402882864
2024-11-04 17:27:00,4.199162686866011,0.698,26.437220450515156,4.200214168329197,0.69952,25.82772552771644
2024-11-04 17:27:00,4.199655568800195,0.698,23.469396624933097,4.200214168329196,0.6994400000000002,25.768369051204797
2024-11-04 17:27:00,4.198669804934304,0.695,24.2430730354219,4.200148450737916,0.6992400000000001,25.75333580533803
2024-11-04 17:27:01,4.198834098911264,0.695,25.72571420883662,4.200095876664893,0.6990800000000001,25.75333580533802
2024-11-04 17:27:01,4.199162686866011,0.695,25.72571420883662,4.200043302591692,0.6989200000000002,25.75333580533802
2024-11-04 17:27:01,4.199326980843797,0.692,26.437220450515156,4.200003872036792,0.6986400000000001,25.75333580533802
2024-11-04 17:27:01,4.199162686866011,0.692,25.72571420883662,4.199951297963591,0.6983200000000003,25.739105680504455
2024-11-04 17:27:02,4.199491274821859,0.693,26.437220450515156,4.199918439167814,0.6980400000000002,25.767955382939544
2024-11-04 17:27:02,4.199162686866011,0.693,24.9947353287605,4.199879008612981,0.6977600000000002,25.767955382939547
2024-11-04 17:27:02,4.199491274821859,0.693,24.2430730354219,4.199846149817204,0.6974800000000001,25.724072434637684
2024-11-04 17:27:02,4.199326980843797,0.693,25.72571420883662,4.199833006298948,0.6972,25.695979537930825
2024-11-04 17:27:03,4.199655568800195,0.693,24.9947353287605,4.199793575743916,0.6969200000000001,25.66712983549574
2024-11-04 17:27:03,4.199491274821859,0.693,26.437220450515156,4.1997738604664825,0.6966400000000001,25.6813599603293
2024-11-04 17:27:03,4.199491274821859,0.693,25.72571420883662,4.199747573429883,0.6964000000000001,25.667129835495736
2024-11-04 17:27:03,4.199326980843797,0.693,26.437220450515156,4.199708142874983,0.6961600000000001,25.6813599603293
2024-11-04 17:27:04,4.199984156757696,0.693,26.437220450515156,4.199714714634138,0.6958800000000003,25.695590085162877
2024-11-04 17:27:04,4.199326980843797,0.693,26.437220450515156,4.1996555688016395,0.6956000000000003,25.70982020999645
2024-11-04 17:27:04,4.199491274821859,0.693,24.2430730354219,4.199622710005862,0.6953200000000004,25.68016738652816
2024-11-04 17:27:04,4.199819862778808,0.693,25.72571420883662,4.19960956648754,0.6950400000000004,25.652074489821317
2024-11-04 17:27:05,4.198998392888499,0.693,24.9947353287605,4.19955042065524,0.6947600000000006,25.62322478738621
2024-11-04 17:27:05,4.199326980843797,0.693,27.80614130216054,4.199504418341151,0.6945200000000006,25.636740432545842
2024-11-04 17:27:05,4.199655568800195,0.693,24.9947353287605,4.199484703063685,0.6942800000000006,25.607890730110757
2024-11-04 17:27:05,4.199491274821859,0.693,27.13035904417916,4.199451844267907,0.6940400000000005,25.635983626817602
2024-11-04 17:27:06,4.199491274821859,0.693,21.84997632024192,4.199418985472129,0.6938000000000005,25.55846886904571
2024-11-04 17:27:06,4.199326980843797,0.693,25.72571420883662,4.199372983158041,0.6935600000000004,25.5584688690457
2024-11-04 17:27:06,4.199819862778808,0.693,25.72571420883662,4.199399270194553,0.6933600000000004,25.573088446647226
2024-11-04 17:27:06,4.199819862778808,0.693,27.13035904417916,4.199405841953697,0.6931600000000004,25.60118134335407
2024-11-04 17:27:07,4.199491274821859,0.693,27.13035904417916,4.199438700749199,0.6930800000000004,25.64389381766245
2024-11-04 17:27:07,4.199491274821859,0.693,27.13035904417916,4.199464987785623,0.6930000000000004,25.686606291970815
2024-11-04 17:27:07,4.20014845073686,0.693,27.13035904417916,4.199504418340457,0.6929200000000003,25.68660629197082
2024-11-04 17:27:07,4.199984156757696,0.693,25.72571420883662,4.199530705377013,0.6929600000000004,25.701225869572344
2024-11-04 17:27:08,4.199819862778808,0.693,25.72571420883662,4.199556992413525,0.6930000000000004,25.67313297286549
2024-11-04 17:27:08,4.199819862778808,0.693,25.72571420883662,4.199570135931803,0.6930000000000004,25.67313297286549
2024-11-04 17:27:08,4.199655568800195,0.692,25.72571420883662,4.199589851209169,0.6929600000000005,25.67313297286549
2024-11-04 17:27:08,4.199162686866011,0.692,27.13035904417916,4.199576707690935,0.6929200000000004,25.762295376685003
2024-11-04 17:27:08,4.199984156757696,0.692,24.9947353287605,4.19960299472749,0.6928800000000004,25.762295376685007
2024-11-04 17:27:09,4.199655568800195,0.693,25.72571420883662,4.19960299472749,0.6928800000000003,25.74806525185143
2024-11-04 17:27:09,4.199491274821859,0.693,26.437220450515156,4.19960299472749,0.6928800000000003,25.734202479978148
2024-11-04 17:27:09,4.199819862778808,0.692,25.72571420883662,4.1996161382457675,0.6928400000000003,25.748822057579673
2024-11-04 17:27:09,4.199491274821859,0.692,24.9947353287605,4.199622710004891,0.6928000000000003,25.719972355144577
2024-11-04 17:27:10,4.199655568800195,0.692,24.9947353287605,4.19960956648659,0.6927600000000003,25.691122652709492
2024-11-04 17:27:10,4.199984156757696,0.692,26.437220450515156,4.199635853523146,0.6927200000000002,25.71997235514458
2024-11-04 17:27:10,4.199819862778808,0.692,28.465495270963004,4.199648997041424,0.6926800000000002,25.760537851553543
2024-11-04 17:27:10,4.199819862778808,0.692,27.13035904417916,4.199648997041425,0.6926400000000001,25.7886307482604
2024-11-04 17:27:11,4.200312744716299,0.692,24.9947353287605,4.199701571114536,0.6926000000000001,25.788630748260402
2024-11-04 17:27:11,4.20014845073686,0.692,24.9947353287605,4.19973442991026,0.69256,25.774011170658873
2024-11-04 17:27:11,4.199819862778808,0.692,24.9947353287605,4.199741001669405,0.6925199999999999,25.75939159305735
2024-11-04 17:27:11,4.199326980843797,0.692,25.72571420883662,4.199734429910282,0.6924800000000001,25.75939159305735
2024-11-04 17:27:12,4.199984156757696,0.691,24.9947353287605,4.199754145187715,0.6924000000000001,25.77442483892412
2024-11-04 17:27:12,4.199491274821859,0.691,24.9947353287605,4.199760716946837,0.6923200000000003,25.759805261322597
2024-11-04 17:27:12,4.199984156757696,0.692,23.469396624933097,4.199767288705994,0.6922800000000001,25.700448784810956
2024-11-04 17:27:12,4.199655568800195,0.692,24.9947353287605,4.199760716946848,0.6922399999999999,25.73095555888751
2024-11-04 17:27:13,4.200312744716299,0.692,24.9947353287605,4.199793575742626,0.6921999999999998,25.745988804754283
2024-11-04 17:27:13,4.199819862778808,0.691,24.9947353287605,4.199806719260904,0.6921200000000001,25.731369227152754
2024-11-04 17:27:13,4.200312744716299,0.691,26.437220450515156,4.199813291020082,0.6920400000000001,25.74559935198633
2024-11-04 17:27:13,4.20014845073686,0.692,24.9947353287605,4.199819862779248,0.6920000000000001,25.716749649551232
2024-11-04 17:27:14,4.20014845073686,0.692,25.72571420883662,4.19983300629757,0.6919599999999998,25.71674964955124
2024-11-04 17:27:14,4.200477038696013,0.691,26.437220450515156,4.199859293334259,0.6918799999999998,25.71674964955124
2024-11-04 17:27:14,4.199819862778808,0.691,27.13035904417916,4.199865865093403,0.6918400000000001,25.759462123859606
2024-11-04 17:27:14,4.199984156757696,0.691,26.437220450515156,4.19989872388907,0.6918000000000001,25.803345072161473
2024-11-04 17:27:15,4.199655568800195,0.691,26.437220450515156,4.199885580370769,0.69176,25.817575196995048
2024-11-04 17:27:15,4.199655568800195,0.691,26.437220450515156,4.199885580370769,0.6916800000000001,25.846424899430147
2024-11-04 17:27:15,4.200312744716299,0.691,25.72571420883662,4.199918439166547,0.6916,25.832194774596573
2024-11-04 17:27:15,4.199984156757696,0.691,25.72571420883662,4.1999250109257025,0.69156,25.832194774596573
2024-11-04 17:27:16,4.20014845073686,0.691,26.437220450515156,4.199951297962303,0.6915199999999999,25.832194774596566
2024-11-04 17:27:16,4.200477038696013,0.691,26.437220450515156,4.199984156758136,0.6914799999999999,25.832194774596573
2024-11-04 17:27:16,4.199984156757696,0.691,26.437220450515156,4.199984156758136,0.6914399999999999,25.832194774596573
2024-11-04 17:27:16,4.200312744716299,0.691,25.72571420883662,4.2000038720356345,0.6913999999999999,25.86184759806487
2024-11-04 17:27:17,4.20014845073686,0.691,25.72571420883662,4.200017015553957,0.6913599999999999,25.86184759806486
2024-11-04 17:27:17,4.200477038696013,0.691,26.437220450515156,4.2000235873131455,0.6913199999999997,25.89069730049996
2024-11-04 17:27:17,4.199326980843797,0.691,25.72571420883662,4.199990728517424,0.6912799999999997,25.84908875863347
2024-11-04 17:27:17,4.20014845073686,0.691,26.437220450515156,4.200003872035747,0.6912399999999999,25.87793846106857
2024-11-04 17:27:18,4.199984156757696,0.691,25.72571420883662,4.200030159072304,0.6911999999999998,25.849845564361722
2024-11-04 17:27:18,4.199984156757696,0.691,26.437220450515156,4.200030159072303,0.6911999999999998,25.941590446967183
2024-11-04 17:27:18,4.200312744716299,0.691,26.437220450515156,4.2000630178680805,0.6911999999999998,25.95582057180076
2024-11-04 17:27:18,4.20014845073686,0.691,25.72571420883662,4.200069589627247,0.6911599999999999,25.95582057180075
2024-11-04 17:27:19,4.199984156757696,0.691,25.72571420883662,4.200082733145547,0.6911199999999998,25.9277276750939
2024-11-04 17:27:19,4.20014845073686,0.691,26.437220450515156,4.200076161386369,0.6910799999999999,25.913864903220627
2024-11-04 17:27:19,4.200477038696013,0.691,25.72571420883662,4.200102448423058,0.6910799999999999,25.885772006513772
2024-11-04 17:27:19,4.199984156757696,0.691,25.72571420883662,4.200089304904713,0.6910799999999999,25.857679109806924
2024-11-04 17:27:20,4.200312744716299,0.691,25.72571420883662,4.200095876663889,0.6910399999999999,25.857679109806913
2024-11-04 17:27:20,4.199984156757696,0.69,27.80614130216054,4.200089304904723,0.6909599999999996,25.899287651673394
2024-11-04 17:27:20,4.200477038696013,0.69,26.437220450515156,4.200089304904724,0.6909199999999995,25.913517776506968
2024-11-04 17:27:20,4.20014845073686,0.69,27.13035904417916,4.200102448423046,0.6908799999999996,25.941610673213813
2024-11-04 17:27:21,4.200312744716299,0.69,25.72571420883662,4.2001155919413895,0.6908399999999998,25.913517776506968
2024-11-04 17:27:21,4.199984156757696,0.69,25.72571420883662,4.20012873545969,0.6907999999999999,25.928137354108493
2024-11-04 17:27:21,4.199819862778808,0.69,25.72571420883662,4.200135307218835,0.6907599999999999,25.928137354108486
2024-11-04 17:27:21,4.200641332676002,0.69,27.80614130216054,4.200148450737223,0.69072,25.95551577114139
2024-11-04 17:27:22,4.200805626656267,0.69,28.465495270963004,4.200181309533166,0.6906800000000001,26.01031139238392
2024-11-04 17:27:22,4.200312744716299,0.69,24.9947353287605,4.200187881292343,0.6906400000000003,26.010311392383922
2024-11-04 17:27:22,4.199984156757696,0.69,24.9947353287605,4.2001681660148105,0.6906000000000003,26.01031139238393
2024-11-04 17:27:22,4.200312744716299,0.69,24.2430730354219,4.2001813095331535,0.6905600000000004,25.966428444082062
2024-11-04 17:27:23,4.200312744716299,0.69,25.72571420883662,4.200181309533153,0.6905200000000005,25.911632822839536
2024-11-04 17:27:23,4.200969920636808,0.69,26.437220450515156,4.2002141683291505,0.6904800000000005,25.897770050966255
2024-11-04 17:27:23,4.20014845073686,0.69,24.2430730354219,4.200201024810785,0.6904400000000005,25.88273680509949
2024-11-04 17:27:23,4.200312744716299,0.69,23.469396624933097,4.200240455365685,0.6904000000000005,25.852230031022938
2024-11-04 17:27:24,4.200641332676002,0.69,25.72571420883662,4.200260170643251,0.6903600000000004,25.866849608624463
2024-11-04 17:27:24,4.200477038696013,0.69,24.2430730354219,4.200279885920784,0.6903200000000004,25.83719678515617
2024-11-04 17:27:24,4.200969920636808,0.69,26.437220450515156,4.200319316475948,0.6902800000000003,25.866046487591255
2024-11-04 17:27:24,4.200312744716299,0.69,24.2430730354219,4.200319316475948,0.6902400000000003,25.85101324172449
2024-11-04 17:27:25,4.199984156757696,0.689,24.9947353287605,4.200312744716781,0.6901600000000003,25.881520015801033
2024-11-04 17:27:25,4.200477038696013,0.689,27.13035904417916,4.200332459994314,0.6900800000000004,25.92423249010941
2024-11-04 17:27:25,4.200641332676002,0.69,23.469396624933097,4.200352175271881,0.6900400000000002,25.893725716032858
2024-11-04 17:27:25,4.200805626656267,0.69,23.469396624933097,4.200365318790291,0.6900000000000002,25.863218941956315
2024-11-04 17:27:26,4.20014845073686,0.69,24.9947353287605,4.200371890549459,0.6899600000000001,25.83436923952122
2024-11-04 17:27:26,4.200312744716299,0.69,25.72571420883662,4.200371890549459,0.6899200000000002,25.848988817122734
2024-11-04 17:27:26,4.20014845073686,0.69,24.9947353287605,4.200378462308624,0.6899200000000002,25.834369239521216
2024-11-04 17:27:26,4.200641332676002,0.689,25.72571420883662,4.200385034067824,0.6898800000000003,25.820139114687645
2024-11-04 17:27:27,4.200969920636808,0.689,27.80614130216054,4.200417892863823,0.6898400000000002,25.833654759847278
2024-11-04 17:27:27,4.200805626656267,0.689,25.72571420883662,4.200437608141422,0.6898000000000002,25.819424635013704
2024-11-04 17:27:27,4.200641332676002,0.689,27.13035904417916,4.200463895178153,0.6897600000000002,25.83328740688698
2024-11-04 17:27:27,4.200969920636808,0.689,25.72571420883662,4.200509897492473,0.6897200000000001,25.819057282053418
2024-11-04 17:27:28,4.200477038696013,0.689,26.437220450515156,4.200503325733273,0.6896800000000001,25.833287406886985
2024-11-04 17:27:28,4.200477038696013,0.689,26.437220450515156,4.200490182214863,0.6896400000000001,25.84751753172056
2024-11-04 17:27:28,4.200805626656267,0.689,28.465495270963004,4.200509897492463,0.6896000000000001,25.888083028129515
2024-11-04 17:27:28,4.200477038696013,0.689,25.72571420883662,4.200529612769995,0.6895600000000001,25.873852903295948
2024-11-04 17:27:29,4.200641332676002,0.689,24.2430730354219,4.2005427562883835,0.68952,25.82996995499407
2024-11-04 17:27:29,4.20014845073686,0.689,24.9947353287605,4.200536184529207,0.68948,25.815350377392562
2024-11-04 17:27:29,4.200477038696013,0.689,26.437220450515156,4.200516469251576,0.6894399999999998,25.829580502226126
2024-11-04 17:27:29,4.200641332676002,0.689,24.2430730354219,4.200536184529142,0.6893999999999998,25.78569755392427
2024-11-04 17:27:30,4.200805626656267,0.689,26.437220450515156,4.20055589980674,0.68936,25.799927678757832
2024-11-04 17:27:30,4.200641332676002,0.689,24.9947353287605,4.200555899806741,0.6893199999999999,25.771077976322736
2024-11-04 17:27:30,4.200805626656267,0.689,27.13035904417916,4.2005690433251495,0.6892799999999998,25.79917087302959
2024-11-04 17:27:30,4.200969920636808,0.688,24.9947353287605,4.2005690433251495,0.6892,25.770321170594492
2024-11-04 17:27:31,4.201134214617624,0.688,24.9947353287605,4.2006019021212015,0.6891200000000001,25.741471468159396
2024-11-04 17:27:31,4.200477038696013,0.688,27.13035904417916,4.200621617398735,0.68908,25.769564364866252
2024-11-04 17:27:31,4.200477038696013,0.689,25.72571420883662,4.200621617398735,0.68908,25.769564364866245
2024-11-04 17:27:31,4.200477038696013,0.689,27.13035904417916,4.200615045639535,0.6890399999999999,25.783427136739533
2024-11-04 17:27:32,4.200969920636808,0.688,26.437220450515156,4.200621617398755,0.6889599999999999,25.797657261573093
2024-11-04 17:27:32,4.200805626656267,0.688,23.469396624933097,4.200647904435531,0.68888,25.752530909895025
2024-11-04 17:27:32,4.200312744716299,0.688,25.72571420883662,4.200647904435531,0.6888,25.752530909895032
2024-11-04 17:27:32,4.200641332676002,0.688,24.2430730354219,4.200667619713097,0.6887199999999999,25.68126954456025
2024-11-04 17:27:33,4.200805626656267,0.688,25.72571420883662,4.200674191472308,0.6886799999999998,25.667039419726688
2024-11-04 17:27:33,4.200805626656267,0.688,25.72571420883662,4.200667619713086,0.6886399999999998,25.638946523019833
2024-11-04 17:27:33,4.200805626656267,0.688,27.80614130216054,4.200667619713086,0.6885999999999997,25.68055506488632
2024-11-04 17:27:33,4.200641332676002,0.688,25.72571420883662,4.200667619713086,0.6885599999999996,25.680555064886313
2024-11-04 17:27:34,4.200805626656267,0.688,27.13035904417916,4.200661047953864,0.6885199999999998,25.708647961593165
2024-11-04 17:27:34,4.200969920636808,0.688,24.2430730354219,4.200680763231495,0.6884799999999998,25.637386596258395
2024-11-04 17:27:34,4.200477038696013,0.688,27.13035904417916,4.200680763231496,0.6884399999999998,25.61068387172271
2024-11-04 17:27:34,4.200969920636808,0.688,26.437220450515156,4.200687334990717,0.6883999999999998,25.639533574157802
2024-11-04 17:27:35,4.201462802580083,0.688,25.72571420883662,4.200726765546082,0.6883599999999997,25.65415315175932
2024-11-04 17:27:35,4.200805626656267,0.688,27.13035904417916,4.200733337305292,0.6883199999999996,25.71189887193447
2024-11-04 17:27:35,4.200641332676002,0.688,25.72571420883662,4.200753052582858,0.6882799999999998,25.711898871934473
2024-11-04 17:27:35,4.200969920636808,0.688,26.437220450515156,4.200772767860489,0.6882399999999997,25.71189887193448
2024-11-04 17:27:36,4.200969920636808,0.688,25.72571420883662,4.2007859113789205,0.6881999999999997,25.74155169540277
2024-11-04 17:27:36,4.200805626656267,0.688,27.80614130216054,4.20078591137892,0.6881599999999998,25.82828658894732
2024-11-04 17:27:36,4.200805626656267,0.688,25.72571420883662,4.200792483138131,0.6881199999999997,25.82828658894732
2024-11-04 17:27:36,4.200969920636808,0.688,24.2430730354219,4.200799054897352,0.6880799999999998,25.828286588947318
2024-11-04 17:27:37,4.200641332676002,0.688,24.9947353287605,4.20078591137892,0.6880799999999998,25.79943688651223
2024-11-04 17:27:37,4.200969920636808,0.688,23.469396624933097,4.200779339619687,0.6880799999999998,25.783963358302447
2024-11-04 17:27:37,4.201134214617624,0.688,27.80614130216054,4.2008056266565506,0.6880799999999998,25.840191477770446
2024-11-04 17:27:37,4.200641332676002,0.688,24.9947353287605,4.200812198415751,0.6880399999999998,25.797479003462076
2024-11-04 17:27:38,4.201134214617624,0.688,27.13035904417916,4.200838485452615,0.6879999999999997,25.870698251846992
2024-11-04 17:27:38,4.201627096561725,0.688,27.13035904417916,4.200864772489613,0.6879999999999997,25.94391750023192
2024-11-04 17:27:38,4.201134214617624,0.688,27.80614130216054,4.200877916008067,0.6879999999999997,26.000145619699914
2024-11-04 17:27:38,4.200641332676002,0.687,26.437220450515156,4.200891059526456,0.6879599999999995,26.014375744533492
2024-11-04 17:27:39,4.201134214617624,0.687,25.72571420883662,4.200910774804121,0.6879199999999994,26.028995322135014
2024-11-04 17:27:39,4.200805626656267,0.687,26.437220450515156,4.200910774804121,0.6878799999999995,26.04322544696859
2024-11-04 17:27:39,4.201298508598716,0.687,24.9947353287605,4.200930490081817,0.6878399999999997,25.986997327500582
2024-11-04 17:27:39,4.201298508598716,0.686,25.72571420883662,4.200950205359516,0.6877599999999998,25.986997327500585
2024-11-04 17:27:39,4.200805626656267,0.686,26.437220450515156,4.200956777118726,0.68768,25.97313455562731
2024-11-04 17:27:40,4.201298508598716,0.686,25.72571420883662,4.200976492396424,0.6876000000000001,25.97313455562731
2024-11-04 17:27:40,4.201627096561725,0.687,26.437220450515156,4.201002779433422,0.68756,25.97313455562731
2024-11-04 17:27:40,4.201298508598716,0.687,25.72571420883662,4.20103563822953,0.6875199999999999,25.958904430793737
2024-11-04 17:27:40,4.200641332676002,0.687,25.72571420883662,4.201022494711099,0.6874800000000001,25.904108809551207
2024-11-04 17:27:41,4.201134214617624,0.686,25.72571420883662,4.201009351192599,0.6874000000000002,25.904108809551207
2024-11-04 17:27:41,4.201134214617624,0.686,24.9947353287605,4.2010224947110535,0.6873200000000004,25.919142055417975
2024-11-04 17:27:41,4.201298508598716,0.686,24.2430730354219,4.201048781747962,0.6872400000000005,25.904108809551207
2024-11-04 17:27:41,4.201298508598716,0.686,24.9947353287605,4.201061925266438,0.6871600000000003,25.87525910711611
2024-11-04 17:27:42,4.201462802580083,0.687,25.72571420883662,4.201081640544169,0.6871200000000002,25.904911930584404
2024-11-04 17:27:42,4.201298508598716,0.687,26.437220450515156,4.2011013558218675,0.68708,25.904911930584404
2024-11-04 17:27:42,4.201462802580083,0.687,27.13035904417916,4.20112764285882,0.68704,25.94762440489278
2024-11-04 17:27:42,4.201298508598716,0.686,25.72571420883662,4.201140786377296,0.6869600000000001,25.919531508185926
2024-11-04 17:27:43,4.201462802580083,0.686,27.13035904417916,4.201173645173459,0.6868800000000002,25.962243982494307
2024-11-04 17:27:43,4.201298508598716,0.686,26.437220450515156,4.201186788691936,0.6868000000000002,25.9910936849294
2024-11-04 17:27:43,4.200969920636808,0.686,24.9947353287605,4.201180216932703,0.6867200000000001,25.948381210621022
2024-11-04 17:27:43,4.201791390543644,0.686,27.13035904417916,4.20122621924741,0.6866400000000001,25.976474107327878
2024-11-04 17:27:44,4.201298508598716,0.686,26.437220450515156,4.201232791006653,0.6865600000000001,25.962611335454604
2024-11-04 17:27:44,4.201134214617624,0.686,25.72571420883662,4.201213075728889,0.6864800000000001,25.94838121062103
2024-11-04 17:27:44,4.201298508598716,0.687,25.72571420883662,4.201219647488132,0.68644,25.99350756229909
2024-11-04 17:27:44,4.201462802580083,0.687,25.72571420883662,4.201252506284295,0.6864399999999999,25.99350756229909
2024-11-04 17:27:45,4.201791390543644,0.687,26.437220450515156,4.201278793321336,0.6864399999999999,26.037390510600954
2024-11-04 17:27:45,4.201298508598716,0.687,24.2430730354219,4.201298508599033,0.68644,26.00773768713266
2024-11-04 17:27:45,4.201298508598716,0.687,26.437220450515156,4.201298508599033,0.68644,26.021967811966235
2024-11-04 17:27:45,4.201298508598716,0.687,24.2430730354219,4.201298508599033,0.68648,25.95070644663146
2024-11-04 17:27:46,4.201627096561725,0.687,24.2430730354219,4.201331367395252,0.68652,25.92105362316316
2024-11-04 17:27:46,4.201134214617624,0.687,26.437220450515156,4.201324795636008,0.6865600000000001,25.907190851289887
2024-11-04 17:27:46,4.201627096561725,0.687,24.9947353287605,4.201324795636009,0.6865600000000001,25.922224097156654
2024-11-04 17:27:46,4.201462802580083,0.687,27.13035904417916,4.201331367395265,0.6865600000000002,25.922224097156658
2024-11-04 17:27:47,4.201791390543644,0.686,25.72571420883662,4.20137736970997,0.6865200000000002,25.907993972323094
2024-11-04 17:27:47,4.201462802580083,0.686,27.13035904417916,4.201390513228469,0.6865200000000006,25.936086869029936
2024-11-04 17:27:47,4.201955684525837,0.686,25.72571420883662,4.201423372024798,0.6865200000000006,25.907993972323094
2024-11-04 17:27:47,4.200969920636808,0.686,26.437220450515156,4.2014102285063215,0.6865200000000005,25.92222409715667
2024-11-04 17:27:48,4.202119978508306,0.686,26.437220450515156,4.201443087302705,0.6865200000000005,25.92222409715667
2024-11-04 17:27:48,4.201134214617624,0.686,25.72571420883662,4.2014299437842055,0.6864800000000002,25.922224097156658
2024-11-04 17:27:48,4.200969920636808,0.686,26.437220450515156,4.201416800265729,0.6864400000000002,25.894845680123755
2024-11-04 17:27:48,4.201134214617624,0.685,26.437220450515156,4.201403656747231,0.6863600000000002,25.90907580495733
2024-11-04 17:27:49,4.201298508598716,0.685,26.437220450515156,4.201403656747229,0.6863200000000002,25.9529587532592
2024-11-04 17:27:49,4.201462802580083,0.686,25.72571420883662,4.201403656747229,0.68632,25.967578330860714
2024-11-04 17:27:49,4.201627096561725,0.686,27.13035904417916,4.2014168002657515,0.6863199999999999,26.04079757924564
2024-11-04 17:27:49,4.201462802580083,0.686,25.72571420883662,4.201436515543483,0.6863199999999999,25.999189037379164
2024-11-04 17:27:50,4.201462802580083,0.686,26.437220450515156,4.201423372024941,0.6863199999999998,26.028038739814257
2024-11-04 17:27:50,4.201462802580083,0.686,24.9947353287605,4.201429943784197,0.6863199999999999,25.98532626550588
2024-11-04 17:27:50,4.201791390543644,0.685,27.80614130216054,4.201456230821237,0.68628,25.99884191066551
2024-11-04 17:27:50,4.201627096561725,0.685,26.437220450515156,4.201469374339759,0.6862,25.9714634936326
2024-11-04 17:27:51,4.201462802580083,0.685,25.72571420883662,4.201469374339759,0.68612,25.957233368799024
2024-11-04 17:27:51,4.201627096561725,0.685,27.80614130216054,4.201462802580483,0.68604,25.998841910665497
2024-11-04 17:27:51,4.201791390543644,0.685,27.13035904417916,4.201482517858279,0.6859599999999999,26.012704682538782
2024-11-04 17:27:51,4.201791390543644,0.685,23.469396624933097,4.201502233136075,0.6858799999999999,25.98219790846223
2024-11-04 17:27:52,4.201791390543644,0.685,27.13035904417916,4.201521948413872,0.6857999999999999,26.010290805169085
2024-11-04 17:27:52,4.201462802580083,0.685,27.13035904417916,4.201515376654606,0.6857199999999999,26.024153577042362
2024-11-04 17:27:52,4.201462802580083,0.685,26.437220450515156,4.201528520173104,0.6856399999999998,26.038383701875937
2024-11-04 17:27:52,4.201627096561725,0.685,27.80614130216054,4.201528520173104,0.6855599999999998,26.065762118908843
2024-11-04 17:27:53,4.201791390543644,0.685,25.72571420883662,4.201541663691646,0.6854799999999998,26.065762118908843
2024-11-04 17:27:53,4.202284272491052,0.685,27.13035904417916,4.201561378969543,0.6854399999999997,26.093855015615695
2024-11-04 17:27:53,4.201791390543644,0.685,27.80614130216054,4.201574522488085,0.6853999999999997,26.13546355748217
2024-11-04 17:27:53,4.202119978508306,0.685,27.80614130216054,4.201581094247383,0.6853599999999996,26.19169167695017
2024-11-04 17:27:54,4.202119978508306,0.685,25.72571420883662,4.201627096562244,0.6853199999999997,26.221344500418464
2024-11-04 17:27:54,4.201791390543644,0.685,26.437220450515156,4.201613953043657,0.6852799999999997,26.250194202853564
2024-11-04 17:27:54,4.201955684525837,0.685,26.437220450515156,4.201646811839986,0.6852399999999996,26.264424327687138
2024-11-04 17:27:54,4.201791390543644,0.685,24.9947353287605,4.201679670636258,0.6851999999999997,26.235574625252042
2024-11-04 17:27:55,4.201955684525837,0.685,26.437220450515156,4.201712529432586,0.6851999999999997,26.221711853378764
2024-11-04 17:27:55,4.201955684525837,0.685,27.13035904417916,4.201738816469671,0.6851999999999997,26.24980475008561
2024-11-04 17:27:55,4.201298508598716,0.685,25.72571420883662,4.201732244710417,0.6851599999999998,26.221711853378764
2024-11-04 17:27:55,4.201791390543644,0.684,23.469396624933097,4.201738816469693,0.6850799999999996,26.162355376867122
2024-11-04 17:27:56,4.201791390543644,0.684,24.2430730354219,4.201751959988236,0.6849999999999994,26.147322131000347
2024-11-04 17:27:56,4.202119978508306,0.685,25.72571420883662,4.201778247025365,0.6849599999999997,26.1192292342935
2024-11-04 17:27:56,4.202119978508306,0.685,27.80614130216054,4.201804534062494,0.6849199999999999,26.146607651326402
2024-11-04 17:27:56,4.202119978508306,0.685,23.469396624933097,4.201817677581081,0.6849199999999999,26.101481299648327
2024-11-04 17:27:57,4.202284272491052,0.684,26.437220450515156,4.201843964618254,0.6848799999999997,26.115711424481898
2024-11-04 17:27:57,4.201134214617624,0.684,24.9947353287605,4.2018308210997555,0.6848399999999997,26.101091846880376
2024-11-04 17:27:57,4.201791390543644,0.684,24.9947353287605,4.201837392859031,0.6847999999999997,26.07224214444528
2024-11-04 17:27:57,4.201791390543644,0.684,26.437220450515156,4.201837392859031,0.6847599999999998,26.11612509274715
2024-11-04 17:27:58,4.201627096561725,0.684,25.72571420883662,4.2018308210997555,0.68472,26.101894967913577
2024-11-04 17:27:58,4.201791390543644,0.684,25.72571420883662,4.2018308210997555,0.6846800000000001,26.131547791381873
2024-11-04 17:27:58,4.201462802580083,0.684,25.72571420883662,4.201830821099756,0.6846400000000001,26.161200614850166
2024-11-04 17:27:58,4.202284272491052,0.684,26.437220450515156,4.201863679896195,0.6846000000000002,26.161200614850166
2024-11-04 17:27:59,4.201791390543644,0.684,26.437220450515156,4.201870251655471,0.6845600000000002,26.19005031728526
2024-11-04 17:27:59,4.201955684525837,0.684,26.437220450515156,4.201876823414759,0.6845200000000001,26.176187545411985
2024-11-04 17:27:59,4.201627096561725,0.684,28.465495270963004,4.201850536377586,0.6844800000000002,26.230983166654504
2024-11-04 17:27:59,4.201955684525837,0.684,24.9947353287605,4.201857108136875,0.6844400000000003,26.188270692346137
2024-11-04 17:28:00,4.201627096561725,0.684,27.13035904417916,4.201837392859012,0.6844000000000005,26.21636358905299
2024-11-04 17:28:00,4.202119978508306,0.684,23.469396624933097,4.201837392859012,0.6843600000000003,26.157007112541347
2024-11-04 17:28:00,4.202119978508306,0.684,26.437220450515156,4.201850536377599,0.6843200000000003,26.15700711254135
2024-11-04 17:28:00,4.202119978508306,0.684,25.72571420883662,4.201857108136898,0.6842800000000002,26.15700711254134
2024-11-04 17:28:01,4.201955684525837,0.683,22.672238853203226,4.201863679896185,0.6842000000000003,26.08170748059511
2024-11-04 17:28:01,4.201462802580083,0.683,25.72571420883662,4.201843964618355,0.6841200000000005,26.06747735576154
2024-11-04 17:28:01,4.202284272491052,0.683,25.72571420883662,4.201857108136965,0.6840400000000004,26.053247230927965
2024-11-04 17:28:01,4.201955684525837,0.683,24.9947353287605,4.2018833951740495,0.6839600000000003,26.038627653326433
2024-11-04 17:28:02,4.201791390543644,0.683,26.437220450515156,4.201883395174049,0.6839200000000002,26.024764881453155
2024-11-04 17:28:02,4.201955684525837,0.683,25.72571420883662,4.2018899669333365,0.6838800000000002,26.024764881453155
2024-11-04 17:28:02,4.202284272491052,0.683,26.437220450515156,4.201896538692646,0.6838000000000001,26.024764881453155
2024-11-04 17:28:02,4.202119978508306,0.683,26.437220450515156,4.201896538692646,0.68372,26.05361458388826
2024-11-04 17:28:03,4.202119978508306,0.683,25.72571420883662,4.201896538692646,0.68364,26.012006042021778
2024-11-04 17:28:03,4.201955684525837,0.683,26.437220450515156,4.201883395174037,0.6836,26.012006042021778
2024-11-04 17:28:03,4.201298508598716,0.681,27.80614130216054,4.2018899669332805,0.6834799999999999,26.05361458388826
2024-11-04 17:28:03,4.200805626656267,0.681,27.80614130216054,4.201850536377784,0.6833599999999997,26.05361458388826
2024-11-04 17:28:04,4.201298508598716,0.681,24.9947353287605,4.201830821099986,0.6832399999999997,26.010902109579888
2024-11-04 17:28:04,4.201462802580083,0.678,26.437220450515156,4.2018242493407225,0.6829999999999997,26.070258586091523
2024-11-04 17:28:04,4.201134214617624,0.678,25.72571420883662,4.201797962303681,0.6827599999999998,26.042165689384674
2024-11-04 17:28:04,4.201298508598716,0.678,24.2430730354219,4.201791390544426,0.6825199999999998,25.984419969209526
2024-11-04 17:28:05,4.199984156757696,0.678,23.469396624933097,4.201699385915092,0.68228,25.92506349269789
2024-11-04 17:28:05,4.199655568800195,0.671,25.72571420883662,4.201613953045354,0.68176,25.8834549508314
2024-11-04 17:28:05,4.199984156757696,0.671,24.9947353287605,4.201535091934628,0.6812400000000003,25.86883537322988
2024-11-04 17:28:05,4.199491274821859,0.671,26.437220450515156,4.201449659065033,0.6807200000000002,25.854972601356604
2024-11-04 17:28:06,4.199326980843797,0.669,25.72571420883662,4.201344510917752,0.6801200000000001,25.813364059490123
2024-11-04 17:28:06,4.199162686866011,0.669,25.72571420883662,4.201245934529923,0.67952,25.771755517623642
2024-11-04 17:28:06,4.199819862778808,0.67,23.469396624933097,4.201153929900743,0.6789600000000001,25.726629165945575
2024-11-04 17:28:06,4.199655568800195,0.67,23.469396624933097,4.201055353512417,0.6784000000000002,25.66727268943393
2024-11-04 17:28:07,4.199655568800195,0.67,26.437220450515156,4.200956777124093,0.6778400000000003,25.66727268943393
2024-11-04 17:28:07,4.199326980843797,0.67,24.9947353287605,4.200851628976811,0.6773200000000004,25.667272689433936
2024-11-04 17:28:07,4.199326980843797,0.67,25.72571420883662,4.20076619610736,0.6768000000000005,25.653042564600366
2024-11-04 17:28:07,4.199984156757696,0.67,25.72571420883662,4.200674191478027,0.6762800000000005,25.624949667893517
2024-11-04 17:28:08,4.20014845073686,0.67,24.2430730354219,4.200601902126468,0.6757600000000007,25.595296844425224
2024-11-04 17:28:08,4.199655568800195,0.67,24.2430730354219,4.200516469256729,0.6752400000000007,25.610770372635
2024-11-04 17:28:08,4.199819862778808,0.67,24.9947353287605,4.200431036386848,0.6747200000000007,25.625803618501774
2024-11-04 17:28:08,4.200312744716299,0.67,26.437220450515156,4.200352175275857,0.6742000000000007,25.640033743335344
2024-11-04 17:28:09,4.199984156757696,0.67,28.465495270963004,4.200266742405833,0.6736800000000008,25.65322082271139
2024-11-04 17:28:09,4.199491274821859,0.67,25.72571420883662,4.200161594258375,0.6731600000000008,25.698347174389454
2024-11-04 17:28:09,4.199491274821859,0.67,26.437220450515156,4.200063017870217,0.6726400000000008,25.698347174389454
2024-11-04 17:28:09,4.20014845073686,0.67,27.80614130216054,4.200017015555742,0.6722000000000008,25.75457529385746
2024-11-04 17:28:10,4.200312744716299,0.67,26.437220450515156,4.1999973002781426,0.6717600000000009,25.783424996292553
2024-11-04 17:28:10,4.20014845073686,0.67,26.437220450515156,4.199951297963669,0.6713200000000009,25.78342499629256
2024-11-04 17:28:10,4.199819862778808,0.67,25.72571420883662,4.199885580371618,0.6710000000000009,25.783424996292553
2024-11-04 17:28:10,4.20014845073686,0.669,25.72571420883662,4.199846149816389,0.6706400000000008,25.783424996292553
2024-11-04 17:28:11,4.20014845073686,0.669,26.437220450515156,4.199800147501914,0.6702800000000007,25.797655121126127
2024-11-04 17:28:11,4.200477038696013,0.67,25.72571420883662,4.1998198627794485,0.6699600000000008,25.783424996292553
2024-11-04 17:28:11,4.200477038696013,0.67,26.437220450515156,4.199852721575281,0.6699200000000007,25.78342499629256
2024-11-04 17:28:11,4.199819862778808,0.669,25.72571420883662,4.199846149816126,0.6698400000000005,25.769194871458986
2024-11-04 17:28:12,4.200312744716299,0.669,27.13035904417916,4.199879008611902,0.6697600000000006,25.74249214692331
2024-11-04 17:28:12,4.199984156757696,0.67,26.437220450515156,4.199905295648458,0.6698000000000006,25.771341849358397
2024-11-04 17:28:12,4.20014845073686,0.67,24.9947353287605,4.199944726203292,0.6698400000000007,25.728629375050026
2024-11-04 17:28:12,4.199819862778808,0.67,26.437220450515156,4.199944726203292,0.6698400000000007,25.78798585156166
2024-11-04 17:28:13,4.199819862778808,0.67,24.9947353287605,4.1999512979624365,0.6698400000000007,25.759136149126576
2024-11-04 17:28:13,4.199819862778808,0.67,24.9947353287605,4.199957869721581,0.6698400000000007,25.744516571525047
2024-11-04 17:28:13,4.199819862778808,0.67,26.437220450515156,4.199977584998982,0.6698400000000007,25.81981620347129
2024-11-04 17:28:13,4.200477038696013,0.67,28.465495270963004,4.200023587313071,0.6698400000000007,25.87461182471381
2024-11-04 17:28:14,4.200477038696013,0.67,24.9947353287605,4.200043302590603,0.6698400000000007,25.85999224711229
2024-11-04 17:28:14,4.20014845073686,0.669,25.72571420883662,4.200043302590603,0.6698000000000006,25.87461182471382
2024-11-04 17:28:14,4.200477038696013,0.669,25.72571420883662,4.200076161386437,0.6697600000000006,25.860381699880254
2024-11-04 17:28:14,4.20014845073686,0.67,27.13035904417916,4.200089304904759,0.6697600000000007,25.8884745965871
2024-11-04 17:28:15,4.200477038696013,0.67,24.9947353287605,4.200095876663948,0.6697600000000007,25.859624894152013
2024-11-04 17:28:15,4.199984156757696,0.67,25.72571420883662,4.200095876663948,0.6697600000000008,25.845394769318435
2024-11-04 17:28:15,4.20014845073686,0.669,25.72571420883662,4.200122163700548,0.6697200000000006,25.84539476931843
2024-11-04 17:28:15,4.199984156757696,0.669,25.72571420883662,4.200141878977981,0.6696800000000006,25.83116464448486
2024-11-04 17:28:16,4.199984156757696,0.669,25.72571420883662,4.200135307218814,0.6696400000000006,25.78955610261837
2024-11-04 17:28:16,4.199984156757696,0.669,24.9947353287605,4.2001221637004695,0.6696000000000005,25.73332798315037
2024-11-04 17:28:16,4.200477038696013,0.669,25.72571420883662,4.2001353072188365,0.6695600000000005,25.7479475607519
2024-11-04 17:28:16,4.199984156757696,0.669,25.72571420883662,4.200141878977991,0.6695200000000004,25.733717435918326
2024-11-04 17:28:17,4.200477038696013,0.669,26.437220450515156,4.200155022496357,0.6695200000000002,25.7479475607519
2024-11-04 17:28:17,4.20014845073686,0.669,23.469396624933097,4.200155022496357,0.6695200000000002,25.73247403254213
2024-11-04 17:28:17,4.200312744716299,0.669,26.437220450515156,4.200148450737168,0.6694800000000002,25.79183050905376
2024-11-04 17:28:17,4.200641332676002,0.669,23.469396624933097,4.200155022496368,0.6694400000000001,25.746704157375692
2024-11-04 17:28:18,4.199819862778808,0.669,25.72571420883662,4.200155022496368,0.6694400000000001,25.76132373497722
2024-11-04 17:28:18,4.200477038696013,0.669,26.437220450515156,4.200161594255557,0.6694400000000001,25.761323734977232
2024-11-04 17:28:18,4.200477038696013,0.669,24.9947353287605,4.20018130953309,0.6694000000000001,25.746704157375703
2024-11-04 17:28:18,4.200805626656267,0.669,24.9947353287605,4.200207596569866,0.6693600000000001,25.73208457977418
2024-11-04 17:28:19,4.199984156757696,0.669,24.9947353287605,4.200214168329021,0.6693200000000001,25.762591353850727
2024-11-04 17:28:19,4.200477038696013,0.669,25.72571420883662,4.20024045536571,0.6692800000000001,25.807717705528802
2024-11-04 17:28:19,4.200312744716299,0.669,27.13035904417916,4.200260170643208,0.6692400000000002,25.82158047740208
2024-11-04 17:28:19,4.200969920636808,0.669,27.13035904417916,4.200306172957528,0.6692000000000001,25.864292951710457
2024-11-04 17:28:20,4.200641332676002,0.669,24.2430730354219,4.2003127447167286,0.6691600000000001,25.834640128242157
2024-11-04 17:28:20,4.200312744716299,0.669,26.437220450515156,4.200306172957539,0.6691200000000002,25.84887025307573
2024-11-04 17:28:20,4.200477038696013,0.669,27.13035904417916,4.200319316475905,0.6691200000000002,25.90661597325088
2024-11-04 17:28:20,4.200312744716299,0.668,24.9947353287605,4.200312744716716,0.6690800000000003,25.921649219117644
2024-11-04 17:28:21,4.20014845073686,0.668,25.72571420883662,4.200312744716716,0.6690000000000004,25.93626879671916
2024-11-04 17:28:21,4.20014845073686,0.668,26.437220450515156,4.20029960119835,0.6689200000000003,25.93626879671917
2024-11-04 17:28:21,4.200477038696013,0.668,26.437220450515156,4.200319316475883,0.6688400000000003,25.895703300310217
2024-11-04 17:28:21,4.199984156757696,0.668,25.72571420883662,4.200312744716716,0.6688000000000003,25.895703300310217
2024-11-04 17:28:22,4.200312744716299,0.669,25.72571420883662,4.20032588823506,0.6688000000000001,25.88147317547664
2024-11-04 17:28:22,4.200312744716299,0.669,27.13035904417916,4.200339031753404,0.6688,25.867957530317014
2024-11-04 17:28:22,4.200805626656267,0.668,25.72571420883662,4.200371890549346,0.66876,25.85372740548344
2024-11-04 17:28:22,4.200477038696013,0.668,25.72571420883662,4.200371890549347,0.6687200000000001,25.839497280649866
2024-11-04 17:28:23,4.200477038696013,0.669,27.13035904417916,4.20039160582688,0.66872,25.867590177356718
2024-11-04 17:28:23,4.199984156757696,0.669,24.9947353287605,4.200371890549348,0.6687199999999999,25.8529705997552
2024-11-04 17:28:23,4.200641332676002,0.668,25.72571420883662,4.200391605826914,0.6686799999999999,25.838740474921625
2024-11-04 17:28:23,4.201134214617624,0.668,27.13035904417916,4.200424464622967,0.66864,25.866833371628477
2024-11-04 17:28:24,4.200969920636808,0.669,25.72571420883662,4.200437608141398,0.6686399999999999,25.852603246794907
2024-11-04 17:28:24,4.200477038696013,0.669,26.437220450515156,4.200463895178086,0.6686399999999998,25.86683337162848
2024-11-04 17:28:24,4.200805626656267,0.669,27.13035904417916,4.200477038696497,0.6686399999999998,25.866833371628477
2024-11-04 17:28:24,4.200477038696013,0.669,26.437220450515156,4.200477038696498,0.6686399999999998,25.86683337162848
2024-11-04 17:28:25,4.200641332676002,0.669,24.9947353287605,4.200470466937288,0.6686399999999998,25.866833371628477
2024-11-04 17:28:25,4.200477038696013,0.669,24.9947353287605,4.20049018221482,0.6686399999999998,25.83798366919339
2024-11-04 17:28:25,4.200477038696013,0.669,26.437220450515156,4.20049018221482,0.6686399999999998,25.86683337162848
2024-11-04 17:28:25,4.200969920636808,0.669,24.9947353287605,4.200516469251641,0.6686399999999999,25.866833371628488
2024-11-04 17:28:26,4.200805626656267,0.669,24.2430730354219,4.200509897492418,0.6686399999999999,25.82295042332662
2024-11-04 17:28:26,4.200312744716299,0.669,25.72571420883662,4.20049675397403,0.6686399999999999,25.768154802084084
2024-11-04 17:28:26,4.200312744716299,0.669,24.9947353287605,4.200496753974029,0.66864,25.768154802084087
2024-11-04 17:28:26,4.201298508598716,0.669,25.72571420883662,4.200529612770137,0.66864,25.76815480208409
2024-11-04 17:28:27,4.201134214617624,0.669,26.437220450515156,4.200562471566189,0.66868,25.782384926917665
2024-11-04 17:28:27,4.201134214617624,0.668,27.80614130216054,4.200601902121419,0.66868,25.79590057207729
2024-11-04 17:28:27,4.200969920636808,0.668,26.437220450515156,4.200634760917417,0.6686800000000003,25.82475027451238
2024-11-04 17:28:27,4.201134214617624,0.668,24.9947353287605,4.200661047954279,0.6686800000000003,25.81013069691086
2024-11-04 17:28:28,4.200969920636808,0.668,25.72571420883662,4.200700478509443,0.66868,25.810130696910864
2024-11-04 17:28:28,4.200805626656267,0.668,24.9947353287605,4.200720193787042,0.6686400000000002,25.795511119309346
2024-11-04 17:28:28,4.201134214617624,0.669,26.437220450515156,4.200753052583095,0.66864,25.809741244142916
2024-11-04 17:28:28,4.201134214617624,0.669,25.72571420883662,4.200766196101549,0.6686799999999999,25.82436082174443
2024-11-04 17:28:29,4.201134214617624,0.668,25.72571420883662,4.200792483138414,0.66868,25.82436082174442
2024-11-04 17:28:29,4.200969920636808,0.668,24.9947353287605,4.200812198416046,0.66864,25.809741244142902
2024-11-04 17:28:29,4.200641332676002,0.669,25.72571420883662,4.2008384854527785,0.6686399999999999,25.79551111930933
2024-11-04 17:28:29,4.201791390543644,0.669,25.72571420883662,4.200884487767485,0.6686799999999999,25.840637470987403
2024-11-04 17:28:30,4.201462802580083,0.668,27.13035904417916,4.200897631285984,0.6686799999999999,25.85450024286068
2024-11-04 17:28:30,4.201134214617624,0.668,24.9947353287605,4.2009042030452175,0.66864,25.885007016937223
2024-11-04 17:28:30,4.201627096561725,0.668,24.2430730354219,4.200950205359848,0.6686,25.855354193468933
2024-11-04 17:28:30,4.201627096561725,0.669,24.9947353287605,4.200983064156065,0.6685999999999999,25.826504491033837
2024-11-04 17:28:31,4.201134214617624,0.669,26.437220450515156,4.20100935119293,0.6685999999999998,25.855354193468937
2024-11-04 17:28:31,4.201462802580083,0.668,25.72571420883662,4.201042209989095,0.6685599999999998,25.869973771070462
2024-11-04 17:28:31,4.200969920636808,0.668,27.13035904417916,4.2010619252667265,0.6685199999999999,25.912686245378833
2024-11-04 17:28:31,4.200969920636808,0.668,24.9947353287605,4.201081640544358,0.6684799999999999,25.89806666777731
2024-11-04 17:28:32,4.200969920636808,0.668,27.80614130216054,4.201081640544357,0.6684399999999998,25.911582312936936
2024-11-04 17:28:32,4.201298508598716,0.668,26.437220450515156,4.201101355822056,0.6683999999999998,25.897719541063662
2024-11-04 17:28:32,4.201627096561725,0.668,25.72571420883662,4.201153929895872,0.6683599999999998,25.927372364531948
2024-11-04 17:28:32,4.201462802580083,0.668,27.13035904417916,4.201199932210425,0.6683199999999998,25.941235136405236
2024-11-04 17:28:33,4.201462802580083,0.668,24.2430730354219,4.201206503969679,0.6682799999999998,25.883489416230088
2024-11-04 17:28:33,4.200969920636808,0.668,26.437220450515156,4.2011999322104465,0.6682399999999997,25.912339118665187
2024-11-04 17:28:33,4.201134214617624,0.668,25.72571420883662,4.201199932210446,0.6682399999999997,25.912339118665177
2024-11-04 17:28:33,4.201627096561725,0.668,26.437220450515156,4.2012262192474426,0.6682399999999997,25.912339118665177
2024-11-04 17:28:34,4.201298508598716,0.668,26.437220450515156,4.201232791006686,0.6682399999999997,25.912339118665187
2024-11-04 17:28:34,4.201134214617624,0.668,26.437220450515156,4.201239362765919,0.6682399999999997,25.92656924349876
2024-11-04 17:28:34,4.200805626656267,0.668,26.437220450515156,4.20123936276592,0.6682399999999997,25.94079936833233
2024-11-04 17:28:34,4.201462802580083,0.668,25.72571420883662,4.201252506284418,0.6681999999999997,25.91270647162548
2024-11-04 17:28:35,4.201134214617624,0.668,25.72571420883662,4.201252506284416,0.6681599999999996,25.91270647162548
2024-11-04 17:28:35,4.201627096561725,0.668,25.72571420883662,4.2012722215621805,0.6681599999999996,25.91270647162547
2024-11-04 17:28:35,4.201462802580083,0.668,25.72571420883662,4.201291936839912,0.6681599999999996,25.88461357491862
2024-11-04 17:28:35,4.201791390543644,0.668,26.437220450515156,4.201337939154618,0.6681199999999996,25.913463277353713
2024-11-04 17:28:36,4.201462802580083,0.668,25.72571420883662,4.201324795636076,0.6680799999999995,25.913463277353713
2024-11-04 17:28:36,4.201791390543644,0.668,28.465495270963004,4.201337939154618,0.6680799999999995,25.940166001889384
2024-11-04 17:28:36,4.201627096561725,0.668,25.72571420883662,4.201357654432383,0.6680799999999995,25.940166001889384
2024-11-04 17:28:36,4.201462802580083,0.668,25.72571420883662,4.201351082673118,0.6680799999999995,25.925935877055807
2024-11-04 17:28:37,4.201298508598716,0.668,25.72571420883662,4.201337939154597,0.6680399999999994,25.89784298034895
2024-11-04 17:28:37,4.201462802580083,0.668,27.13035904417916,4.201351082673096,0.6679999999999996,25.911705752222236
2024-11-04 17:28:37,4.201462802580083,0.668,26.437220450515156,4.201351082673097,0.6679999999999996,25.940555454657332
2024-11-04 17:28:37,4.201462802580083,0.668,24.9947353287605,4.201370797950827,0.6679999999999996,25.94055545465733
2024-11-04 17:28:38,4.201627096561725,0.668,27.13035904417916,4.201397084987825,0.6679999999999996,25.954418226530606
2024-11-04 17:28:38,4.201627096561725,0.668,25.72571420883662,4.201423372024823,0.6679999999999996,25.96903780413213
2024-11-04 17:28:38,4.201791390543644,0.668,23.469396624933097,4.201443087302619,0.6679999999999996,25.953564275922357
2024-11-04 17:28:38,4.201298508598716,0.668,24.2430730354219,4.201429943784099,0.6679999999999996,25.923911452454067
2024-11-04 17:28:39,4.201298508598716,0.668,25.72571420883662,4.201423372024843,0.6679999999999996,25.938531030055582
2024-11-04 17:28:39,4.201955684525837,0.668,26.437220450515156,4.201443087302673,0.6679999999999996,25.952761154889167
2024-11-04 17:28:39,4.201627096561725,0.668,26.437220450515156,4.20146937433967,0.6679999999999996,25.952761154889167
2024-11-04 17:28:39,4.201298508598716,0.668,25.72571420883662,4.201475946098913,0.6679999999999996,25.911152613022686
2024-11-04 17:28:40,4.201298508598716,0.668,25.72571420883662,4.201462802580392,0.6679999999999996,25.89692248818912
2024-11-04 17:28:40,4.201627096561725,0.667,26.437220450515156,4.201475946098912,0.6679599999999997,25.925772190624212
2024-11-04 17:28:40,4.201627096561725,0.667,25.72571420883662,4.201495661376676,0.6679199999999996,25.925772190624212
2024-11-04 17:28:40,4.201462802580083,0.668,24.9947353287605,4.201521948413629,0.6679199999999996,25.92577219062421
2024-11-04 17:28:41,4.201791390543644,0.668,27.13035904417916,4.201535091932171,0.6679199999999997,25.939634962497493
2024-11-04 17:28:41,4.202119978508306,0.668,26.437220450515156,4.2015745224878,0.6679199999999997,25.95386508733106
2024-11-04 17:28:41,4.201462802580083,0.668,26.437220450515156,4.201567950728534,0.6679199999999997,25.968095212164634
2024-11-04 17:28:41,4.202119978508306,0.667,26.437220450515156,4.201594237765662,0.6678799999999998,25.996944914599727
2024-11-04 17:28:42,4.201791390543644,0.667,23.469396624933097,4.201594237765662,0.6678399999999998,25.95181856292166
2024-11-04 17:28:42,4.201627096561725,0.667,25.72571420883662,4.201600809524928,0.6677999999999998,25.951818562921662
2024-11-04 17:28:42,4.201791390543644,0.667,26.437220450515156,4.201600809524927,0.6677599999999999,25.937955791048388
2024-11-04 17:28:42,4.202119978508306,0.667,27.13035904417916,4.20162052480279,0.6677200000000001,25.98066826535676
2024-11-04 17:28:43,4.201462802580083,0.667,25.72571420883662,4.201620524802791,0.6676800000000002,26.01032108882506
2024-11-04 17:28:43,4.201627096561725,0.667,26.437220450515156,4.2016336683213105,0.6676400000000002,26.039170791260148
2024-11-04 17:28:43,4.201627096561725,0.667,26.437220450515156,4.201640240080578,0.6676000000000003,26.039170791260148
2024-11-04 17:28:43,4.202284272491052,0.667,26.437220450515156,4.201673098877016,0.6675600000000003,26.053400916093725
2024-11-04 17:28:44,4.201955684525837,0.667,26.437220450515156,4.201692814154846,0.6675200000000003,26.03953814422044
2024-11-04 17:28:44,4.202119978508306,0.666,26.437220450515156,4.20171252943271,0.6674400000000003,26.068387846655533
2024-11-04 17:28:44,4.201791390543644,0.666,24.9947353287605,4.201719101191987,0.6673600000000003,26.01215972718753
2024-11-04 17:28:44,4.201462802580083,0.666,26.437220450515156,4.201705957673445,0.6672800000000003,26.012159727187537
2024-11-04 17:28:45,4.201791390543644,0.667,24.9947353287605,4.201725672951242,0.6672400000000006,25.99754014958601
2024-11-04 17:28:45,4.201791390543644,0.667,28.465495270963004,4.201745388229038,0.6672000000000006,26.02424287412168
2024-11-04 17:28:45,4.201791390543644,0.667,24.2430730354219,4.201738816469749,0.6671600000000005,26.024242874121683
2024-11-04 17:28:45,4.202119978508306,0.667,24.9947353287605,4.201758531747612,0.6671200000000006,25.995393171686587
2024-11-04 17:28:46,4.202119978508306,0.667,24.9947353287605,4.201791390543995,0.6670800000000006,25.98077359408507
2024-11-04 17:28:46,4.201955684525837,0.666,27.13035904417916,4.20181767758108,0.6670000000000005,25.994636365958335
2024-11-04 17:28:46,4.202284272491052,0.666,24.9947353287605,4.201843964618254,0.6669600000000004,25.96578666352324
2024-11-04 17:28:46,4.201955684525837,0.667,25.72571420883662,4.201857108136818,0.6669600000000006,25.951556538689672
2024-11-04 17:28:47,4.201791390543644,0.667,24.9947353287605,4.201870251655361,0.6669200000000005,25.92270683625458
2024-11-04 17:28:47,4.201955684525837,0.666,26.437220450515156,4.201876823414648,0.6668400000000002,25.93693696108815
2024-11-04 17:28:47,4.201955684525837,0.666,26.437220450515156,4.20187025165535,0.6667600000000004,25.951167085921725
2024-11-04 17:28:47,4.201791390543644,0.666,24.2430730354219,4.201883395173893,0.6666800000000004,25.921514262453435
2024-11-04 17:28:48,4.201791390543644,0.666,26.437220450515156,4.201870251655306,0.6666400000000003,25.935744387286995
2024-11-04 17:28:48,4.202284272491052,0.666,23.469396624933097,4.201889966933202,0.6666000000000004,25.87638791077536
2024-11-04 17:28:48,4.202119978508306,0.666,24.9947353287605,4.201909682211066,0.6665600000000004,25.86176833317383
2024-11-04 17:28:48,4.201955684525837,0.666,24.9947353287605,4.201916253970354,0.6665200000000003,25.792353134329783
2024-11-04 17:28:49,4.202119978508306,0.666,26.437220450515156,4.201916253970354,0.6664800000000003,25.806583259163354
2024-11-04 17:28:49,4.202119978508306,0.666,24.2430730354219,4.201942541007483,0.6664400000000001,25.776930435695064
2024-11-04 17:28:49,4.202284272491052,0.666,27.13035904417916,4.201968828044657,0.6664000000000001,25.805023332401916
2024-11-04 17:28:49,4.201791390543644,0.666,24.9947353287605,4.201975399803933,0.6663600000000003,25.76231085809354
2024-11-04 17:28:50,4.201955684525837,0.666,27.80614130216054,4.2019622562853245,0.66632,25.78968927512644
2024-11-04 17:28:50,4.201298508598716,0.666,27.13035904417916,4.2019359692482405,0.66628,25.832401749434823
2024-11-04 17:28:50,4.202448566474072,0.666,23.469396624933097,4.2019491127668696,0.6662800000000001,25.759182501049896
2024-11-04 17:28:50,4.202612860457368,0.666,25.72571420883662,4.201981971563419,0.6662800000000001,25.75918250104991
2024-11-04 17:28:51,4.202119978508306,0.666,24.2430730354219,4.202008258600548,0.6662800000000001,25.774656029259674
2024-11-04 17:28:51,4.202119978508306,0.666,26.437220450515156,4.202021402119135,0.66624,25.81853897756155
2024-11-04 17:28:51,4.202284272491052,0.666,26.437220450515156,4.20204111739703,0.6662000000000002,25.832769102395115
2024-11-04 17:28:51,4.202448566474072,0.666,25.72571420883662,4.2020674044342465,0.6661600000000001,25.818538977561538
2024-11-04 17:28:52,4.202448566474072,0.666,25.72571420883662,4.202080547952877,0.66612,25.804308852727964
2024-11-04 17:28:52,4.202448566474072,0.666,24.2430730354219,4.202093691471507,0.6660800000000002,25.774656029259674
2024-11-04 17:28:52,4.202448566474072,0.666,26.437220450515156,4.202113406749437,0.6660800000000002,25.788886154093245
2024-11-04 17:28:52,4.202119978508306,0.666,26.437220450515156,4.202106834990127,0.6660800000000002,25.788886154093245
2024-11-04 17:28:53,4.202119978508306,0.666,25.72571420883662,4.202113406749426,0.6660400000000002,25.788886154093245
2024-11-04 17:28:53,4.202119978508306,0.665,25.72571420883662,4.202126550268011,0.6659600000000003,25.80350573169476
2024-11-04 17:28:53,4.202777154440939,0.665,26.437220450515156,4.202159409064617,0.6659200000000003,25.789642959821485
2024-11-04 17:28:53,4.202284272491052,0.665,27.13035904417916,4.2021725525832245,0.6658800000000002,25.803505731694763
2024-11-04 17:28:54,4.202777154440939,0.665,26.437220450515156,4.202211983139118,0.6658400000000002,25.80350573169476
2024-11-04 17:28:54,4.202448566474072,0.665,23.469396624933097,4.202238270176334,0.6658000000000002,25.744149255183125
2024-11-04 17:28:54,4.202612860457368,0.665,26.437220450515156,4.202251413694988,0.6657600000000001,25.803505731694766
2024-11-04 17:28:54,4.202777154440939,0.665,25.72571420883662,4.202277700732295,0.66572,25.80350573169476
2024-11-04 17:28:55,4.202941448424786,0.665,24.2430730354219,4.202317131288253,0.6656799999999999,25.759622783392903
2024-11-04 17:28:55,4.202777154440939,0.665,26.437220450515156,4.202343418325558,0.6656399999999999,25.745760011519614
2024-11-04 17:28:55,4.202448566474072,0.665,24.9947353287605,4.202356561844189,0.6655999999999999,25.731140433918096
2024-11-04 17:28:55,4.202612860457368,0.665,24.9947353287605,4.202369705362842,0.6655599999999998,25.702290731483
2024-11-04 17:28:56,4.202448566474072,0.665,25.72571420883662,4.202395992400057,0.6655199999999998,25.688060606649422
2024-11-04 17:28:56,4.202448566474072,0.665,27.13035904417916,4.202415707677987,0.6654799999999997,25.70192337852271
2024-11-04 17:28:56,4.201955684525837,0.665,26.437220450515156,4.2024419947150715,0.6654399999999997,25.701923378522707
2024-11-04 17:28:56,4.202448566474072,0.665,24.2430730354219,4.2024419947150715,0.6653999999999997,25.65804043022085
2024-11-04 17:28:57,4.202941448424786,0.665,24.2430730354219,4.202455138233767,0.6653599999999996,25.643007184354072
2024-11-04 17:28:57,4.202284272491052,0.665,27.13035904417916,4.202461709993076,0.6653199999999996,25.65686995622736
2024-11-04 17:28:57,4.2034343303779815,0.665,28.465495270963004,4.202514284067863,0.6652799999999995,25.726285155071405
2024-11-04 17:28:57,4.202448566474072,0.665,25.72571420883662,4.202520855827183,0.6652399999999994,25.67148953382888
2024-11-04 17:28:58,4.202941448424786,0.665,24.9947353287605,4.202540571105212,0.6651999999999993,25.686522779695657
2024-11-04 17:28:58,4.202941448424786,0.665,26.437220450515156,4.202560286383239,0.6651599999999995,25.715372482130743
2024-11-04 17:28:58,4.202284272491052,0.665,24.9947353287605,4.202553714623919,0.6651199999999995,25.715372482130746
2024-11-04 17:28:58,4.202448566474072,0.665,25.72571420883662,4.202553714623919,0.6650799999999993,25.6872795854239
2024-11-04 17:28:59,4.202941448424786,0.665,24.9947353287605,4.202586573420579,0.6650399999999995,25.687279585423898
2024-11-04 17:28:59,4.202777154440939,0.665,25.72571420883662,4.202612860457885,0.6649999999999995,25.6872795854239
2024-11-04 17:28:59,4.202941448424786,0.665,26.437220450515156,4.202645719254544,0.6649999999999995,25.716129287858994
2024-11-04 17:28:59,4.202612860457368,0.664,27.13035904417916,4.202639147495201,0.6649599999999993,25.72999205973227
2024-11-04 17:29:00,4.202941448424786,0.664,25.72571420883662,4.202665434532552,0.6649199999999995,25.7157619348987
2024-11-04 17:29:00,4.202777154440939,0.664,26.437220450515156,4.202665434532553,0.6648799999999996,25.759644883200572
2024-11-04 17:29:00,4.202612860457368,0.664,25.72571420883662,4.202672006291885,0.6648399999999997,25.745414758367005
2024-11-04 17:29:00,4.202941448424786,0.664,25.72571420883662,4.202685149810581,0.6647999999999997,25.79054111004507
2024-11-04 17:29:01,4.202612860457368,0.664,26.437220450515156,4.202678578051239,0.6647599999999998,25.81939081248016
2024-11-04 17:29:01,4.202612860457368,0.664,26.437220450515156,4.202665434532543,0.66472,25.84824051491526
2024-11-04 17:29:01,4.202941448424786,0.664,26.437220450515156,4.2026720062918965,0.66468,25.84824051491526
2024-11-04 17:29:01,4.202777154440939,0.664,25.72571420883662,4.202685149810571,0.6646400000000001,25.877893338383547
2024-11-04 17:29:02,4.202612860457368,0.664,24.2430730354219,4.202685149810571,0.6646000000000002,25.820147618208406
2024-11-04 17:29:02,4.202448566474072,0.664,25.72571420883662,4.20268514981057,0.6645600000000003,25.834767195809928
2024-11-04 17:29:02,4.202777154440939,0.664,27.13035904417916,4.202698293329246,0.6645200000000004,25.8212515506503
2024-11-04 17:29:02,4.202941448424786,0.664,24.2430730354219,4.202737723885203,0.6644800000000005,25.76350583047515
2024-11-04 17:29:02,4.202777154440939,0.664,26.437220450515156,4.202750867403878,0.6644400000000006,25.8228623069868
2024-11-04 17:29:03,4.203105742408909,0.664,23.469396624933097,4.202757439163243,0.6644000000000005,25.77773595530873
2024-11-04 17:29:03,4.202777154440939,0.664,25.72571420883662,4.202777154441239,0.6643600000000006,25.80738877877702
2024-11-04 17:29:03,4.202612860457368,0.664,25.72571420883662,4.202744295644414,0.6643200000000006,25.793158653943447
2024-11-04 17:29:04,4.202777154440939,0.664,25.72571420883662,4.202757439163089,0.6642800000000006,25.77892852910988
2024-11-04 17:29:04,4.202284272491052,0.664,25.72571420883662,4.2027311521257396,0.6642400000000006,25.778928529109873
2024-11-04 17:29:04,4.202612860457368,0.663,26.437220450515156,4.202718008607043,0.6641600000000005,25.793158653943447
2024-11-04 17:29:04,4.202777154440939,0.663,27.13035904417916,4.202737723885039,0.6640800000000004,25.850904374118585
2024-11-04 17:29:05,4.202284272491052,0.663,24.9947353287605,4.202731152125719,0.6640000000000004,25.82205467168349
2024-11-04 17:29:05,4.202777154440939,0.663,27.13035904417916,4.2027245803663655,0.6639200000000004,25.835917443556767
2024-11-04 17:29:05,4.202777154440939,0.663,25.72571420883662,4.202724580366365,0.6638400000000003,25.835917443556774
2024-11-04 17:29:05,4.202777154440939,0.663,25.72571420883662,4.202718008607011,0.6637600000000003,25.835917443556763
2024-11-04 17:29:06,4.202777154440939,0.663,24.9947353287605,4.202724580366354,0.6637200000000003,25.807067741121678
2024-11-04 17:29:06,4.202941448424786,0.663,27.13035904417916,4.202724580366353,0.6636800000000003,25.80706774112168
2024-11-04 17:29:06,4.202941448424786,0.663,24.9947353287605,4.202731152125707,0.6636400000000002,25.778218038686585
2024-11-04 17:29:06,4.202777154440939,0.663,25.72571420883662,4.20273772388505,0.6636000000000002,25.823344390364664
2024-11-04 17:29:06,4.202777154440939,0.663,25.72571420883662,4.202731152125696,0.66356,25.80911426553109
2024-11-04 17:29:07,4.202777154440939,0.663,25.72571420883662,4.202737723885039,0.66352,25.80911426553108
2024-11-04 17:29:07,4.202448566474072,0.663,28.465495270963004,4.202731152125707,0.66348,25.893562710241905
2024-11-04 17:29:07,4.202777154440939,0.663,26.437220450515156,4.202724580366353,0.6634399999999999,25.893562710241905
2024-11-04 17:29:07,4.202777154440939,0.663,27.13035904417916,4.202724580366353,0.6634,25.936275184550283
2024-11-04 17:29:08,4.202941448424786,0.663,27.13035904417916,4.202737723885049,0.66336,25.97898765885865
2024-11-04 17:29:08,4.202448566474072,0.663,27.13035904417916,4.202737723885048,0.6633200000000001,26.007080555565505
2024-11-04 17:29:08,4.202941448424786,0.663,25.72571420883662,4.202744295644401,0.66328,25.97898765885866
2024-11-04 17:29:08,4.202612860457368,0.663,28.465495270963004,4.202731152125705,0.6632399999999999,26.019553155267612
2024-11-04 17:29:09,4.202777154440939,0.663,25.72571420883662,4.202731152125705,0.6632000000000001,26.0492059787359
2024-11-04 17:29:09,4.202777154440939,0.663,27.13035904417916,4.202718008606986,0.66316,26.106951698911057
2024-11-04 17:29:09,4.202941448424786,0.662,24.2430730354219,4.20272458036634,0.6630800000000002,26.04920597873591
2024-11-04 17:29:09,4.203105742408909,0.662,27.13035904417916,4.202744295644402,0.6630000000000001,26.02250325420023
2024-11-04 17:29:10,4.202941448424786,0.662,25.72571420883662,4.202750867403756,0.6629200000000002,26.022503254200238
2024-11-04 17:29:10,4.202941448424786,0.662,26.437220450515156,4.202777154441105,0.6628400000000001,26.051352956635327
2024-11-04 17:29:10,4.202941448424786,0.662,26.437220450515156,4.202790297959801,0.6628000000000001,26.051352956635327
2024-11-04 17:29:10,4.203105742408909,0.662,25.72571420883662,4.202803441478522,0.66276,26.065972534236845
2024-11-04 17:29:11,4.202941448424786,0.662,25.72571420883662,4.20282972851587,0.6627199999999999,26.065972534236852
2024-11-04 17:29:11,4.203105742408909,0.662,29.10927472714519,4.202842872034589,0.6626799999999998,26.148263322204542
2024-11-04 17:29:11,4.202941448424786,0.663,27.13035904417916,4.2028494437939425,0.6626799999999997,26.176356218911398
2024-11-04 17:29:11,4.202941448424786,0.663,25.72571420883662,4.202856015553295,0.6626799999999997,26.16212609407782
2024-11-04 17:29:12,4.203105742408909,0.663,26.437220450515156,4.202869159072014,0.6626799999999997,26.14826332220454
2024-11-04 17:29:12,4.2034343303779815,0.663,26.437220450515156,4.202888874350142,0.6626799999999997,26.162493447038113
2024-11-04 17:29:12,4.203105742408909,0.662,25.72571420883662,4.202895446109507,0.6626399999999998,26.14826332220454
2024-11-04 17:29:12,4.203105742408909,0.662,25.72571420883662,4.202908589628227,0.6625999999999999,26.148263322204528
2024-11-04 17:29:13,4.203105742408909,0.662,25.72571420883662,4.202921733146947,0.6625599999999998,26.148263322204528
2024-11-04 17:29:13,4.202941448424786,0.662,24.2430730354219,4.202928304906299,0.66252,26.10438037390267
2024-11-04 17:29:13,4.203105742408909,0.662,25.72571420883662,4.202954591943693,0.66248,26.0901502490691
2024-11-04 17:29:13,4.203105742408909,0.662,24.9947353287605,4.202967735462413,0.66244,26.061300546634005
2024-11-04 17:29:14,4.2034343303779815,0.661,23.469396624933097,4.202994022499895,0.6623600000000001,26.016174194955937
2024-11-04 17:29:14,4.202941448424786,0.661,24.9947353287605,4.202994022499894,0.6622800000000001,26.031207440822712
2024-11-04 17:29:14,4.203105742408909,0.662,25.72571420883662,4.203020309537288,0.66224,26.03120744082271
2024-11-04 17:29:14,4.203105742408909,0.662,23.469396624933097,4.203026881296654,0.6622,25.957988192437792
2024-11-04 17:29:15,4.203105742408909,0.662,26.437220450515156,4.2030465965747155,0.66216,26.00187114073966
2024-11-04 17:29:15,4.203270036393308,0.661,25.72571420883662,4.203066311852811,0.6620799999999999,25.98764101590608
2024-11-04 17:29:15,4.2034343303779815,0.661,27.13035904417916,4.203092598890292,0.6619999999999999,26.06086026429101
2024-11-04 17:29:15,4.203105742408909,0.662,26.437220450515156,4.203099170649657,0.662,26.075090389124572
2024-11-04 17:29:16,4.202941448424786,0.662,24.9947353287605,4.203092598890291,0.662,26.06047081152305
2024-11-04 17:29:16,4.2035986243629315,0.661,24.9947353287605,4.203118885927818,0.6619600000000001,26.04585123392152
2024-11-04 17:29:16,4.204091506319434,0.661,26.437220450515156,4.203164888243603,0.6619200000000002,26.060081358755106
2024-11-04 17:29:16,4.203270036393308,0.662,27.80614130216054,4.203178031762345,0.6619200000000004,26.087459775788002
2024-11-04 17:29:17,4.2034343303779815,0.662,24.9947353287605,4.203191175281106,0.6619200000000004,26.04474730147963
2024-11-04 17:29:17,4.203105742408909,0.662,25.72571420883662,4.2031977470404716,0.6619200000000002,26.059366879081164
2024-11-04 17:29:17,4.203270036393308,0.661,22.672238853203226,4.203204318799847,0.66188,25.97020447526165
2024-11-04 17:29:17,4.203270036393308,0.661,25.72571420883662,4.203217462318588,0.6618,25.970204475261653
2024-11-04 17:29:18,4.2034343303779815,0.661,27.13035904417916,4.203237177596717,0.6617200000000003,25.998297371968505
2024-11-04 17:29:18,4.2034343303779815,0.661,26.437220450515156,4.203250321115479,0.6616400000000003,26.027147074403594
2024-11-04 17:29:18,4.2035986243629315,0.661,25.72571420883662,4.203256892874877,0.6615600000000001,25.999054177696735
2024-11-04 17:29:18,4.202612860457368,0.661,27.13035904417916,4.203237177596815,0.6615200000000003,26.041766652005112
2024-11-04 17:29:19,4.2034343303779815,0.661,24.9947353287605,4.203250321115577,0.6614800000000004,26.027147074403583
2024-11-04 17:29:19,4.203270036393308,0.661,27.13035904417916,4.203256892874954,0.6614400000000005,26.055239971110435
2024-11-04 17:29:19,4.2035986243629315,0.661,27.13035904417916,4.20328317991248,0.6614000000000004,26.08333286781729
2024-11-04 17:29:19,4.202777154440939,0.66,26.437220450515156,4.203270036393761,0.6613200000000004,26.042767371408328
2024-11-04 17:29:20,4.2034343303779815,0.66,26.437220450515156,4.203283179912523,0.6612400000000004,26.042767371408328
2024-11-04 17:29:20,4.203270036393308,0.661,25.72571420883662,4.2032766081531365,0.6612400000000005,26.01467447470148
2024-11-04 17:29:20,4.203105742408909,0.661,25.72571420883662,4.2032831799125026,0.6612400000000007,25.98658157799463
2024-11-04 17:29:20,4.203270036393308,0.661,24.9947353287605,4.20328975167188,0.6612000000000006,25.943869103686254
2024-11-04 17:29:21,4.2035986243629315,0.66,26.437220450515156,4.20330946695004,0.6611200000000005,25.958099228519824
2024-11-04 17:29:21,4.202777154440939,0.66,25.72571420883662,4.203296323431322,0.6610400000000004,25.903303607277294
2024-11-04 17:29:21,4.203105742408909,0.66,26.437220450515156,4.203289751671947,0.6610000000000004,25.91753373211087
2024-11-04 17:29:21,4.2035986243629315,0.66,25.72571420883662,4.203296323431345,0.6609600000000002,25.889440835404013
2024-11-04 17:29:22,4.203270036393308,0.66,26.437220450515156,4.2033028951907205,0.6608800000000001,25.933323783705884
2024-11-04 17:29:22,4.203270036393308,0.66,28.465495270963004,4.203316038709461,0.6608000000000002,25.960026508241555
2024-11-04 17:29:22,4.203105742408909,0.66,26.437220450515156,4.2032963234313,0.6607600000000001,25.97425663307513
2024-11-04 17:29:22,4.2034343303779815,0.66,24.9947353287605,4.203270036393642,0.66072,25.945406930640033
2024-11-04 17:29:23,4.204091506319434,0.66,25.72571420883662,4.203302895190686,0.6606399999999999,25.931176805806473
2024-11-04 17:29:23,4.203270036393308,0.66,27.13035904417916,4.203296323431299,0.6605599999999999,25.959269702513325
2024-11-04 17:29:23,4.203105742408909,0.66,26.437220450515156,4.203296323431299,0.6604800000000001,25.973499827346895
2024-11-04 17:29:23,4.203270036393308,0.66,25.72571420883662,4.203296323431299,0.6604399999999999,25.905828616980717
2024-11-04 17:29:24,4.203270036393308,0.66,25.72571420883662,4.203296323431299,0.6603999999999999,25.87773572027387
2024-11-04 17:29:24,4.203762918348157,0.66,26.437220450515156,4.203309466950106,0.6603599999999998,25.891965845107435
2024-11-04 17:29:24,4.203762918348157,0.66,25.72571420883662,4.203322610468913,0.66032,25.877735720273858
2024-11-04 17:29:24,4.2035986243629315,0.66,26.437220450515156,4.203322610468913,0.6602799999999999,25.87773572027387
2024-11-04 17:29:25,4.2035986243629315,0.659,27.13035904417916,4.203362041025135,0.6602000000000001,25.90582861698072
2024-11-04 17:29:25,4.2035986243629315,0.659,24.2430730354219,4.2033686127845336,0.66012,25.87617579351242
2024-11-04 17:29:25,4.204091506319434,0.659,25.72571420883662,4.203401471581579,0.66004,25.87617579351242
2024-11-04 17:29:25,4.203762918348157,0.659,24.9947353287605,4.203408043340987,0.65996,25.891209039379195
2024-11-04 17:29:26,4.203762918348157,0.659,27.13035904417916,4.203447473897276,0.65992,25.91930193608604
2024-11-04 17:29:26,4.204091506319434,0.659,27.80614130216054,4.2034737609349335,0.6598799999999998,25.975530055554046
2024-11-04 17:29:26,4.2035986243629315,0.66,25.72571420883662,4.203486904453718,0.6598399999999996,26.020656407232117
2024-11-04 17:29:26,4.2035986243629315,0.66,24.9947353287605,4.203506619731879,0.6597999999999997,26.020656407232114
2024-11-04 17:29:27,4.203762918348157,0.659,24.9947353287605,4.203526335010073,0.6597199999999998,26.00603682963059
2024-11-04 17:29:27,4.2034343303779815,0.659,27.13035904417916,4.203519763250674,0.6596799999999997,26.07925607801552
2024-11-04 17:29:27,4.203762918348157,0.659,26.437220450515156,4.203559193806963,0.6596399999999997,26.079256078015515
2024-11-04 17:29:27,4.2035986243629315,0.659,26.437220450515156,4.203578909085124,0.6595999999999996,26.09348620284909
2024-11-04 17:29:28,4.2034343303779815,0.659,25.72571420883662,4.203572337325725,0.6595599999999996,26.065393306142234
2024-11-04 17:29:28,4.203762918348157,0.659,27.13035904417916,4.20359205260392,0.6595199999999997,26.07925607801552
2024-11-04 17:29:28,4.2035986243629315,0.659,26.437220450515156,4.203605196122705,0.6594799999999996,26.108105780450604
2024-11-04 17:29:28,4.2035986243629315,0.659,27.80614130216054,4.2036249114008655,0.6594399999999997,26.164333899918603
2024-11-04 17:29:29,4.2035986243629315,0.659,24.9947353287605,4.2036314831602635,0.6593999999999997,26.135484197483514
2024-11-04 17:29:29,4.2035986243629315,0.659,27.13035904417916,4.203611767882004,0.6593599999999998,26.12196855232389
2024-11-04 17:29:29,4.2039272123336575,0.659,26.437220450515156,4.203638054919619,0.6593199999999997,26.15081825475899
2024-11-04 17:29:29,4.2034343303779815,0.659,25.72571420883662,4.203651198438382,0.6592799999999996,26.150818254758978
2024-11-04 17:29:30,4.203762918348157,0.658,24.9947353287605,4.203670913716576,0.6591999999999996,26.19726818427013
2024-11-04 17:29:30,4.203270036393308,0.658,26.437220450515156,4.203670913716576,0.6591199999999998,26.21149830910369
2024-11-04 17:29:30,4.2039272123336575,0.658,25.72571420883662,4.203677485475996,0.6590399999999998,26.18340541239684
2024-11-04 17:29:30,4.2034343303779815,0.658,26.437220450515156,4.2036643419571895,0.6589599999999999,26.18340541239685
2024-11-04 17:29:31,4.2042558003054875,0.658,25.72571420883662,4.203690628994891,0.6588799999999999,26.18340541239684
2024-11-04 17:29:31,4.203762918348157,0.658,24.9947353287605,4.203697200754299,0.6588400000000001,26.140692938088474
2024-11-04 17:29:31,4.204091506319434,0.658,25.72571420883662,4.203716916032558,0.6588000000000003,26.155312515689992
2024-11-04 17:29:31,4.204091506319434,0.658,25.72571420883662,4.203716916032557,0.6587600000000003,26.127219618983144
2024-11-04 17:29:32,4.2042558003054875,0.658,25.72571420883662,4.20373663131085,0.6587200000000004,26.09912672227629
2024-11-04 17:29:32,4.2042558003054875,0.658,26.437220450515156,4.2037563465891425,0.6586800000000005,26.099126722276296
2024-11-04 17:29:32,4.204091506319434,0.658,24.9947353287605,4.2037563465891425,0.6586400000000006,26.0702770198412
2024-11-04 17:29:32,4.204091506319434,0.657,26.437220450515156,4.203776061867402,0.6585200000000007,26.08450714467477
2024-11-04 17:29:33,4.2035986243629315,0.657,26.437220450515156,4.203776061867402,0.6584000000000007,26.098737269508348
2024-11-04 17:29:33,4.204584388278419,0.657,26.437220450515156,4.203808920664613,0.6583200000000005,26.127586971943437
2024-11-04 17:29:33,4.204584388278419,0.658,27.13035904417916,4.203854922980632,0.6582800000000004,26.141449743816715
2024-11-04 17:29:33,4.2039272123336575,0.658,26.437220450515156,4.203861494740052,0.6582400000000004,26.155679868650285
2024-11-04 17:29:34,4.2035986243629315,0.658,24.2430730354219,4.203861494740053,0.6582000000000003,26.11179692034842
2024-11-04 17:29:34,4.204091506319434,0.658,23.469396624933097,4.20388778177771,0.6581600000000003,26.06667056867035
2024-11-04 17:29:34,4.204091506319434,0.658,26.437220450515156,4.203900925296562,0.6581200000000003,26.06667056867036
2024-11-04 17:29:34,4.2042558003054875,0.658,28.465495270963004,4.203927212334264,0.6580800000000003,26.06667056867036
2024-11-04 17:29:35,4.204091506319434,0.658,25.72571420883662,4.203946927612524,0.6580400000000003,26.052440443836787
2024-11-04 17:29:35,4.204091506319434,0.658,26.437220450515156,4.203966642890784,0.6580000000000004,26.081290146271876
2024-11-04 17:29:35,4.204091506319434,0.658,27.80614130216054,4.203986358169043,0.6579600000000003,26.122898688138356
2024-11-04 17:29:35,4.2042558003054875,0.658,24.9947353287605,4.203999501687916,0.6579200000000003,26.08018621382998
2024-11-04 17:29:36,4.203762918348157,0.658,26.437220450515156,4.204012645206723,0.6578800000000004,26.080186213829982
2024-11-04 17:29:36,4.204091506319434,0.658,24.2430730354219,4.204025788725573,0.6578800000000006,26.050533390361682
2024-11-04 17:29:36,4.204091506319434,0.657,25.72571420883662,4.2040586475226185,0.6578400000000005,26.05053339036169
2024-11-04 17:29:36,4.204091506319434,0.657,25.72571420883662,4.204065219282049,0.6578000000000006,26.03630326552811
2024-11-04 17:29:37,4.204091506319434,0.657,24.9947353287605,4.204091506319708,0.6577600000000003,26.021683687926593
2024-11-04 17:29:37,4.2039272123336575,0.657,27.13035904417916,4.204078362800836,0.6577200000000005,26.03554645979988
2024-11-04 17:29:37,4.2042558003054875,0.657,22.672238853203226,4.204098078079128,0.6576800000000003,25.946384055980356
2024-11-04 17:29:37,4.204091506319434,0.657,25.72571420883662,4.204098078079128,0.6576400000000001,25.976036879448657
2024-11-04 17:29:38,4.203762918348157,0.657,25.72571420883662,4.204084934560277,0.6576000000000002,25.976036879448646
2024-11-04 17:29:38,4.2042558003054875,0.657,27.80614130216054,4.204084934560277,0.65756,26.032264998916652
2024-11-04 17:29:38,4.204748682265299,0.657,27.13035904417916,4.20410464983867,0.6575200000000001,26.03226499891665
2024-11-04 17:29:38,4.204091506319434,0.657,26.437220450515156,4.20410464983867,0.65748,26.00488658188374
2024-11-04 17:29:39,4.2039272123336575,0.657,24.2430730354219,4.204098078079238,0.65748,25.97523375841545
2024-11-04 17:29:39,4.204912976252455,0.657,27.80614130216054,4.204150652154819,0.65748,26.031461877883444
2024-11-04 17:29:39,4.203762918348157,0.657,25.72571420883662,4.204117793357609,0.65748,26.046081455484973
2024-11-04 17:29:39,4.2039272123336575,0.657,25.72571420883662,4.204091506319819,0.65744,26.017988558778114
2024-11-04 17:29:40,4.2042558003054875,0.656,25.72571420883662,4.204104649838692,0.65736,26.00375843394454
2024-11-04 17:29:40,4.204420094291815,0.656,27.13035904417916,4.2041375086358475,0.65728,26.01762120581783
2024-11-04 17:29:40,4.203762918348157,0.656,26.437220450515156,4.204124365116996,0.6572,26.0318513306514
2024-11-04 17:29:40,4.204091506319434,0.656,25.72571420883662,4.204124365116997,0.6571199999999999,26.00375843394454
2024-11-04 17:29:41,4.2039272123336575,0.656,27.13035904417916,4.204111221598125,0.6570399999999998,26.01762120581783
2024-11-04 17:29:41,4.2042558003054875,0.657,22.672238853203226,4.204117793357566,0.6569999999999999,25.91494315683868
2024-11-04 17:29:41,4.2042558003054875,0.657,25.72571420883662,4.204124365117008,0.6569599999999997,25.929562734440196
2024-11-04 17:29:41,4.204420094291815,0.656,26.437220450515156,4.204137508635903,0.6568799999999997,25.915699962566915
2024-11-04 17:29:42,4.204420094291815,0.656,26.437220450515156,4.204144080395356,0.6567999999999998,25.915699962566915
2024-11-04 17:29:42,4.2042558003054875,0.656,24.9947353287605,4.204163795673648,0.6567199999999996,25.901080384965404
2024-11-04 17:29:42,4.204091506319434,0.656,25.72571420883662,4.204163795673648,0.6566399999999996,25.915699962566922
2024-11-04 17:29:42,4.204584388278419,0.656,27.13035904417916,4.204183510952007,0.6565999999999995,25.92956273444021
2024-11-04 17:29:43,4.204748682265299,0.656,25.72571420883662,4.204209797989843,0.6565599999999995,25.929562734440214
2024-11-04 17:29:43,4.204420094291815,0.656,25.72571420883662,4.204222941508737,0.6565199999999995,25.91533260960664
2024-11-04 17:29:43,4.2042558003054875,0.656,24.9947353287605,4.20423608502761,0.6564799999999995,25.900713032005118
2024-11-04 17:29:43,4.2042558003054875,0.656,25.72571420883662,4.20423608502761,0.6564399999999996,25.91533260960664
2024-11-04 17:29:44,4.203762918348157,0.655,25.72571420883662,4.2042229415087595,0.6563599999999997,25.91533260960664
2024-11-04 17:29:44,4.2039272123336575,0.655,27.80614130216054,4.20422951326818,0.6562799999999998,25.95694115147312
2024-11-04 17:29:44,4.204748682265299,0.655,27.80614130216054,4.204249228546573,0.6561999999999998,25.99854969333959
2024-11-04 17:29:44,4.204584388278419,0.655,25.72571420883662,4.204242656787098,0.6561199999999998,25.984319568506017
2024-11-04 17:29:45,4.2042558003054875,0.655,24.2430730354219,4.204249228546539,0.6560399999999998,25.96928632263925
2024-11-04 17:29:45,4.204091506319434,0.656,27.13035904417916,4.204255800305971,0.6559999999999999,25.983149094512527
2024-11-04 17:29:45,4.204091506319434,0.656,25.72571420883662,4.20422294150865,0.6559599999999999,25.968918969678953
2024-11-04 17:29:45,4.204420094291815,0.656,26.437220450515156,4.204249228546397,0.65592,25.968918969678953
2024-11-04 17:29:46,4.204584388278419,0.655,26.437220450515156,4.204275515584188,0.65584,25.95505619780567
2024-11-04 17:29:46,4.204091506319434,0.655,29.10927472714519,4.204268943824745,0.6558000000000002,26.00849728333828
2024-11-04 17:29:46,4.204912976252455,0.655,26.437220450515156,4.20428865910317,0.6557600000000002,26.052380231640146
2024-11-04 17:29:46,4.2042558003054875,0.655,27.13035904417916,4.204308374381463,0.6557200000000003,26.125599480025063
2024-11-04 17:29:47,4.204584388278419,0.655,25.72571420883662,4.204328089659823,0.6556800000000004,26.1113693551915
2024-11-04 17:29:47,4.204748682265299,0.655,27.13035904417916,4.204360948457088,0.6556400000000003,26.084666630655825
2024-11-04 17:29:47,4.2039272123336575,0.655,26.437220450515156,4.204347804938216,0.6555600000000003,26.098896755489395
2024-11-04 17:29:47,4.204091506319434,0.655,24.9947353287605,4.2043412331787735,0.6554800000000002,26.0700470530543
2024-11-04 17:29:48,4.2042558003054875,0.655,25.72571420883662,4.2043346614193196,0.6554400000000001,26.028438511187822
2024-11-04 17:29:48,4.2042558003054875,0.655,26.437220450515156,4.2043280896598665,0.6554000000000002,26.057288213622915
2024-11-04 17:29:48,4.204091506319434,0.655,24.9947353287605,4.204321517900424,0.6553600000000003,26.02843851118782
2024-11-04 17:29:48,4.2042558003054875,0.655,24.9947353287605,4.204328089659866,0.6553200000000003,26.043471757054593
2024-11-04 17:29:49,4.204584388278419,0.655,25.72571420883662,4.2043280896598665,0.6552800000000006,26.043471757054593
2024-11-04 17:29:49,4.2039272123336575,0.654,25.72571420883662,4.204295230862601,0.6552000000000007,26.043471757054586
2024-11-04 17:29:49,4.204420094291815,0.654,26.437220450515156,4.204295230862601,0.6551200000000006,26.072321459489686
2024-11-04 17:29:49,4.205241564227593,0.654,27.13035904417916,4.2043346614194865,0.6550400000000006,26.072321459489682
2024-11-04 17:29:50,4.198998392888499,0.655,23.469396624933097,4.204124365122807,0.6550000000000002,26.088264614924285
2024-11-04 17:29:50,4.204420094291815,0.655,24.9947353287605,4.204150652160553,0.6550000000000002,26.073645037322752
2024-11-04 17:29:50,4.204420094291815,0.655,24.2430730354219,4.20417036743888,0.6550000000000002,26.043992213854462
2024-11-04 17:29:50,4.204091506319434,0.654,27.13035904417916,4.204144080401045,0.6549600000000004,26.030476568694834
2024-11-04 17:29:51,4.2042558003054875,0.654,25.72571420883662,4.204130936882128,0.6549200000000003,26.002383671987992
2024-11-04 17:29:51,4.204420094291815,0.655,24.9947353287605,4.204137508641581,0.6549200000000002,25.973533969552896
2024-11-04 17:29:51,4.204748682265299,0.655,24.9947353287605,4.204163795679415,0.6548800000000001,25.98856721541967
2024-11-04 17:29:51,4.205241564227593,0.654,26.437220450515156,4.204209797995741,0.6548000000000003,25.961188798386765
2024-11-04 17:29:52,4.198998392888499,0.654,26.437220450515156,4.203992929939609,0.6547200000000002,25.97541892322033
2024-11-04 17:29:52,4.204584388278419,0.625,27.13035904417916,4.203992929939609,0.65352,26.003511819927184
2024-11-04 17:29:52,4.204584388278419,0.625,25.72571420883662,4.2040126452179685,0.6523200000000001,26.00351181992718
2024-11-04 17:29:52,4.204912976252455,0.625,24.9947353287605,4.2040126452179685,0.6511200000000003,25.96079934561881
2024-11-04 17:29:53,4.204584388278419,0.654,24.2430730354219,4.204025788736886,0.6510800000000002,25.916916397316946
2024-11-04 17:29:53,4.205077270239886,0.654,25.72571420883662,4.204045504015345,0.6510400000000002,25.916916397316946
2024-11-04 17:29:53,4.199162686866011,0.653,25.72571420883662,4.203822064199374,0.65096,25.888823500610098
2024-11-04 17:29:53,4.198669804934304,0.653,25.72571420883662,4.2036117679034,0.6508799999999999,25.94989300772275
2024-11-04 17:29:54,4.199162686866011,0.653,25.72571420883662,4.203414615125263,0.6507999999999999,25.949893007722757
2024-11-04 17:29:54,4.199819862778808,0.622,27.80614130216054,4.203237177624195,0.64948,25.977271424755653
2024-11-04 17:29:54,4.198834098911264,0.622,26.437220450515156,4.2030203095684255,0.6481599999999997,25.977271424755664
2024-11-04 17:29:54,4.198834098911264,0.622,26.437220450515156,4.202810013272099,0.6468399999999999,26.006121127190752
2024-11-04 17:29:55,4.198834098911264,0.622,25.72571420883662,4.202593145216332,0.6455199999999998,26.006121127190752
2024-11-04 17:29:55,4.198834098911264,0.622,27.13035904417916,4.202363133641645,0.6441999999999998,26.00612112719075
2024-11-04 17:29:55,4.198505510957618,0.622,26.437220450515156,4.202146265586605,0.6429199999999997,26.02035125202432
2024-11-04 17:29:55,4.198998392888499,0.622,26.437220450515156,4.201929397530472,0.6416399999999998,26.034581376857897
2024-11-04 17:29:56,4.199162686866011,0.622,25.72571420883662,4.201686242436009,0.6403599999999998,26.04920095445942
2024-11-04 17:29:56,4.198834098911264,0.622,25.72571420883662,4.201679670676921,0.6390399999999998,26.04920095445942
2024-11-04 17:29:56,4.198834098911264,0.622,26.437220450515156,4.201456230861698,0.6377199999999998,26.063431079292986
2024-11-04 17:29:56,4.198669804934304,0.622,24.9947353287605,4.201226219287398,0.6363999999999999,26.007202959824987
2024-11-04 17:29:57,4.198669804934304,0.622,26.437220450515156,4.201009351231992,0.6351199999999999,25.979824542792077
2024-11-04 17:29:57,4.198669804934304,0.622,25.72571420883662,4.200785911417143,0.63384,25.979824542792077
2024-11-04 17:29:57,4.198669804934304,0.622,26.437220450515156,4.2005558998428425,0.63252,26.023707491093948
2024-11-04 17:29:57,4.198834098911264,0.621,26.437220450515156,4.200319316508682,0.6311599999999999,26.009844719220673
2024-11-04 17:29:58,4.198998392888499,0.621,24.2430730354219,4.200069589655118,0.6298399999999998,25.980191895752373
2024-11-04 17:29:58,4.198998392888499,0.621,24.9947353287605,4.200069589655118,0.6285199999999999,25.951342193317277
2024-11-04 17:29:58,4.198505510957618,0.621,26.437220450515156,4.199826434562286,0.6283599999999998,25.951342193317288
2024-11-04 17:29:58,4.198998392888499,0.621,26.437220450515156,4.19960299474669,0.6281999999999998,25.897901107784683
2024-11-04 17:29:59,4.199326980843797,0.621,27.13035904417916,4.199379554930343,0.6280399999999997,25.91176387965797
2024-11-04 17:29:59,4.199326980843797,0.621,27.13035904417916,4.199169258632959,0.6267199999999996,25.911763879657965
2024-11-04 17:29:59,4.198998392888499,0.621,27.13035904417916,4.198926103538904,0.6253999999999995,25.939856776364817
2024-11-04 17:29:59,4.198998392888499,0.621,26.437220450515156,4.198919531779804,0.6241199999999995,25.925994004491532
2024-11-04 17:30:00,4.198834098911264,0.621,25.72571420883662,4.198926103538883,0.6228399999999994,25.911763879657965
2024-11-04 17:30:00,4.198834098911264,0.621,26.437220450515156,4.198912960020693,0.6215599999999994,25.940613582093057
2024-11-04 17:30:00,4.198669804934304,0.621,25.72571420883662,4.198866957706913,0.6215199999999994,25.940613582093047
2024-11-04 17:30:00,4.198998392888499,0.621,26.437220450515156,4.198873529466002,0.6214799999999994,25.940613582093057
2024-11-04 17:30:01,4.198669804934304,0.621,25.72571420883662,4.198866957706922,0.6214399999999993,25.955233159694572
2024-11-04 17:30:01,4.199326980843797,0.621,25.72571420883662,4.198886672984224,0.6213999999999994,25.969852737296097
2024-11-04 17:30:01,4.199162686866011,0.621,25.72571420883662,4.198899816502413,0.6213599999999994,25.969852737296087
2024-11-04 17:30:01,4.198834098911264,0.621,25.72571420883662,4.198912960020559,0.6213199999999994,25.969852737296087
2024-11-04 17:30:02,4.198998392888499,0.621,24.9947353287605,4.198912960020559,0.6212799999999994,25.94100303486099
2024-11-04 17:30:02,4.199162686866011,0.621,27.13035904417916,4.198912960020559,0.6212399999999995,25.941003034860998
2024-11-04 17:30:02,4.198998392888499,0.621,24.9947353287605,4.198919531779648,0.6211999999999995,25.97150980893754
2024-11-04 17:30:02,4.198834098911264,0.621,26.437220450515156,4.198919531779648,0.6211599999999995,26.000359511372636
2024-11-04 17:30:03,4.198505510957618,0.62,26.437220450515156,4.198912960020581,0.6210799999999996,26.044242459674507
2024-11-04 17:30:03,4.198834098911264,0.62,26.437220450515156,4.19891953177966,0.6209999999999997,26.030379687801222
2024-11-04 17:30:03,4.198834098911264,0.621,26.437220450515156,4.198926103538739,0.6209599999999997,26.0446098126348
2024-11-04 17:30:03,4.198998392888499,0.621,24.9947353287605,4.198939247056908,0.6209199999999997,26.044609812634803
2024-11-04 17:30:04,4.198998392888499,0.621,25.72571420883662,4.198945818815997,0.6209199999999997,26.059229390236332
2024-11-04 17:30:04,4.198834098911264,0.621,25.72571420883662,4.198939247056908,0.6209199999999997,26.04499926540276
2024-11-04 17:30:04,4.199162686866011,0.621,25.72571420883662,4.198945818816007,0.6209199999999997,26.03076914056919
2024-11-04 17:30:04,4.199326980843797,0.621,24.9947353287605,4.198978677611454,0.6209199999999997,25.988056666260814
2024-11-04 17:30:05,4.199162686866011,0.621,27.13035904417916,4.198985249370555,0.6209199999999997,26.016149562967666
2024-11-04 17:30:05,4.199491274821859,0.621,26.437220450515156,4.1989918211296775,0.6209199999999997,26.04499926540276
2024-11-04 17:30:05,4.198998392888499,0.621,25.72571420883662,4.198978677611465,0.6209199999999997,26.07465208887105
2024-11-04 17:30:05,4.199162686866011,0.621,24.2430730354219,4.198985249370565,0.6209199999999997,26.04499926540275
2024-11-04 17:30:06,4.199326980843797,0.621,27.13035904417916,4.198998392888777,0.6209199999999996,26.073092162109596
2024-11-04 17:30:06,4.198998392888499,0.621,27.13035904417916,4.199004964647866,0.6209199999999995,26.10118505881645
2024-11-04 17:30:06,4.198998392888499,0.621,26.437220450515156,4.199011536406956,0.6209199999999995,26.115415183650022
2024-11-04 17:30:06,4.198998392888499,0.621,24.9947353287605,4.199024679925124,0.6209199999999995,26.05918706418202
2024-11-04 17:30:07,4.198998392888499,0.621,27.80614130216054,4.199024679925124,0.6209199999999995,26.086565481214926
2024-11-04 17:30:07,4.199162686866011,0.62,26.437220450515156,4.1990443952023915,0.6208799999999995,26.08656548121492
2024-11-04 17:30:07,4.198505510957618,0.62,25.72571420883662,4.199011536406945,0.6208399999999996,26.08656548121492
2024-11-04 17:30:07,4.198998392888499,0.62,23.469396624933097,4.199004964647845,0.6207999999999997,26.013346232830003
2024-11-04 17:30:08,4.199162686866011,0.62,27.13035904417916,4.199018108166033,0.6207599999999999,26.02720900470329
2024-11-04 17:30:08,4.198998392888499,0.62,26.437220450515156,4.199018108166034,0.6207199999999999,26.02720900470329
2024-11-04 17:30:08,4.198834098911264,0.62,26.437220450515156,4.199004964647845,0.62068,26.041439129536865
2024-11-04 17:30:08,4.199162686866011,0.62,27.13035904417916,4.199011536406944,0.6206400000000002,26.06953202624371
2024-11-04 17:30:09,4.199162686866011,0.62,26.437220450515156,4.199024679925134,0.6206000000000003,26.069532026243714
2024-11-04 17:30:09,4.199162686866011,0.62,26.437220450515156,4.199050966961469,0.6206000000000004,26.098381728678806
2024-11-04 17:30:09,4.199162686866011,0.62,27.13035904417916,4.199064110479657,0.6206000000000005,26.11224450055209
2024-11-04 17:30:09,4.199326980843797,0.62,22.672238853203226,4.19908382575696,0.6205600000000006,26.051174993439417
2024-11-04 17:30:10,4.199326980843797,0.62,26.437220450515156,4.199096969275172,0.6205200000000006,26.051174993439428
2024-11-04 17:30:10,4.199162686866011,0.62,24.9947353287605,4.199103541034272,0.6204800000000006,26.022325291004332
2024-11-04 17:30:10,4.199326980843797,0.62,24.2430730354219,4.199123256311573,0.6204400000000005,26.022325291004336
2024-11-04 17:30:10,4.198998392888499,0.62,25.72571420883662,4.1991166845524734,0.6204000000000005,26.03694486860585
2024-11-04 17:30:11,4.199326980843797,0.62,24.9947353287605,4.199116684552473,0.6203600000000005,26.008095166170754
2024-11-04 17:30:11,4.199162686866011,0.62,25.72571420883662,4.199116684552473,0.6203200000000004,25.993865041337195
2024-11-04 17:30:11,4.199819862778808,0.619,24.9947353287605,4.19912982807075,0.6202400000000003,25.951152567028817
2024-11-04 17:30:11,4.199326980843797,0.619,26.437220450515156,4.199142971588963,0.6201600000000002,25.93728979515553
2024-11-04 17:30:12,4.198834098911264,0.619,26.437220450515156,4.199129828070774,0.6200800000000002,25.923427023282247
2024-11-04 17:30:12,4.199162686866011,0.619,25.72571420883662,4.199123256311662,0.6200000000000001,25.90919689844868
2024-11-04 17:30:12,4.199326980843797,0.619,25.72571420883662,4.199136399829873,0.61992,25.90919689844868
2024-11-04 17:30:12,4.198998392888499,0.619,26.437220450515156,4.199136399829874,0.6198400000000001,25.90919689844868
2024-11-04 17:30:13,4.198834098911264,0.619,26.437220450515156,4.1991298280707845,0.61976,25.923427023282258
2024-11-04 17:30:13,4.199162686866011,0.619,23.469396624933097,4.199136399829885,0.6196799999999999,25.864070546770613
2024-11-04 17:30:13,4.199491274821859,0.618,24.2430730354219,4.199149543348119,0.6195999999999998,25.834417723302312
2024-11-04 17:30:13,4.199326980843797,0.618,24.9947353287605,4.199182402143567,0.6195199999999997,25.819798145700794
2024-11-04 17:30:14,4.199162686866011,0.618,23.469396624933097,4.199188973902667,0.6194399999999995,25.774671794022723
2024-11-04 17:30:14,4.199491274821859,0.619,25.72571420883662,4.199202117420901,0.6193999999999995,25.774671794022723
2024-11-04 17:30:14,4.199162686866011,0.619,24.9947353287605,4.199208689180001,0.6193599999999996,25.77467179402272
2024-11-04 17:30:14,4.199162686866011,0.619,25.72571420883662,4.199221832698191,0.6193199999999996,25.746578897315874
2024-11-04 17:30:15,4.199162686866011,0.618,25.72571420883662,4.19922183269819,0.6192399999999996,25.761198474917393
2024-11-04 17:30:15,4.199819862778808,0.618,26.437220450515156,4.199248119734701,0.6191599999999995,25.761198474917393
2024-11-04 17:30:15,4.198998392888499,0.618,25.72571420883662,4.199241547975601,0.6190799999999995,25.746968350083826
2024-11-04 17:30:15,4.199162686866011,0.618,24.9947353287605,4.199241547975601,0.6189999999999994,25.71811864764873
2024-11-04 17:30:16,4.199162686866011,0.618,26.437220450515156,4.199234976216489,0.6189199999999995,25.718118647648726
2024-11-04 17:30:16,4.198998392888499,0.618,27.13035904417916,4.199221832698276,0.6188399999999994,25.760831121957104
2024-11-04 17:30:16,4.199162686866011,0.618,26.437220450515156,4.199221832698276,0.6187599999999994,25.775061246790674
2024-11-04 17:30:16,4.199491274821859,0.618,25.72571420883662,4.199228404457399,0.6186799999999993,25.775061246790663
2024-11-04 17:30:17,4.198998392888499,0.618,24.9947353287605,4.1992284044574,0.6185999999999994,25.760441669189134
2024-11-04 17:30:17,4.199162686866011,0.617,24.9947353287605,4.199221832698288,0.6184799999999995,25.76044166918914
2024-11-04 17:30:17,4.198834098911264,0.617,28.465495270963004,4.199208689180099,0.6183599999999996,25.78714439372482
2024-11-04 17:30:17,4.199162686866011,0.617,25.72571420883662,4.199182402143586,0.6182799999999996,25.772914268891245
2024-11-04 17:30:18,4.199326980843797,0.617,26.437220450515156,4.199182402143586,0.6181999999999996,25.78714439372482
2024-11-04 17:30:18,4.198834098911264,0.617,25.72571420883662,4.199182402143588,0.6181199999999998,25.816797217193116
2024-11-04 17:30:18,4.198834098911264,0.616,25.72571420883662,4.199169258625399,0.6179999999999999,25.788704320486257
2024-11-04 17:30:18,4.199326980843797,0.616,25.72571420883662,4.199169258625399,0.6178799999999999,25.76061142377941
2024-11-04 17:30:19,4.199162686866011,0.617,27.13035904417916,4.199175830384499,0.6178,25.774474195652687
2024-11-04 17:30:19,4.199326980843797,0.617,26.437220450515156,4.199195545661801,0.61772,25.803323898087783
2024-11-04 17:30:19,4.199162686866011,0.617,27.13035904417916,4.1991955456618,0.6176400000000002,25.789808252928154
2024-11-04 17:30:19,4.199655568800195,0.617,27.80614130216054,4.199202117420933,0.6176000000000003,25.81718666996106
2024-11-04 17:30:20,4.198834098911264,0.617,25.72571420883662,4.199182402143632,0.6175600000000004,25.817186669961064
2024-11-04 17:30:20,4.199162686866011,0.617,27.13035904417916,4.199182402143632,0.6175200000000004,25.89040591834599
2024-11-04 17:30:20,4.199491274821859,0.617,26.437220450515156,4.199182402143632,0.6174400000000005,25.876543146472706
2024-11-04 17:30:20,4.198834098911264,0.617,24.2430730354219,4.199169258625442,0.6173600000000005,25.832660198170846
2024-11-04 17:30:21,4.198998392888499,0.616,24.9947353287605,4.199162686866342,0.6172400000000005,25.803810495735753
2024-11-04 17:30:21,4.199162686866011,0.616,26.437220450515156,4.199162686866341,0.6171600000000005,25.78994772386248
2024-11-04 17:30:21,4.198998392888499,0.616,25.72571420883662,4.199129828070729,0.6170800000000004,25.775717599028912
2024-11-04 17:30:21,4.198998392888499,0.616,25.72571420883662,4.199129828070729,0.6170000000000004,25.761487474195327
2024-11-04 17:30:22,4.198998392888499,0.616,26.437220450515156,4.19912325631163,0.6169200000000002,25.747624702322057
2024-11-04 17:30:22,4.198834098911264,0.616,25.72571420883662,4.199110112793441,0.6168400000000003,25.808694209434716
2024-11-04 17:30:22,4.199326980843797,0.616,23.469396624933097,4.199123256311653,0.6167600000000002,25.74933773292308
2024-11-04 17:30:22,4.199326980843797,0.616,27.13035904417916,4.199129828070764,0.6166800000000001,25.79205020723146
2024-11-04 17:30:23,4.199491274821859,0.616,24.9947353287605,4.199129828070764,0.6166000000000001,25.807083453098226
2024-11-04 17:30:23,4.198834098911264,0.617,25.72571420883662,4.199123256311675,0.6165600000000001,25.807083453098222
2024-11-04 17:30:23,4.199326980843797,0.617,25.72571420883662,4.199129828070786,0.6165600000000002,25.821703030699744
2024-11-04 17:30:23,4.199326980843797,0.617,24.9947353287605,4.1991495433480885,0.6165600000000002,25.807083453098226
2024-11-04 17:30:24,4.199162686866011,0.617,25.72571420883662,4.199149543348088,0.6165600000000002,25.821703030699755
2024-11-04 17:30:24,4.198998392888499,0.617,27.80614130216054,4.199136399829876,0.6165600000000002,25.84908144773266
2024-11-04 17:30:24,4.199162686866011,0.616,25.72571420883662,4.1991495433480654,0.6165200000000002,25.834851322899084
2024-11-04 17:30:24,4.199326980843797,0.616,24.9947353287605,4.199169258625367,0.6165200000000001,25.820231745297566
2024-11-04 17:30:25,4.199819862778808,0.617,27.13035904417916,4.199188973902767,0.6165600000000001,25.84832464200441
2024-11-04 17:30:25,4.199326980843797,0.617,25.72571420883662,4.199195545661878,0.6165600000000001,25.834094517170843
2024-11-04 17:30:25,4.199326980843797,0.617,24.9947353287605,4.199195545661878,0.6165600000000001,25.805244814735747
2024-11-04 17:30:25,4.199162686866011,0.617,25.72571420883662,4.199195545661877,0.6165600000000002,25.850371166413826
2024-11-04 17:30:26,4.199491274821859,0.617,26.437220450515156,4.199188973902743,0.6165600000000002,25.894254114715686
2024-11-04 17:30:26,4.199655568800195,0.616,25.72571420883662,4.1992218326983,0.6165200000000002,25.9088736923172
2024-11-04 17:30:26,4.198998392888499,0.616,25.72571420883662,4.1992152609392,0.6164800000000001,25.954000043995276
2024-11-04 17:30:26,4.199655568800195,0.616,24.9947353287605,4.199221832698332,0.6164400000000002,25.939380466393754
2024-11-04 17:30:27,4.199655568800195,0.616,29.10927472714519,4.1992546914938895,0.6164000000000002,26.021671254361454
2024-11-04 17:30:27,4.199326980843797,0.616,24.2430730354219,4.199267835012101,0.6164000000000002,25.992018430893165
2024-11-04 17:30:27,4.199655568800195,0.616,27.13035904417916,4.199287550289468,0.6164000000000002,26.020111327600006
2024-11-04 17:30:27,4.199326980843797,0.616,25.72571420883662,4.199300693807681,0.6164000000000002,26.00588120276643
2024-11-04 17:30:28,4.198834098911264,0.616,25.72571420883662,4.199294122048591,0.6164000000000002,26.00588120276643
2024-11-04 17:30:28,4.199326980843797,0.616,26.437220450515156,4.199307265566804,0.6164000000000001,26.034730905201524
2024-11-04 17:30:28,4.199655568800195,0.616,24.9947353287605,4.19934012436236,0.6164000000000001,26.005881202766435
2024-11-04 17:30:28,4.20014845073686,0.616,27.13035904417916,4.199372983158083,0.6164000000000001,26.00588120276643
2024-11-04 17:30:29,4.199491274821859,0.616,26.437220450515156,4.199379554917206,0.6164000000000001,26.005881202766442
2024-11-04 17:30:29,4.199162686866011,0.616,24.9947353287605,4.199366411398972,0.6164,25.99126162516492
2024-11-04 17:30:29,4.199655568800195,0.616,24.9947353287605,4.1993992701945295,0.6163599999999999,25.991261625164917
2024-11-04 17:30:29,4.199491274821859,0.616,26.437220450515156,4.199405841953652,0.6163199999999999,26.020111327600016
2024-11-04 17:30:30,4.199819862778808,0.616,27.13035904417916,4.199425557231053,0.6162799999999998,25.99340860306433
2024-11-04 17:30:30,4.199984156757696,0.616,27.13035904417916,4.19945841602672,0.6162399999999998,26.021501499771183
2024-11-04 17:30:30,4.199326980843797,0.616,27.13035904417916,4.199471559544931,0.6161999999999997,26.03536427164446
2024-11-04 17:30:30,4.199655568800195,0.616,25.72571420883662,4.199491274822298,0.6161999999999997,26.035364271644468
2024-11-04 17:30:31,4.199655568800195,0.616,23.469396624933097,4.199504418340553,0.6161999999999997,25.99023791996639
2024-11-04 17:30:31,4.199655568800195,0.616,26.437220450515156,4.199497846581409,0.6161599999999997,26.004468044799967
2024-11-04 17:30:31,4.199819862778808,0.616,27.80614130216054,4.199517561858809,0.6161199999999998,26.017983689959593
2024-11-04 17:30:31,4.199326980843797,0.616,25.72571420883662,4.199517561858809,0.6160799999999997,26.00375356512602
2024-11-04 17:30:32,4.199491274821859,0.616,26.437220450515156,4.199530705377044,0.6160399999999997,25.989890793252734
2024-11-04 17:30:32,4.199491274821859,0.616,25.72571420883662,4.199530705377044,0.6159999999999998,25.948282251386253
2024-11-04 17:30:32,4.199491274821859,0.616,24.9947353287605,4.199524133617911,0.6159999999999998,25.933662673784735
2024-11-04 17:30:32,4.199984156757696,0.616,26.437220450515156,4.199563564172679,0.6159999999999998,25.919799901911457
2024-11-04 17:30:33,4.199819862778808,0.616,24.2430730354219,4.199570135931823,0.6159999999999998,25.87591695360959
2024-11-04 17:30:33,4.199655568800195,0.615,24.9947353287605,4.199570135931824,0.6159599999999997,25.890950199476364
2024-11-04 17:30:33,4.199819862778808,0.615,23.469396624933097,4.1995898512092245,0.6159199999999996,25.86044342539981
2024-11-04 17:30:33,4.199655568800195,0.615,27.80614130216054,4.1995898512092245,0.6158799999999995,25.887821842432718
2024-11-04 17:30:34,4.199655568800195,0.615,26.437220450515156,4.1996029947274796,0.6158399999999995,25.90205196726629
2024-11-04 17:30:34,4.199655568800195,0.615,26.437220450515156,4.199635853523036,0.6157999999999995,25.916282092099863
2024-11-04 17:30:34,4.199326980843797,0.616,24.2430730354219,4.199635853523036,0.6157999999999995,25.872399143798
2024-11-04 17:30:34,4.199655568800195,0.616,25.72571420883662,4.199635853523035,0.6157999999999995,25.872399143798003
2024-11-04 17:30:35,4.199655568800195,0.615,27.80614130216054,4.199616138245568,0.6157599999999994,25.959134037342555
2024-11-04 17:30:35,4.199655568800195,0.615,25.72571420883662,4.1996227100047,0.6157199999999994,25.9310411406357
2024-11-04 17:30:35,4.199819862778808,0.615,25.72571420883662,4.199648997041212,0.6156799999999993,25.94566071823722
2024-11-04 17:30:35,4.199655568800195,0.615,24.9947353287605,4.199648997041212,0.6156399999999993,25.931041140635703
2024-11-04 17:30:36,4.199819862778808,0.615,25.72571420883662,4.199662140559491,0.6155999999999993,25.9310411406357
2024-11-04 17:30:36,4.199655568800195,0.615,24.9947353287605,4.199655568800347,0.6155599999999992,25.931041140635703
2024-11-04 17:30:36,4.199984156757696,0.615,24.2430730354219,4.199655568800347,0.6155199999999993,25.901388317167413
2024-11-04 17:30:36,4.198998392888499,0.615,27.13035904417916,4.1996424252821365,0.6154799999999994,25.887872672007774
2024-11-04 17:30:37,4.199491274821859,0.615,24.9947353287605,4.199635853523003,0.6154399999999993,25.873253094406255
2024-11-04 17:30:37,4.199819862778808,0.615,26.437220450515156,4.199642425282148,0.6153999999999994,25.902102796841344
2024-11-04 17:30:37,4.199819862778808,0.615,25.72571420883662,4.199648997041293,0.6153599999999994,25.874009900134496
2024-11-04 17:30:37,4.199326980843797,0.615,24.9947353287605,4.199629281763893,0.6153199999999992,25.859390322532978
2024-11-04 17:30:38,4.199655568800195,0.614,26.437220450515156,4.199642425282149,0.6152399999999993,25.888240024968074
2024-11-04 17:30:38,4.198998392888499,0.614,25.72571420883662,4.199622710004816,0.6151599999999994,25.888240024968063
2024-11-04 17:30:38,4.199491274821859,0.615,25.72571420883662,4.1996227100048165,0.6151199999999994,25.87400990013449
2024-11-04 17:30:38,4.199491274821859,0.615,24.9947353287605,4.199622710004817,0.6150799999999994,25.859390322532967
2024-11-04 17:30:38,4.199326980843797,0.615,25.72571420883662,4.199596422968261,0.6150399999999995,25.859390322532974
2024-11-04 17:30:39,4.199491274821859,0.614,27.13035904417916,4.199583279449983,0.6149599999999996,25.90210279684134
2024-11-04 17:30:39,4.20014845073686,0.614,27.13035904417916,4.199602994727449,0.6149199999999997,25.862524483182025
2024-11-04 17:30:39,4.199491274821859,0.614,26.437220450515156,4.199589851209171,0.6148799999999998,25.906407431483885
2024-11-04 17:30:39,4.20014845073686,0.614,26.437220450515156,4.199609566486638,0.6148399999999998,25.89254465961061
2024-11-04 17:30:40,4.199655568800195,0.614,22.672238853203226,4.199609566486637,0.6148,25.831475152497948
2024-11-04 17:30:40,4.199819862778808,0.614,27.13035904417916,4.199616138245782,0.6147600000000001,25.8595680492048
2024-11-04 17:30:40,4.199655568800195,0.614,26.437220450515156,4.199629281764037,0.6146800000000002,25.85956804920481
2024-11-04 17:30:40,4.199491274821859,0.614,25.72571420883662,4.1996227100049035,0.6146000000000001,25.874187626806325
2024-11-04 17:30:41,4.199326980843797,0.614,27.80614130216054,4.199609566486647,0.6145600000000002,25.887703271965947
2024-11-04 17:30:41,4.199162686866011,0.614,26.437220450515156,4.199589851209279,0.6145200000000003,25.887703271965947
2024-11-04 17:30:41,4.200312744716299,0.614,25.72571420883662,4.199609566486777,0.6144800000000005,25.902322849567472
2024-11-04 17:30:41,4.200312744716299,0.614,29.73826698279845,4.1996358535234215,0.6144400000000004,25.99719348264823
2024-11-04 17:30:42,4.20014845073686,0.614,27.13035904417916,4.199648997041743,0.6144000000000005,26.011056254521506
2024-11-04 17:30:42,4.199819862778808,0.614,24.9947353287605,4.199655568800888,0.6143600000000005,25.968343780213125
2024-11-04 17:30:42,4.199655568800195,0.614,25.72571420883662,4.199642425282588,0.6143200000000005,25.940250883506277
2024-11-04 17:30:42,4.20014845073686,0.614,24.9947353287605,4.199688427596523,0.6142800000000005,25.8975384091979
2024-11-04 17:30:43,4.199984156757696,0.614,26.437220450515156,4.199708142873956,0.6142400000000005,25.91176853403147
2024-11-04 17:30:43,4.200312744716299,0.614,26.437220450515156,4.199727858151455,0.6142000000000005,25.97112501054312
2024-11-04 17:30:43,4.20014845073686,0.614,26.437220450515156,4.199741001669777,0.6141600000000005,25.97112501054312
2024-11-04 17:30:43,4.199326980843797,0.614,26.437220450515156,4.199741001669778,0.6141200000000006,25.943746593510213
2024-11-04 17:30:44,4.199819862778808,0.614,28.465495270963004,4.1997475734289225,0.6141200000000006,25.998542214752742
2024-11-04 17:30:44,4.199984156757696,0.614,25.72571420883662,4.19978700398369,0.6141200000000006,25.984312089919168
2024-11-04 17:30:44,4.199491274821859,0.614,28.465495270963004,4.199787003983691,0.6140800000000005,26.039107711161694
2024-11-04 17:30:44,4.199984156757696,0.614,25.72571420883662,4.199806719261124,0.6140400000000006,26.05372728876322
2024-11-04 17:30:45,4.200312744716299,0.614,25.72571420883662,4.199846149816024,0.6140000000000005,26.039497163929646
2024-11-04 17:30:45,4.200312744716299,0.614,26.437220450515156,4.199879008611802,0.6140000000000005,26.083380112231517
2024-11-04 17:30:45,4.200641332676002,0.614,26.437220450515156,4.199898723889369,0.6140000000000005,26.112229814666605
2024-11-04 17:30:45,4.199491274821859,0.614,25.72571420883662,4.199898723889369,0.6140000000000005,26.15735616634467
2024-11-04 17:30:46,4.199819862778808,0.614,25.72571420883662,4.199885580371047,0.6140000000000005,26.11574762447819
2024-11-04 17:30:46,4.199655568800195,0.613,26.437220450515156,4.199885580371046,0.6139600000000005,26.11574762447819
2024-11-04 17:30:46,4.199655568800195,0.613,26.437220450515156,4.199879008611901,0.6139200000000005,26.1157476244782
2024-11-04 17:30:46,4.199984156757696,0.613,25.72571420883662,4.199892152130201,0.6138800000000004,26.145400447946496
2024-11-04 17:30:47,4.20014845073686,0.613,26.437220450515156,4.199918439166801,0.6138400000000004,26.15963057278007
2024-11-04 17:30:47,4.200312744716299,0.613,28.465495270963004,4.1999578697217,0.6138000000000003,26.17281765215612
2024-11-04 17:30:47,4.20014845073686,0.613,25.72571420883662,4.199997300276535,0.6137600000000003,26.17281765215612
2024-11-04 17:30:47,4.199984156757696,0.613,24.9947353287605,4.19998415675819,0.6137200000000003,26.15819807455459
2024-11-04 17:30:48,4.199819862778808,0.613,25.72571420883662,4.199964441480691,0.6136800000000001,26.17281765215612
2024-11-04 17:30:48,4.20014845073686,0.613,26.437220450515156,4.199964441480691,0.6136400000000001,26.187047776989694
2024-11-04 17:30:48,4.199819862778808,0.613,27.13035904417916,4.199964441480691,0.6136,26.22976025129806
2024-11-04 17:30:48,4.199655568800195,0.613,25.72571420883662,4.199964441480691,0.61356,26.25941307476636
2024-11-04 17:30:49,4.199655568800195,0.613,27.80614130216054,4.199944726203224,0.61352,26.272928719925986
2024-11-04 17:30:49,4.20014845073686,0.613,24.2430730354219,4.19995129796239,0.6134799999999999,26.257895474059218
2024-11-04 17:30:49,4.199819862778808,0.613,25.72571420883662,4.199931582684892,0.6134399999999999,26.243665349225648
2024-11-04 17:30:49,4.199984156757696,0.612,27.13035904417916,4.199925010925726,0.6133599999999998,26.271758245932503
2024-11-04 17:30:50,4.199984156757696,0.612,26.437220450515156,4.199951297962281,0.6132799999999997,26.30060794836759
2024-11-04 17:30:50,4.199984156757696,0.612,26.437220450515156,4.199957869721437,0.6131999999999995,26.30060794836759
2024-11-04 17:30:50,4.20014845073686,0.612,26.437220450515156,4.199964441480604,0.6131199999999994,26.314838073201162
2024-11-04 17:30:50,4.20014845073686,0.612,28.465495270963004,4.199990728517204,0.6130399999999995,26.36963369444368
2024-11-04 17:30:51,4.20014845073686,0.612,25.72571420883662,4.199997300276371,0.6129599999999994,26.384253272045207
2024-11-04 17:30:51,4.199655568800195,0.612,25.72571420883662,4.199971013239726,0.6128799999999993,26.3842532720452
2024-11-04 17:30:51,4.200312744716299,0.611,26.437220450515156,4.199971013239725,0.6127599999999993,26.370390500171926
2024-11-04 17:30:51,4.20014845073686,0.611,25.72571420883662,4.19995129796216,0.6126399999999994,26.342297603465067
2024-11-04 17:30:52,4.200312744716299,0.612,24.9947353287605,4.199984156757938,0.6125599999999993,26.31344790102997
2024-11-04 17:30:52,4.20014845073686,0.612,25.72571420883662,4.19999730027626,0.6124799999999992,26.29921777619641
2024-11-04 17:30:52,4.199984156757696,0.612,24.9947353287605,4.200010443794559,0.6124399999999992,26.34566770570756
2024-11-04 17:30:52,4.20014845073686,0.612,24.9947353287605,4.200030159072026,0.6123999999999993,26.30295523139918
2024-11-04 17:30:53,4.20014845073686,0.612,24.9947353287605,4.200036730831193,0.6123599999999992,26.274105528964085
2024-11-04 17:30:53,4.200477038696013,0.611,27.13035904417916,4.200049874349559,0.6122799999999994,26.30219842567094
2024-11-04 17:30:53,4.199984156757696,0.611,27.13035904417916,4.200036730831215,0.6121999999999995,26.288682780511312
2024-11-04 17:30:53,4.20014845073686,0.611,25.72571420883662,4.200036730831216,0.6121199999999996,26.27445265567774
2024-11-04 17:30:54,4.20014845073686,0.611,24.9947353287605,4.200043302590383,0.6120399999999997,26.259833078076223
2024-11-04 17:30:54,4.200641332676002,0.611,27.13035904417916,4.200076161386271,0.6119599999999998,26.207674919303837
2024-11-04 17:30:54,4.199984156757696,0.611,24.9947353287605,4.2000695896271045,0.6118799999999999,26.164962444995457
2024-11-04 17:30:54,4.200641332676002,0.611,27.80614130216054,4.200102448422993,0.6117999999999999,26.221190564463463
2024-11-04 17:30:55,4.199984156757696,0.611,26.437220450515156,4.200115591941293,0.61172,26.235420689297026
2024-11-04 17:30:55,4.199491274821859,0.611,25.72571420883662,4.200109020182159,0.6116400000000002,26.25004026689854
2024-11-04 17:30:55,4.200312744716299,0.611,25.72571420883662,4.200115591941337,0.6115600000000002,26.235810142064974
2024-11-04 17:30:55,4.20014845073686,0.611,26.437220450515156,4.200128735459659,0.6114800000000004,26.235810142064974
2024-11-04 17:30:56,4.20014845073686,0.611,26.437220450515156,4.200135307218825,0.6114400000000003,26.235810142064974
2024-11-04 17:30:56,4.199984156757696,0.611,28.465495270963004,4.200135307218825,0.6114000000000004,26.276375638473937
2024-11-04 17:30:56,4.199819862778808,0.611,24.9947353287605,4.200128735459669,0.6113600000000003,26.20696043962989
2024-11-04 17:30:56,4.20014845073686,0.611,27.13035904417916,4.200128735459669,0.6113200000000004,26.235053336336733
2024-11-04 17:30:57,4.200312744716299,0.611,27.13035904417916,4.200135307218845,0.6112800000000004,26.208350611801055
2024-11-04 17:30:57,4.199819862778808,0.611,24.9947353287605,4.200122163700524,0.6112400000000004,26.193731034199537
2024-11-04 17:30:57,4.200477038696013,0.61,24.9947353287605,4.200155022496356,0.6111600000000004,26.179111456598015
2024-11-04 17:30:57,4.199819862778808,0.61,24.9947353287605,4.200135307218857,0.6111200000000003,26.15026175416293
2024-11-04 17:30:58,4.199819862778808,0.611,25.72571420883662,4.200122163700534,0.6111200000000003,26.136031629329356
2024-11-04 17:30:58,4.200805626656267,0.611,27.80614130216054,4.200141878978133,0.6110800000000003,26.177640171195826
2024-11-04 17:30:58,4.199984156757696,0.611,25.72571420883662,4.200135307218967,0.6110400000000004,26.177640171195826
2024-11-04 17:30:58,4.199819862778808,0.61,24.2430730354219,4.200128735459811,0.6109600000000003,26.13375722289397
2024-11-04 17:30:59,4.20014845073686,0.61,26.437220450515156,4.200128735459811,0.6108800000000002,26.133757222893966
2024-11-04 17:30:59,4.200312744716299,0.61,25.72571420883662,4.200135307218988,0.6108000000000002,26.133757222893966
2024-11-04 17:30:59,4.200805626656267,0.61,25.72571420883662,4.200148450737399,0.6107600000000002,26.119527098060388
2024-11-04 17:30:59,4.200312744716299,0.61,24.9947353287605,4.200161594255743,0.6107200000000002,26.05011189921634
2024-11-04 17:31:00,4.200805626656267,0.61,27.80614130216054,4.200187881292519,0.61068,26.091720441082813
2024-11-04 17:31:00,4.200477038696013,0.61,26.437220450515156,4.200201024810885,0.61064,26.120570143517906
2024-11-04 17:31:00,4.199819862778808,0.61,25.72571420883662,4.200168166014997,0.6105999999999999,26.120570143517906
2024-11-04 17:31:00,4.20014845073686,0.61,27.13035904417916,4.200174737774164,0.6105599999999999,26.134432915391184
2024-11-04 17:31:01,4.200312744716299,0.61,26.437220450515156,4.200161594255775,0.6105199999999998,26.120570143517906
2024-11-04 17:31:01,4.20014845073686,0.61,25.72571420883662,4.200168166014942,0.6104799999999998,26.120570143517906
2024-11-04 17:31:01,4.20014845073686,0.61,26.437220450515156,4.200194453051542,0.6104399999999998,26.093191726485003
2024-11-04 17:31:01,4.200477038696013,0.61,22.672238853203226,4.200201024810732,0.6103999999999997,26.061775042840633
2024-11-04 17:31:02,4.199491274821859,0.61,25.72571420883662,4.200174737774132,0.6103599999999997,26.061775042840637
2024-11-04 17:31:02,4.20014845073686,0.61,25.72571420883662,4.200174737774133,0.6103199999999998,26.03368214613379
2024-11-04 17:31:02,4.200969920636808,0.61,27.80614130216054,4.200214168329296,0.6102799999999997,26.06106056316669
2024-11-04 17:31:02,4.200641332676002,0.61,25.72571420883662,4.200247027125184,0.6102399999999997,26.046830438333117
2024-11-04 17:31:03,4.20014845073686,0.61,26.437220450515156,4.200247027125184,0.6101999999999996,26.046830438333117
2024-11-04 17:31:03,4.200477038696013,0.61,27.80614130216054,4.200253598884374,0.6101599999999996,26.03364335895708
2024-11-04 17:31:03,4.199819862778808,0.61,24.9947353287605,4.200253598884374,0.6101199999999996,26.01902378135555
2024-11-04 17:31:03,4.200477038696013,0.61,24.9947353287605,4.200253598884375,0.6101199999999997,26.004404203754028
2024-11-04 17:31:04,4.199655568800195,0.61,26.437220450515156,4.20024702712523,0.6101199999999997,26.004404203754028
2024-11-04 17:31:04,4.200641332676002,0.61,24.9947353287605,4.200279885921117,0.6100799999999996,25.98978462615251
2024-11-04 17:31:04,4.200477038696013,0.609,28.465495270963004,4.200266742402707,0.6099999999999998,26.059199824996554
2024-11-04 17:31:04,4.200312744716299,0.609,27.13035904417916,4.200279885921051,0.6099199999999998,26.087292721703406
2024-11-04 17:31:05,4.20014845073686,0.609,26.437220450515156,4.200293029439373,0.6098799999999999,26.116142424138506
2024-11-04 17:31:05,4.200312744716299,0.609,24.9947353287605,4.200299601198549,0.6098399999999999,26.116142424138502
2024-11-04 17:31:05,4.20014845073686,0.609,26.437220450515156,4.200293029439372,0.6098,26.144992126573587
2024-11-04 17:31:05,4.200312744716299,0.609,24.2430730354219,4.200273314161771,0.6097600000000001,26.08724640639845
2024-11-04 17:31:06,4.200969920636808,0.609,27.80614130216054,4.200299601198592,0.6097200000000003,26.10076205155807
2024-11-04 17:31:06,4.200312744716299,0.609,25.72571420883662,4.200279885920993,0.6096800000000003,26.10076205155808
2024-11-04 17:31:06,4.200312744716299,0.609,25.72571420883662,4.200273314161803,0.6096400000000004,26.115381629159593
2024-11-04 17:31:06,4.199984156757696,0.609,27.13035904417916,4.200279885920959,0.6096000000000005,26.115381629159597
2024-11-04 17:31:07,4.20014845073686,0.609,25.72571420883662,4.200279885920959,0.6095600000000005,26.13000120676112
2024-11-04 17:31:07,4.200477038696013,0.609,24.9947353287605,4.200286457680147,0.6095200000000007,26.073773087293116
2024-11-04 17:31:07,4.201134214617624,0.609,26.437220450515156,4.200325888235378,0.6094800000000007,26.07377308729312
2024-11-04 17:31:07,4.200312744716299,0.609,27.13035904417916,4.200332459994555,0.6094400000000008,26.101865983999975
2024-11-04 17:31:08,4.200805626656267,0.609,25.72571420883662,4.200345603512966,0.6094000000000007,26.101865983999968
2024-11-04 17:31:08,4.200969920636808,0.609,25.72571420883662,4.200404749345564,0.6093600000000008,26.087635859166394
2024-11-04 17:31:08,4.200477038696013,0.609,26.437220450515156,4.200417892863932,0.6093200000000007,26.087635859166404
2024-11-04 17:31:08,4.200477038696013,0.608,28.465495270963004,4.200398177586301,0.6092400000000008,26.087635859166394
2024-11-04 17:31:09,4.200641332676002,0.608,25.72571420883662,4.200398177586301,0.6091600000000007,26.10225543676792
2024-11-04 17:31:09,4.200969920636808,0.608,27.80614130216054,4.200431036382298,0.6090800000000007,26.11577108192755
2024-11-04 17:31:09,4.200805626656267,0.608,27.13035904417916,4.200444179900709,0.6090000000000007,26.115771081927548
2024-11-04 17:31:09,4.200969920636808,0.608,28.465495270963004,4.200490182215027,0.6089200000000006,26.1851862807716
2024-11-04 17:31:10,4.200805626656267,0.608,26.437220450515156,4.200503325733438,0.6088400000000004,26.214035983206685
2024-11-04 17:31:10,4.200477038696013,0.608,24.9947353287605,4.2005361845292715,0.6087600000000005,26.21403598320668
2024-11-04 17:31:10,4.200477038696013,0.608,25.72571420883662,4.2005296127700715,0.6086800000000003,26.214035983206685
2024-11-04 17:31:10,4.200312744716299,0.608,27.13035904417916,4.200523041010883,0.6086400000000003,26.20052033804706
2024-11-04 17:31:11,4.200641332676002,0.608,25.72571420883662,4.2005361845292715,0.6086000000000003,26.200520338047063
2024-11-04 17:31:11,4.200641332676002,0.608,24.9947353287605,4.200555899806837,0.6085600000000002,26.215553583913838
2024-11-04 17:31:11,4.200969920636808,0.608,24.9947353287605,4.200582186843657,0.6085200000000003,26.186703881478742
2024-11-04 17:31:11,4.200312744716299,0.608,24.9947353287605,4.2005887586028345,0.6084800000000002,26.172084303877224
2024-11-04 17:31:12,4.200805626656267,0.608,27.80614130216054,4.200608473880433,0.6084400000000003,26.213692845743704
2024-11-04 17:31:12,4.200641332676002,0.608,24.2430730354219,4.200595330362002,0.6084000000000003,26.198659599876937
2024-11-04 17:31:12,4.200805626656267,0.608,24.9947353287605,4.2006150456396005,0.6083600000000003,26.142431480408938
2024-11-04 17:31:12,4.200641332676002,0.608,25.72571420883662,4.200628189157989,0.6083200000000004,26.128201355575367
2024-11-04 17:31:13,4.200312744716299,0.608,23.469396624933097,4.200641332676332,0.6082800000000004,26.08307500389729
2024-11-04 17:31:13,4.20014845073686,0.608,24.2430730354219,4.200641332676332,0.6082400000000003,26.025329283722147
2024-11-04 17:31:13,4.200477038696013,0.608,24.9947353287605,4.200641332676332,0.6082000000000004,25.996479581287055
2024-11-04 17:31:13,4.200641332676002,0.608,27.13035904417916,4.200621617398667,0.6081600000000003,26.024572477993896
2024-11-04 17:31:14,4.200312744716299,0.607,25.72571420883662,4.200621617398667,0.6080800000000003,26.010342353160333
2024-11-04 17:31:14,4.200477038696013,0.607,24.9947353287605,4.2006084738802585,0.6080000000000002,26.056792282671474
2024-11-04 17:31:14,4.200805626656267,0.607,26.437220450515156,4.200601902121036,0.6079200000000001,26.071022407505044
2024-11-04 17:31:14,4.200477038696013,0.607,24.9947353287605,4.200601902121037,0.6078400000000002,26.056402829903515
2024-11-04 17:31:15,4.200641332676002,0.607,25.72571420883662,4.200608473880236,0.6078000000000001,26.014794288037038
2024-11-04 17:31:15,4.200312744716299,0.607,27.80614130216054,4.200595330361847,0.6077600000000001,26.05640282990352
2024-11-04 17:31:15,4.200641332676002,0.607,25.72571420883662,4.200582186843416,0.60772,26.04217270506995
2024-11-04 17:31:15,4.200641332676002,0.607,26.437220450515156,4.2005756150842055,0.6076799999999999,26.014794288037038
2024-11-04 17:31:16,4.200805626656267,0.607,25.72571420883662,4.200569043324983,0.6076399999999998,26.029413865638563
2024-11-04 17:31:16,4.200641332676002,0.607,24.2430730354219,4.200562471565774,0.6075999999999998,26.014380619771785
2024-11-04 17:31:16,4.200477038696013,0.607,24.2430730354219,4.200562471565774,0.6075599999999998,25.97049767146992
2024-11-04 17:31:16,4.200805626656267,0.607,25.72571420883662,4.200575615084184,0.6075199999999998,25.985117249071447
2024-11-04 17:31:17,4.201462802580083,0.607,26.437220450515156,4.200621617398736,0.6074799999999998,25.94455175266249
2024-11-04 17:31:17,4.200312744716299,0.607,27.13035904417916,4.200608473880346,0.6074399999999998,25.944551752662488
2024-11-04 17:31:17,4.200312744716299,0.607,24.9947353287605,4.200595330361957,0.6073999999999997,25.915702050227402
2024-11-04 17:31:17,4.200969920636808,0.607,24.2430730354219,4.200595330361957,0.6073599999999996,25.900668804360624
2024-11-04 17:31:18,4.200805626656267,0.607,26.437220450515156,4.200615045639556,0.6073199999999995,25.90066880436062
2024-11-04 17:31:18,4.200641332676002,0.607,26.437220450515156,4.2006084738803455,0.6072799999999995,25.94455175266249
2024-11-04 17:31:18,4.200969920636808,0.607,26.437220450515156,4.2006216173987765,0.6072399999999994,25.917173335629595
2024-11-04 17:31:18,4.200641332676002,0.607,26.437220450515156,4.200615045639567,0.6071999999999995,25.931403460463162
2024-11-04 17:31:19,4.201134214617624,0.606,22.672238853203226,4.2006347609172305,0.6071199999999997,25.870333953350496
2024-11-04 17:31:19,4.201462802580083,0.606,24.9947353287605,4.200680763231783,0.6070399999999997,25.827621479042126
2024-11-04 17:31:19,4.200805626656267,0.606,26.437220450515156,4.200707050268558,0.6069599999999998,25.841851603875693
2024-11-04 17:31:19,4.201134214617624,0.606,26.437220450515156,4.200733337305422,0.60688,25.870701306310792
2024-11-04 17:31:20,4.200477038696013,0.606,24.9947353287605,4.200726765546224,0.6068,25.841851603875696
2024-11-04 17:31:20,4.200641332676002,0.606,24.2430730354219,4.2007399090646125,0.6067600000000001,25.78410588370056
2024-11-04 17:31:20,4.201298508598716,0.606,26.437220450515156,4.2007727678607205,0.6067200000000001,25.798336008534132
2024-11-04 17:31:20,4.200969920636808,0.606,24.9947353287605,4.200779339619942,0.6066800000000003,25.783716430932603
2024-11-04 17:31:21,4.200969920636808,0.606,25.72571420883662,4.2007990548975735,0.6066400000000004,25.769486306099033
2024-11-04 17:31:21,4.200477038696013,0.606,24.2430730354219,4.2007924831383745,0.6066000000000005,25.685037861388206
2024-11-04 17:31:21,4.201298508598716,0.606,24.9947353287605,4.200831913693671,0.6065600000000005,25.670418283786685
2024-11-04 17:31:21,4.200805626656267,0.606,24.2430730354219,4.200838485452881,0.6065200000000006,25.599156918451914
2024-11-04 17:31:22,4.200312744716299,0.606,25.72571420883662,4.200825341934493,0.6064800000000007,25.57106402174507
2024-11-04 17:31:22,4.201298508598716,0.606,26.437220450515156,4.200845057212191,0.6064400000000006,25.530498525336107
2024-11-04 17:31:22,4.200641332676002,0.606,27.13035904417916,4.200845057212191,0.6064000000000007,25.544361297209385
2024-11-04 17:31:22,4.200805626656267,0.606,27.80614130216054,4.2008582007306,0.6063600000000008,25.60058941667739
2024-11-04 17:31:23,4.200805626656267,0.606,24.2430730354219,4.2008582007306,0.6063200000000007,25.57093659320909
2024-11-04 17:31:23,4.200805626656267,0.606,24.9947353287605,4.200831913693647,0.6062800000000008,25.528224118900713
2024-11-04 17:31:23,4.200969920636808,0.606,24.9947353287605,4.200858200730469,0.6062400000000008,25.51360454129919
2024-11-04 17:31:23,4.200805626656267,0.606,26.437220450515156,4.200877916008067,0.6062000000000007,25.542454243734284
2024-11-04 17:31:24,4.200969920636808,0.606,24.9947353287605,4.200877916008065,0.6061600000000008,25.542454243734287
2024-11-04 17:31:24,4.200969920636808,0.606,27.80614130216054,4.200884487767288,0.6061200000000008,25.598682363202283
2024-11-04 17:31:24,4.200969920636808,0.606,25.72571420883662,4.20089763128572,0.6060800000000007,25.557073821335806
2024-11-04 17:31:24,4.201134214617624,0.605,27.13035904417916,4.200904203044952,0.6060000000000006,25.614819541510954
2024-11-04 17:31:25,4.200641332676002,0.605,25.72571420883662,4.200904203044952,0.6059200000000007,25.629439119112476
2024-11-04 17:31:25,4.201627096561725,0.605,27.13035904417916,4.200923918322717,0.6058800000000005,25.657532015819328
2024-11-04 17:31:25,4.200477038696013,0.606,26.437220450515156,4.200884487767354,0.6058800000000005,25.716888492330963
2024-11-04 17:31:25,4.201462802580083,0.606,25.72571420883662,4.200910774804307,0.6058800000000005,25.74654131579926
2024-11-04 17:31:26,4.200969920636808,0.606,27.80614130216054,4.200904203045075,0.6058800000000005,25.802769435267255
2024-11-04 17:31:26,4.201134214617624,0.606,26.437220450515156,4.200930490081939,0.6058800000000005,25.78890666339398
2024-11-04 17:31:26,4.201298508598716,0.605,24.2430730354219,4.200956777118848,0.6058400000000005,25.75925383992568
2024-11-04 17:31:26,4.200805626656267,0.605,27.13035904417916,4.200937061841151,0.6058000000000004,25.80196631423406
2024-11-04 17:31:27,4.201134214617624,0.605,26.437220450515156,4.200943633600383,0.6057600000000004,25.80196631423406
2024-11-04 17:31:27,4.200969920636808,0.606,24.9947353287605,4.200943633600383,0.6057600000000004,25.801966314234054
2024-11-04 17:31:27,4.200969920636808,0.606,27.13035904417916,4.200963348878014,0.6057600000000004,25.83005921094091
2024-11-04 17:31:27,4.201134214617624,0.605,23.469396624933097,4.20095677711877,0.6057200000000005,25.743324317396358
2024-11-04 17:31:28,4.200969920636808,0.605,26.437220450515156,4.20096334887799,0.6056800000000004,25.75755444222993
2024-11-04 17:31:28,4.200969920636808,0.605,27.13035904417916,4.2009896359148104,0.6056400000000005,25.77141721410321
2024-11-04 17:31:28,4.200969920636808,0.605,24.9947353287605,4.200976492396333,0.6056000000000005,25.756797636501688
2024-11-04 17:31:28,4.200969920636808,0.605,21.84997632024192,4.200989635914766,0.6055600000000004,25.708935702198083
2024-11-04 17:31:29,4.200805626656267,0.605,26.437220450515156,4.200989635914765,0.6055200000000004,25.752818650499947
2024-11-04 17:31:29,4.200805626656267,0.605,27.13035904417916,4.200989635914765,0.6054800000000004,25.78091154720679
2024-11-04 17:31:29,4.201134214617624,0.605,24.9947353287605,4.20100277943322,0.6054400000000003,25.752061844771706
2024-11-04 17:31:29,4.201462802580083,0.605,25.72571420883662,4.201022494710952,0.6054000000000004,25.723968948064858
2024-11-04 17:31:30,4.201134214617624,0.605,29.10927472714519,4.201035638229406,0.6053600000000003,25.806259736032548
2024-11-04 17:31:30,4.201298508598716,0.605,25.72571420883662,4.2010487817478825,0.6053200000000003,25.835912559500848
2024-11-04 17:31:30,4.201134214617624,0.605,25.72571420883662,4.201055353507115,0.6052800000000002,25.821682434667274
2024-11-04 17:31:30,4.201298508598716,0.605,24.9947353287605,4.201068497025592,0.6052400000000002,25.792832732232178
2024-11-04 17:31:31,4.201462802580083,0.605,25.72571420883662,4.201081640544093,0.6052400000000002,25.778602607398607
2024-11-04 17:31:31,4.201134214617624,0.605,26.437220450515156,4.201101355821757,0.6052400000000002,25.778602607398614
2024-11-04 17:31:31,4.201134214617624,0.605,27.13035904417916,4.201081640543992,0.6052400000000003,25.86776501121813
2024-11-04 17:31:31,4.201462802580083,0.605,24.2430730354219,4.201121071099355,0.6052000000000003,25.852731765351365
2024-11-04 17:31:32,4.200969920636808,0.605,26.437220450515156,4.201101355821624,0.6051600000000003,25.852731765351365
2024-11-04 17:31:32,4.201462802580083,0.605,27.80614130216054,4.201121071099355,0.6051200000000003,25.880110182384268
2024-11-04 17:31:32,4.200969920636808,0.604,25.72571420883662,4.201114499340123,0.6050400000000002,25.894729759985793
2024-11-04 17:31:32,4.201462802580083,0.604,26.437220450515156,4.2011210710993785,0.6050000000000002,25.938612708287657
2024-11-04 17:31:33,4.201627096561725,0.604,25.72571420883662,4.2011539298955975,0.6049600000000002,25.92438258345409
2024-11-04 17:31:33,4.201791390543644,0.604,26.437220450515156,4.201180216932638,0.6049200000000001,25.95323228588918
2024-11-04 17:31:33,4.201462802580083,0.604,25.72571420883662,4.201199932210369,0.60484,25.95323228588918
2024-11-04 17:31:33,4.200805626656267,0.604,26.437220450515156,4.201193360451148,0.6047600000000001,25.997115234191043
2024-11-04 17:31:34,4.201462802580083,0.604,24.9947353287605,4.201206503969647,0.60472,25.99711523419104
2024-11-04 17:31:34,4.201627096561725,0.604,26.437220450515156,4.201232791006643,0.60468,26.040998182492903
2024-11-04 17:31:34,4.201134214617624,0.604,27.13035904417916,4.201239362765876,0.60464,26.069091079199758
2024-11-04 17:31:34,4.201298508598716,0.603,26.437220450515156,4.2012525062843515,0.60456,26.06909107919975
2024-11-04 17:31:35,4.201955684525837,0.603,25.72571420883662,4.2012919368399135,0.60448,26.040998182492896
2024-11-04 17:31:35,4.201462802580083,0.603,22.672238853203226,4.201318223876867,0.6044,25.93832013351375
2024-11-04 17:31:35,4.200969920636808,0.604,27.80614130216054,4.201324795636087,0.60436,26.009581498848526
2024-11-04 17:31:35,4.201955684525837,0.604,26.437220450515156,4.2013576544324165,0.60432,26.03843120128362
2024-11-04 17:31:36,4.201462802580083,0.604,26.437220450515156,4.2013576544324165,0.6042799999999999,26.06728090371871
2024-11-04 17:31:36,4.201627096561725,0.604,24.9947353287605,4.201377369710181,0.6042399999999999,26.038431201283615
2024-11-04 17:31:36,4.201134214617624,0.603,26.437220450515156,4.201370797950936,0.6041599999999999,26.06728090371871
2024-11-04 17:31:36,4.201462802580083,0.603,27.80614130216054,4.201383941469435,0.60408,26.06728090371871
2024-11-04 17:31:37,4.200805626656267,0.603,26.437220450515156,4.201364226191737,0.6040000000000001,26.081511028552285
2024-11-04 17:31:37,4.201298508598716,0.603,24.9947353287605,4.201357654432482,0.6039200000000001,26.038798554243918
2024-11-04 17:31:37,4.200969920636808,0.603,24.2430730354219,4.2013510826732485,0.6038400000000002,26.009145730775625
2024-11-04 17:31:37,4.200969920636808,0.603,25.72571420883662,4.201344510914015,0.6037600000000002,25.98105283406877
2024-11-04 17:31:38,4.202119978508306,0.603,27.13035904417916,4.201370797951145,0.6036800000000002,25.994915605942047
2024-11-04 17:31:38,4.201627096561725,0.603,25.72571420883662,4.201397084988142,0.6036000000000002,25.99491560594205
2024-11-04 17:31:38,4.201627096561725,0.603,25.72571420883662,4.201403656747408,0.6035200000000003,25.95330706407557
2024-11-04 17:31:38,4.201298508598716,0.603,28.465495270963004,4.201416800265884,0.6034800000000005,25.993872560484522
2024-11-04 17:31:39,4.201627096561725,0.603,24.9947353287605,4.20142337202515,0.6034400000000005,26.0089058063513
2024-11-04 17:31:39,4.201462802580083,0.603,25.72571420883662,4.201416800265885,0.6034000000000006,25.980812909644445
2024-11-04 17:31:39,4.201462802580083,0.603,23.469396624933097,4.201403656747343,0.6033600000000006,25.92145643313281
2024-11-04 17:31:39,4.201298508598716,0.603,25.72571420883662,4.201397084988088,0.6033200000000005,25.936076010734332
2024-11-04 17:31:40,4.201791390543644,0.603,24.9947353287605,4.201436515543582,0.6032800000000006,25.893363536425962
2024-11-04 17:31:40,4.201462802580083,0.603,25.72571420883662,4.201436515543583,0.6032400000000007,25.93848988810403
2024-11-04 17:31:40,4.201627096561725,0.603,25.72571420883662,4.201436515543584,0.6032000000000006,25.924259763270456
2024-11-04 17:31:40,4.201627096561725,0.603,26.437220450515156,4.201456230821347,0.6031600000000007,25.91039699139718
2024-11-04 17:31:41,4.201298508598716,0.603,24.9947353287605,4.201456230821347,0.6031600000000007,25.910396991397178
2024-11-04 17:31:41,4.201627096561725,0.602,25.72571420883662,4.201443087302783,0.6031200000000007,25.98791174916908
2024-11-04 17:31:41,4.201462802580083,0.602,26.437220450515156,4.201443087302783,0.6030800000000006,25.98791174916908
2024-11-04 17:31:41,4.201462802580083,0.602,27.13035904417916,4.201462802580515,0.6030000000000004,25.987911749169083
2024-11-04 17:31:42,4.201134214617624,0.602,25.72571420883662,4.201429943784185,0.6029200000000005,26.002531326770605
2024-11-04 17:31:42,4.201462802580083,0.602,26.437220450515156,4.201429943784186,0.6028400000000004,26.01676145160417
2024-11-04 17:31:42,4.201298508598716,0.602,25.72571420883662,4.201416800265665,0.6027600000000003,25.949090241238
2024-11-04 17:31:42,4.201462802580083,0.602,26.437220450515156,4.201429943784164,0.6027200000000003,25.963320366071574
2024-11-04 17:31:43,4.201298508598716,0.602,24.9947353287605,4.201423372024909,0.6026800000000002,25.948700788470056
2024-11-04 17:31:43,4.201627096561725,0.602,26.437220450515156,4.201456230821127,0.6026400000000002,25.97755049090514
2024-11-04 17:31:43,4.201462802580083,0.602,27.13035904417916,4.201462802580383,0.6026000000000001,26.005643387611986
2024-11-04 17:31:43,4.201134214617624,0.602,25.72571420883662,4.201469374339614,0.6025600000000001,25.991413262778423
2024-11-04 17:31:44,4.201298508598716,0.602,27.13035904417916,4.201482517858089,0.6025200000000001,25.99141326277842
2024-11-04 17:31:44,4.201791390543644,0.602,26.437220450515156,4.201469374339502,0.60248,26.035296211080276
2024-11-04 17:31:44,4.202119978508306,0.602,26.437220450515156,4.201489089617366,0.6024400000000001,26.035296211080276
2024-11-04 17:31:44,4.201627096561725,0.602,24.2430730354219,4.201489089617366,0.6024,25.964034845745505
2024-11-04 17:31:45,4.202284272491052,0.602,26.437220450515156,4.201528520173059,0.6023600000000001,25.978264970579076
2024-11-04 17:31:45,4.201955684525837,0.602,24.9947353287605,4.201541663691624,0.6023200000000002,25.94941526814398
2024-11-04 17:31:45,4.201627096561725,0.602,25.72571420883662,4.20154823545089,0.6022800000000001,25.949415268143984
2024-11-04 17:31:45,4.201462802580083,0.602,26.437220450515156,4.20154823545089,0.6022400000000002,25.949415268143984
2024-11-04 17:31:46,4.201791390543644,0.602,28.465495270963004,4.201567950728687,0.6022000000000002,26.004210889386513
2024-11-04 17:31:46,4.201627096561725,0.602,27.13035904417916,4.20156137896941,0.6021600000000003,26.01807366125979
2024-11-04 17:31:46,4.201462802580083,0.602,24.9947353287605,4.201561378969411,0.6021200000000002,26.018073661259795
2024-11-04 17:31:46,4.201791390543644,0.602,25.72571420883662,4.2015679507286885,0.6020800000000003,26.00384353642622
2024-11-04 17:31:47,4.201955684525837,0.602,25.72571420883662,4.201581094247253,0.6020400000000002,25.975750639719372
2024-11-04 17:31:47,4.201462802580083,0.602,27.13035904417916,4.201587666006508,0.6020000000000002,25.98961341159265
2024-11-04 17:31:47,4.201627096561725,0.602,24.9947353287605,4.201587666006509,0.6020000000000002,25.974993833991128
2024-11-04 17:31:47,4.201627096561725,0.601,26.437220450515156,4.201594237765774,0.6019600000000002,26.050293465937365
2024-11-04 17:31:48,4.201134214617624,0.601,24.9947353287605,4.201581094247275,0.6019200000000001,25.994065346469366
2024-11-04 17:31:48,4.201627096561725,0.601,26.437220450515156,4.201600809525039,0.6018800000000001,25.99406534646936
2024-11-04 17:31:48,4.201134214617624,0.601,25.72571420883662,4.2015876660065405,0.60184,25.979835221635796
2024-11-04 17:31:48,4.201627096561725,0.601,23.469396624933097,4.201600809525061,0.6018,25.949328447559243
2024-11-04 17:31:49,4.201627096561725,0.601,25.72571420883662,4.201607381284327,0.60176,25.935098322725672
2024-11-04 17:31:49,4.201462802580083,0.601,26.437220450515156,4.201613953043582,0.6017199999999999,25.907719905692765
2024-11-04 17:31:49,4.201791390543644,0.601,24.9947353287605,4.201620524802858,0.6016799999999999,25.87887020325768
2024-11-04 17:31:49,4.200969920636808,0.601,24.9947353287605,4.201600809525127,0.6016399999999998,25.878870203257677
2024-11-04 17:31:50,4.201955684525837,0.601,24.2430730354219,4.201633668321454,0.6015999999999998,25.87887020325768
2024-11-04 17:31:50,4.202119978508306,0.601,27.13035904417916,4.201666527117838,0.6015599999999997,25.906963099964532
2024-11-04 17:31:50,4.201955684525837,0.601,26.437220450515156,4.201673098877126,0.6015199999999996,25.893100328091258
2024-11-04 17:31:50,4.201791390543644,0.6,24.9947353287605,4.201659955358539,0.6014399999999998,25.87848075048973
2024-11-04 17:31:51,4.201955684525837,0.6,24.2430730354219,4.201673098877104,0.6013599999999998,25.84882792702144
2024-11-04 17:31:51,4.202284272491052,0.601,26.437220450515156,4.201673098877103,0.6013199999999997,25.808262430612476
2024-11-04 17:31:51,4.201955684525837,0.601,27.13035904417916,4.201673098877103,0.6012799999999996,25.850974904920854
2024-11-04 17:31:51,4.201627096561725,0.601,25.72571420883662,4.201673098877103,0.6012399999999996,25.850974904920857
2024-11-04 17:31:52,4.201627096561725,0.601,25.72571420883662,4.20167967063637,0.6011999999999995,25.89610125659892
2024-11-04 17:31:52,4.202119978508306,0.601,27.80614130216054,4.201692814154956,0.6011599999999996,25.937709798465402
2024-11-04 17:31:52,4.201955684525837,0.601,24.9947353287605,4.201705957673521,0.6011199999999995,25.9377097984654
2024-11-04 17:31:52,4.201462802580083,0.601,26.437220450515156,4.201705957673521,0.6010799999999995,25.95193992329896
2024-11-04 17:31:53,4.201791390543644,0.601,27.13035904417916,4.201705957673521,0.6010399999999995,25.980032820005814
2024-11-04 17:31:53,4.201955684525837,0.6,27.80614130216054,4.201705957673522,0.6009599999999996,26.007411237038717
2024-11-04 17:31:53,4.201955684525837,0.6,24.2430730354219,4.201725672951352,0.6008799999999997,25.992377991171953
2024-11-04 17:31:53,4.201791390543644,0.6,26.437220450515156,4.201732244710629,0.6007999999999998,26.00660811600552
2024-11-04 17:31:54,4.202119978508306,0.6,24.9947353287605,4.201751959988492,0.6007599999999997,25.977758413570424
2024-11-04 17:31:54,4.202612860457368,0.6,25.72571420883662,4.201811105822082,0.6007199999999999,25.94966551686358
2024-11-04 17:31:54,4.202284272491052,0.6,24.2430730354219,4.201837392859255,0.60068,25.92001269339529
2024-11-04 17:31:54,4.201791390543644,0.6,24.9947353287605,4.201863679896294,0.6006400000000001,25.891162990960193
2024-11-04 17:31:55,4.201955684525837,0.6,24.9947353287605,4.201876823414859,0.6006000000000001,25.87654341335867
2024-11-04 17:31:55,4.201627096561725,0.6,25.72571420883662,4.2018768234148585,0.6005600000000002,25.8623132885251
2024-11-04 17:31:55,4.201791390543644,0.6,24.2430730354219,4.2018899669334004,0.6005200000000003,25.847280042658337
2024-11-04 17:31:55,4.202119978508306,0.6,26.437220450515156,4.201903110451987,0.6004800000000003,25.84728004265833
2024-11-04 17:31:56,4.201627096561725,0.6,25.72571420883662,4.201929397488985,0.6004400000000004,25.819187145951474
2024-11-04 17:31:56,4.201955684525837,0.6,24.2430730354219,4.2019293974889855,0.6004000000000005,25.78953432248318
2024-11-04 17:31:56,4.201955684525837,0.6,25.72571420883662,4.201922825729687,0.6003600000000006,25.76144142577633
2024-11-04 17:31:56,4.202448566474072,0.6,27.13035904417916,4.2019425410076146,0.6003200000000005,25.775304197649607
2024-11-04 17:31:57,4.201955684525837,0.6,27.13035904417916,4.201949112766903,0.6003200000000005,25.789166969522896
2024-11-04 17:31:57,4.202119978508306,0.599,23.469396624933097,4.201955684526203,0.6002800000000006,25.773693441313114
2024-11-04 17:31:57,4.201791390543644,0.599,27.13035904417916,4.201935969248305,0.6002000000000005,25.7875562131864
2024-11-04 17:31:57,4.202284272491052,0.6,24.2430730354219,4.201949112766914,0.6001600000000005,25.772522967319624
2024-11-04 17:31:58,4.201627096561725,0.6,26.437220450515156,4.201949112766914,0.6001200000000004,25.786753092153194
2024-11-04 17:31:58,4.202284272491052,0.6,22.672238853203226,4.201975399804088,0.6000800000000005,25.711453460206954
2024-11-04 17:31:58,4.201791390543644,0.6,26.437220450515156,4.2019622562855,0.6000400000000004,25.670887963797995
2024-11-04 17:31:58,4.201791390543644,0.6,27.80614130216054,4.201955684526212,0.6000000000000004,25.68440360895762
2024-11-04 17:31:59,4.201955684525837,0.6,25.72571420883662,4.201975399804042,0.5999600000000005,25.699023186559142
2024-11-04 17:31:59,4.202284272491052,0.6,26.437220450515156,4.201995115081939,0.5999200000000005,25.71325331139272
2024-11-04 17:31:59,4.201791390543644,0.599,27.80614130216054,4.201988543322651,0.5998800000000004,25.75486185325919
2024-11-04 17:31:59,4.202284272491052,0.599,25.72571420883662,4.2020016868412595,0.5998400000000004,25.72676895655234
2024-11-04 17:32:00,4.202119978508306,0.599,26.437220450515156,4.202014830359847,0.5998000000000003,25.755618658987434
2024-11-04 17:32:00,4.201955684525837,0.599,26.437220450515156,4.202008258600548,0.5997600000000003,25.75561865898744
2024-11-04 17:32:00,4.201627096561725,0.599,25.72571420883662,4.201968828044722,0.5997200000000004,25.770238236588956
2024-11-04 17:32:00,4.201791390543644,0.599,25.72571420883662,4.201949112766825,0.5996800000000003,25.756008111755392
2024-11-04 17:32:01,4.201791390543644,0.599,25.72571420883662,4.201949112766825,0.5996400000000003,25.756008111755392
2024-11-04 17:32:01,4.202119978508306,0.599,22.672238853203226,4.201955684526124,0.5996000000000002,25.74006495632079
2024-11-04 17:32:01,4.201791390543644,0.597,26.437220450515156,4.201962256285401,0.5994800000000002,25.75429508115436
2024-11-04 17:32:01,4.202284272491052,0.597,26.437220450515156,4.201981971563297,0.5993600000000001,25.75429508115436
2024-11-04 17:32:02,4.201791390543644,0.596,23.469396624933097,4.20196882804471,0.5992000000000001,25.723788307077815
2024-11-04 17:32:02,4.201462802580083,0.596,26.437220450515156,4.201962256285445,0.5990400000000001,25.752638009512903
2024-11-04 17:32:02,4.201462802580083,0.595,29.10927472714519,4.201942541007615,0.59884,25.849962043347364
2024-11-04 17:32:02,4.200969920636808,0.595,24.9947353287605,4.2019031104520534,0.59864,25.807249569038994
2024-11-04 17:32:03,4.201627096561725,0.595,26.437220450515156,4.201870251655561,0.59844,25.807249569038994
2024-11-04 17:32:03,4.200477038696013,0.593,27.80614130216054,4.201811105822368,0.5981599999999999,25.863477688507
2024-11-04 17:32:03,4.200969920636808,0.593,25.72571420883662,4.201765103507507,0.5979199999999999,25.893130511975297
2024-11-04 17:32:03,4.201462802580083,0.592,27.80614130216054,4.2017519599889654,0.59764,25.9205089290082
2024-11-04 17:32:04,4.200969920636808,0.592,24.2430730354219,4.201699385914796,0.5973199999999999,25.862763208833062
2024-11-04 17:32:04,4.200477038696013,0.592,24.9947353287605,4.201653383600168,0.5969999999999999,25.84814363123154
2024-11-04 17:32:04,4.201627096561725,0.592,27.80614130216054,4.201627096562995,0.5966799999999997,25.889752173098014
2024-11-04 17:32:04,4.200641332676002,0.592,25.72571420883662,4.201581094248289,0.5963599999999996,25.848143631231533
2024-11-04 17:32:05,4.200477038696013,0.592,24.9947353287605,4.201528520174383,0.5960399999999996,25.84814363123153
2024-11-04 17:32:05,4.201298508598716,0.592,27.80614130216054,4.201502233137299,0.5957199999999996,25.875522048264443
2024-11-04 17:32:05,4.200969920636808,0.592,26.437220450515156,4.201449659063129,0.5953999999999996,25.861659276391155
2024-11-04 17:32:05,4.201298508598716,0.592,26.437220450515156,4.201429943785331,0.5951199999999995,25.834280859358252
2024-11-04 17:32:06,4.200969920636808,0.591,27.13035904417916,4.20137736971116,0.5947999999999997,25.8920265795334
2024-11-04 17:32:06,4.200969920636808,0.591,25.72571420883662,4.2013313673963,0.5944799999999997,25.877796454699837
2024-11-04 17:32:06,4.200969920636808,0.591,27.13035904417916,4.201291936840738,0.5941599999999998,25.920508929008207
2024-11-04 17:32:06,4.200969920636808,0.591,26.437220450515156,4.201265649803741,0.5938399999999998,25.934739053841778
2024-11-04 17:32:07,4.200641332676002,0.591,24.9947353287605,4.201219647489035,0.5935199999999999,25.949772299708542
2024-11-04 17:32:07,4.201134214617624,0.591,25.72571420883662,4.201193360451993,0.5932000000000001,25.96439187731007
2024-11-04 17:32:07,4.200805626656267,0.591,24.9947353287605,4.201140786377911,0.5928800000000001,25.964391877310078
2024-11-04 17:32:07,4.200477038696013,0.591,27.80614130216054,4.201088212304006,0.5926400000000003,26.00600041917656
2024-11-04 17:32:08,4.200969920636808,0.59,24.9947353287605,4.201035638229837,0.5923600000000003,26.021033665043323
2024-11-04 17:32:08,4.20014845073686,0.59,25.72571420883662,4.200969920637565,0.5921200000000003,26.00680354020975
2024-11-04 17:32:08,4.20014845073686,0.59,25.72571420883662,4.200917346563837,0.5918800000000004,26.006803540209738
2024-11-04 17:32:08,4.200641332676002,0.59,25.72571420883662,4.200884487767675,0.5916800000000003,26.036456363678035
2024-11-04 17:32:09,4.200641332676002,0.589,26.437220450515156,4.200871344249244,0.5914400000000002,26.05068648851161
2024-11-04 17:32:09,4.200641332676002,0.589,23.469396624933097,4.200831913693816,0.5912000000000001,25.977467240126693
2024-11-04 17:32:09,4.200805626656267,0.589,25.72571420883662,4.200845057212226,0.5910399999999999,25.94937434341984
2024-11-04 17:32:09,4.200805626656267,0.589,25.72571420883662,4.200838485453005,0.5908799999999998,25.994500695097912
2024-11-04 17:32:10,4.200805626656267,0.589,25.72571420883662,4.200812198416052,0.5907599999999996,25.966407798391057
2024-11-04 17:32:10,4.200805626656267,0.589,26.437220450515156,4.200805626656829,0.5906399999999995,26.010290746692927
2024-11-04 17:32:10,4.200805626656267,0.589,26.437220450515156,4.200818770175239,0.5905199999999994,26.010290746692927
2024-11-04 17:32:10,4.200805626656267,0.589,27.13035904417916,4.200785911379021,0.5903999999999994,26.099453150512442
2024-11-04 17:32:11,4.200641332676002,0.589,25.72571420883662,4.200785911379022,0.5902799999999994,26.08522302567888
2024-11-04 17:32:11,4.200641332676002,0.589,26.437220450515156,4.200792483138221,0.5901599999999994,26.057844608645972
2024-11-04 17:32:11,4.201134214617624,0.589,25.72571420883662,4.200785911378976,0.5900399999999993,26.057844608645972
2024-11-04 17:32:11,4.200969920636808,0.589,25.72571420883662,4.200785911378976,0.5899199999999993,26.043614483812398
2024-11-04 17:32:12,4.200969920636808,0.589,26.437220450515156,4.2007727678604985,0.5897999999999994,26.01623606677949
2024-11-04 17:32:12,4.200312744716299,0.589,25.72571420883662,4.200746480823678,0.5897199999999995,26.01623606677949
2024-11-04 17:32:12,4.200805626656267,0.589,25.72571420883662,4.200739909064456,0.5896399999999995,26.002005941945917
2024-11-04 17:32:12,4.200805626656267,0.589,28.465495270963004,4.200733337305235,0.5895599999999994,26.04257143835487
2024-11-04 17:32:13,4.200312744716299,0.589,24.9947353287605,4.200707050268413,0.5894799999999996,26.02795186075335
2024-11-04 17:32:13,4.200641332676002,0.589,25.72571420883662,4.200707050268415,0.5893999999999995,26.027951860753348
2024-11-04 17:32:13,4.200477038696013,0.589,24.9947353287605,4.200680763231549,0.5893199999999994,26.013332283151826
2024-11-04 17:32:13,4.200641332676002,0.589,26.437220450515156,4.200674191472339,0.5892399999999995,26.08863191509806
2024-11-04 17:32:14,4.201134214617624,0.589,22.672238853203226,4.200700478509203,0.5891599999999996,26.013332283151826
2024-11-04 17:32:14,4.200969920636808,0.589,23.469396624933097,4.200700478509204,0.5891199999999995,25.953975806640184
2024-11-04 17:32:14,4.201298508598716,0.589,25.72571420883662,4.200746480823679,0.5890799999999995,25.999102158318255
2024-11-04 17:32:14,4.200641332676002,0.589,27.13035904417916,4.200766196101245,0.5890399999999996,26.012964930191533
2024-11-04 17:32:15,4.200805626656267,0.589,25.72571420883662,4.200772767860457,0.5889999999999995,25.94529371982537
2024-11-04 17:32:15,4.200312744716299,0.589,26.437220450515156,4.2007596243420675,0.5889999999999995,25.974143422260457
2024-11-04 17:32:15,4.201134214617624,0.589,26.437220450515156,4.200779339619732,0.5889999999999995,25.974143422260457
2024-11-04 17:32:15,4.201134214617624,0.589,27.13035904417916,4.200792483138185,0.5889999999999995,25.96062777710084
2024-11-04 17:32:16,4.201134214617624,0.589,28.465495270963004,4.200805626656639,0.5889999999999995,26.01542339834337
2024-11-04 17:32:16,4.201134214617624,0.589,24.2430730354219,4.2008187701750925,0.5889999999999995,25.944162033008595
2024-11-04 17:32:16,4.200805626656267,0.589,26.437220450515156,4.2008187701750925,0.5889999999999995,25.98804498131046
2024-11-04 17:32:16,4.200969920636808,0.588,25.72571420883662,4.200825341934315,0.5889599999999997,26.002664558911984
2024-11-04 17:32:17,4.201134214617624,0.588,25.72571420883662,4.200838485452769,0.5889199999999998,25.961056017045504
2024-11-04 17:32:17,4.200969920636808,0.589,27.13035904417916,4.2008516289712,0.5889199999999998,25.989148913752345
2024-11-04 17:32:17,4.200969920636808,0.589,26.437220450515156,4.200864772489631,0.5889199999999998,26.01799861618744
2024-11-04 17:32:17,4.200969920636808,0.589,25.72571420883662,4.2008582007304,0.5889199999999998,25.97639007432096
2024-11-04 17:32:18,4.201134214617624,0.588,28.465495270963004,4.200864772489632,0.5888799999999998,26.016955570729905
2024-11-04 17:32:18,4.200641332676002,0.588,27.13035904417916,4.2008516289712,0.5888399999999999,26.030818342603194
2024-11-04 17:32:18,4.200805626656267,0.589,26.437220450515156,4.2008713442487995,0.5888399999999999,26.016955570729905
2024-11-04 17:32:18,4.200805626656267,0.589,26.437220450515156,4.2008713442487995,0.5888399999999999,26.03118569556348
2024-11-04 17:32:19,4.201134214617624,0.589,26.437220450515156,4.2008844877672535,0.5888399999999999,26.017322923690198
2024-11-04 17:32:19,4.200969920636808,0.589,26.437220450515156,4.200910774804075,0.5888399999999999,26.01732292369021
2024-11-04 17:32:19,4.201462802580083,0.589,26.437220450515156,4.200943633600239,0.5888399999999998,26.04617262612531
2024-11-04 17:32:19,4.201298508598716,0.589,24.9947353287605,4.2009764923963475,0.5888399999999997,26.031553048523786
2024-11-04 17:32:20,4.200969920636808,0.588,26.437220450515156,4.200989635914779,0.5887999999999998,26.060402750958875
2024-11-04 17:32:20,4.200969920636808,0.588,28.465495270963004,4.2009830641555475,0.5887599999999998,26.07358983033492
2024-11-04 17:32:20,4.201462802580083,0.589,26.437220450515156,4.201002779433279,0.5887599999999998,26.10243953277002
2024-11-04 17:32:20,4.200969920636808,0.589,24.9947353287605,4.200989635914802,0.5887599999999997,26.087819955168502
2024-11-04 17:32:21,4.201134214617624,0.588,25.72571420883662,4.201009351192466,0.5887199999999997,26.087819955168506
2024-11-04 17:32:21,4.201627096561725,0.588,27.80614130216054,4.201042209988684,0.5886799999999998,26.12942849703498
2024-11-04 17:32:21,4.201298508598716,0.588,27.13035904417916,4.201081640543981,0.5886399999999999,26.143291268908257
2024-11-04 17:32:21,4.201791390543644,0.589,26.437220450515156,4.201107927581022,0.5886399999999999,26.202647745419892
2024-11-04 17:32:22,4.201627096561725,0.589,27.13035904417916,4.201127642858786,0.5886399999999999,26.230740642126744
2024-11-04 17:32:22,4.200805626656267,0.588,26.437220450515156,4.201114499340332,0.5886,26.24497076696032
2024-11-04 17:32:22,4.201134214617624,0.588,25.72571420883662,4.201114499340332,0.5885600000000002,26.244970766960314
2024-11-04 17:32:22,4.201298508598716,0.588,23.469396624933097,4.20113421461803,0.5885200000000002,26.18561429044867
2024-11-04 17:32:23,4.201627096561725,0.588,27.13035904417916,4.2011605016550275,0.5885200000000002,26.199477062321947
2024-11-04 17:32:23,4.200969920636808,0.588,26.437220450515156,4.201153929895795,0.5885200000000002,26.185614290448665
2024-11-04 17:32:23,4.201134214617624,0.588,26.437220450515156,4.2011605016550275,0.5884800000000002,26.199844415282243
2024-11-04 17:32:23,4.201298508598716,0.588,24.9947353287605,4.201173645173503,0.5884400000000003,26.170994712847154
2024-11-04 17:32:24,4.201462802580083,0.588,26.437220450515156,4.201193360451235,0.5884000000000003,26.185224837680718
2024-11-04 17:32:24,4.201462802580083,0.588,28.465495270963004,4.2012065039697335,0.5884000000000001,26.240020458923244
2024-11-04 17:32:24,4.201134214617624,0.588,26.437220450515156,4.201226219247397,0.5884000000000003,26.240020458923254
2024-11-04 17:32:24,4.201298508598716,0.588,27.13035904417916,4.201245934525096,0.5883600000000004,26.2681133556301
2024-11-04 17:32:25,4.201462802580083,0.588,24.9947353287605,4.201272221562049,0.5883200000000004,26.253493778028577
2024-11-04 17:32:25,4.201462802580083,0.588,28.465495270963004,4.201285365080548,0.5882800000000004,26.253493778028577
2024-11-04 17:32:25,4.201298508598716,0.588,27.80614130216054,4.201298508599024,0.5882400000000003,26.309721897496583
2024-11-04 17:32:25,4.201462802580083,0.588,24.2430730354219,4.201298508599025,0.5882000000000004,26.280069074028283
2024-11-04 17:32:26,4.201627096561725,0.588,25.72571420883662,4.201311652117546,0.5881600000000003,26.294688651629812
2024-11-04 17:32:26,4.201134214617624,0.588,27.13035904417916,4.201318223876778,0.5881600000000003,26.30855142350309
2024-11-04 17:32:26,4.200969920636808,0.588,25.72571420883662,4.201318223876777,0.5881600000000002,26.369620930615767
2024-11-04 17:32:26,4.201627096561725,0.588,24.9947353287605,4.201324795636043,0.5881200000000003,26.40012770469231
2024-11-04 17:32:26,4.201462802580083,0.588,27.80614130216054,4.201344510913775,0.5880800000000002,26.44173624655879
2024-11-04 17:32:27,4.201462802580083,0.588,25.72571420883662,4.201357654432274,0.5880800000000002,26.413643349851938
2024-11-04 17:32:27,4.201627096561725,0.587,24.9947353287605,4.201357654432274,0.5880400000000001,26.399023772250406
2024-11-04 17:32:27,4.201627096561725,0.587,24.2430730354219,4.201370797950794,0.5880000000000001,26.35514082394855
2024-11-04 17:32:27,4.201791390543644,0.587,25.72571420883662,4.201370797950794,0.5879200000000001,26.340910699114975
2024-11-04 17:32:28,4.201298508598716,0.588,25.72571420883662,4.2013576544322735,0.5878800000000001,26.312817802408127
2024-11-04 17:32:28,4.201298508598716,0.588,24.2430730354219,4.20137736970997,0.5878800000000001,26.228369357697307
2024-11-04 17:32:28,4.201462802580083,0.588,25.72571420883662,4.2013905132284695,0.5878800000000001,26.258022181165597
2024-11-04 17:32:28,4.201462802580083,0.587,25.72571420883662,4.201397084987725,0.58784,26.243792056332023
2024-11-04 17:32:29,4.201298508598716,0.587,26.437220450515156,4.201383941469205,0.5878,26.258022181165597
2024-11-04 17:32:29,4.201462802580083,0.587,23.469396624933097,4.201403656746936,0.5877599999999998,26.21289582948753
2024-11-04 17:32:29,4.201955684525837,0.587,25.72571420883662,4.201436515543263,0.5877199999999998,26.184802932780677
2024-11-04 17:32:29,4.201134214617624,0.587,26.437220450515156,4.201429943784019,0.5876799999999998,26.184802932780677
2024-11-04 17:32:30,4.201462802580083,0.587,24.9947353287605,4.201429943784019,0.5876399999999998,26.170183355179166
2024-11-04 17:32:30,4.201627096561725,0.587,25.72571420883662,4.201436515543286,0.5875999999999998,26.115387733936632
2024-11-04 17:32:30,4.201627096561725,0.587,26.437220450515156,4.201456230821051,0.5875599999999999,26.10152496206335
2024-11-04 17:32:30,4.201462802580083,0.587,24.9947353287605,4.201462802580306,0.5875199999999998,26.072675259628262
2024-11-04 17:32:31,4.201791390543644,0.586,26.437220450515156,4.201475946098847,0.5874399999999997,26.07267525962826
2024-11-04 17:32:31,4.201627096561725,0.586,26.437220450515156,4.201482517858113,0.5873599999999997,26.07267525962826
2024-11-04 17:32:31,4.200969920636808,0.587,25.72571420883662,4.201469374339635,0.5873199999999996,26.058445134794685
2024-11-04 17:32:31,4.201627096561725,0.587,26.437220450515156,4.201475946098901,0.5872799999999997,26.058445134794685
2024-11-04 17:32:32,4.201298508598716,0.586,26.437220450515156,4.201462802580381,0.5871999999999996,26.087294837229784
2024-11-04 17:32:32,4.202119978508306,0.586,27.13035904417916,4.201502233136009,0.5871199999999995,26.101157609103062
2024-11-04 17:32:32,4.201627096561725,0.586,27.80614130216054,4.201528520173006,0.5870399999999996,26.087970529727002
2024-11-04 17:32:32,4.201627096561725,0.587,24.9947353287605,4.201528520173006,0.5869999999999995,26.05912082729191
2024-11-04 17:32:33,4.201791390543644,0.587,26.437220450515156,4.201541663691547,0.5869599999999996,26.08797052972701
2024-11-04 17:32:33,4.201134214617624,0.587,24.9947353287605,4.201528520173049,0.5869199999999996,26.073350952125487
2024-11-04 17:32:33,4.201627096561725,0.586,25.72571420883662,4.201528520173049,0.5868799999999995,26.031742410259014
2024-11-04 17:32:33,4.201627096561725,0.586,25.72571420883662,4.201528520173049,0.5868399999999995,26.003649513552155
2024-11-04 17:32:34,4.201955684525837,0.587,25.72571420883662,4.201535091932337,0.5868399999999996,25.98941938871858
2024-11-04 17:32:34,4.201791390543644,0.587,27.13035904417916,4.201554807210133,0.5867999999999995,25.989419388718584
2024-11-04 17:32:34,4.201627096561725,0.587,25.72571420883662,4.201567950728654,0.5867599999999996,25.975189263885014
2024-11-04 17:32:34,4.201462802580083,0.587,26.437220450515156,4.201567950728655,0.5867199999999996,25.989419388718588
2024-11-04 17:32:35,4.201462802580083,0.587,27.13035904417916,4.201567950728655,0.5867199999999997,26.062638637103504
2024-11-04 17:32:35,4.201627096561725,0.586,25.72571420883662,4.201581094247175,0.5866799999999998,26.034545740396652
2024-11-04 17:32:35,4.201627096561725,0.586,24.9947353287605,4.201587666006442,0.5866399999999996,26.005696037961567
2024-11-04 17:32:35,4.201134214617624,0.586,24.9947353287605,4.201554807210113,0.5865999999999996,25.97684633552646
2024-11-04 17:32:36,4.201791390543644,0.586,21.000806169342923,4.201581094247153,0.5865599999999996,25.896967752338114
2024-11-04 17:32:36,4.201462802580083,0.586,27.80614130216054,4.201581094247153,0.5865199999999996,25.924346169371027
2024-11-04 17:32:36,4.201791390543644,0.586,24.2430730354219,4.2015876660064295,0.5864799999999996,25.839897724660208
2024-11-04 17:32:36,4.201627096561725,0.586,24.9947353287605,4.20158766600643,0.5864399999999995,25.811048022225112
2024-11-04 17:32:37,4.201627096561725,0.586,24.9947353287605,4.201594237765697,0.5863999999999995,25.768335547916735
2024-11-04 17:32:37,4.201791390543644,0.586,29.10927472714519,4.201594237765695,0.5863999999999995,25.850626335884428
2024-11-04 17:32:37,4.202284272491052,0.586,27.13035904417916,4.201620524802868,0.5863999999999994,25.82392361134875
2024-11-04 17:32:37,4.202119978508306,0.586,26.437220450515156,4.201666527117727,0.5863599999999993,25.79654519431584
2024-11-04 17:32:38,4.201791390543644,0.585,24.9947353287605,4.201673098877004,0.5862799999999994,25.811578440182615
2024-11-04 17:32:38,4.201791390543644,0.585,26.437220450515156,4.2016928141548,0.5862399999999994,25.825808565016185
2024-11-04 17:32:38,4.201955684525837,0.585,25.72571420883662,4.2016862423955015,0.5861999999999996,25.79771566830933
2024-11-04 17:32:38,4.201955684525837,0.585,26.437220450515156,4.2016993859140666,0.5861599999999997,25.811945793142904
2024-11-04 17:32:39,4.202284272491052,0.585,24.9947353287605,4.20172567295124,0.5860799999999998,25.8119457931429
2024-11-04 17:32:39,4.201627096561725,0.585,26.437220450515156,4.201719101191964,0.586,25.78456737610999
2024-11-04 17:32:39,4.201627096561725,0.585,24.9947353287605,4.201738816469727,0.5859200000000001,25.76994779850847
2024-11-04 17:32:39,4.202119978508306,0.585,26.437220450515156,4.201758531747592,0.5858800000000002,25.798797500943564
2024-11-04 17:32:40,4.202448566474072,0.585,26.437220450515156,4.201791390544084,0.5858400000000002,25.842680449245428
2024-11-04 17:32:40,4.201955684525837,0.585,25.72571420883662,4.201791390544085,0.5857600000000004,25.842680449245428
2024-11-04 17:32:40,4.201791390543644,0.585,25.72571420883662,4.201791390544085,0.5856800000000004,25.842680449245428
2024-11-04 17:32:40,4.201791390543644,0.585,24.9947353287605,4.201797962303362,0.5856000000000006,25.857713695112203
2024-11-04 17:32:41,4.201791390543644,0.585,23.469396624933097,4.201811105821904,0.5855200000000005,25.812587343434135
2024-11-04 17:32:41,4.201627096561725,0.585,25.72571420883662,4.20181767758117,0.5854400000000005,25.812587343434124
2024-11-04 17:32:41,4.202119978508306,0.585,26.437220450515156,4.201837392859034,0.5854000000000006,25.812587343434135
2024-11-04 17:32:41,4.201791390543644,0.585,26.437220450515156,4.201843964618309,0.5853600000000005,25.871943819945773
2024-11-04 17:32:42,4.202284272491052,0.585,26.437220450515156,4.201889966933246,0.5853200000000006,25.886173944779348
2024-11-04 17:32:42,4.201955684525837,0.585,26.437220450515156,4.201896538692534,0.5852800000000006,25.886173944779348
2024-11-04 17:32:42,4.201791390543644,0.585,27.80614130216054,4.201909682211076,0.5852400000000006,25.942402064247354
2024-11-04 17:32:42,4.201955684525837,0.585,27.13035904417916,4.201916253970364,0.5852000000000006,25.970494960954206
2024-11-04 17:32:43,4.201955684525837,0.585,25.72571420883662,4.201929397488929,0.5851600000000006,25.956264836120635
2024-11-04 17:32:43,4.201791390543644,0.585,25.72571420883662,4.201935969248206,0.5851200000000005,25.97088441372216
2024-11-04 17:32:43,4.202119978508306,0.585,26.437220450515156,4.201949112766792,0.5850800000000006,25.97088441372216
2024-11-04 17:32:43,4.201955684525837,0.585,25.72571420883662,4.201935969248184,0.5850400000000007,25.956654288888586
2024-11-04 17:32:44,4.202612860457368,0.585,26.437220450515156,4.201955684526146,0.5850000000000005,25.97088441372216
2024-11-04 17:32:44,4.201791390543644,0.585,24.9947353287605,4.201955684526146,0.5850000000000005,25.942034711287064
2024-11-04 17:32:44,4.201298508598716,0.585,27.80614130216054,4.201935969248349,0.5850000000000005,25.96941312831997
2024-11-04 17:32:44,4.202119978508306,0.585,26.437220450515156,4.201942541007648,0.5850000000000005,25.955550356446683
2024-11-04 17:32:45,4.202119978508306,0.585,27.13035904417916,4.201949112766947,0.5850000000000005,25.942034711287057
2024-11-04 17:32:45,4.202448566474072,0.584,24.2430730354219,4.2019556845262676,0.5849600000000005,25.92700146542028
2024-11-04 17:32:45,4.201955684525837,0.584,25.72571420883662,4.201968828044833,0.5849200000000004,25.912771340586715
2024-11-04 17:32:45,4.202448566474072,0.584,26.437220450515156,4.202001686841326,0.5848800000000004,25.941621043021804
2024-11-04 17:32:46,4.201627096561725,0.584,24.2430730354219,4.201981971563463,0.5848400000000004,25.911968219553515
2024-11-04 17:32:46,4.201955684525837,0.584,26.437220450515156,4.201962256285533,0.5848000000000003,25.926198344387085
2024-11-04 17:32:46,4.202119978508306,0.585,25.72571420883662,4.201968828044832,0.5848000000000003,25.926198344387075
2024-11-04 17:32:46,4.202119978508306,0.585,25.72571420883662,4.201981971563419,0.5848000000000003,25.898105447680226
2024-11-04 17:32:47,4.201955684525837,0.584,25.72571420883662,4.201988543322706,0.5847600000000003,25.898105447680226
2024-11-04 17:32:47,4.202119978508306,0.584,24.9947353287605,4.202001686841292,0.5847200000000002,25.86925574524513
2024-11-04 17:32:47,4.201627096561725,0.583,26.437220450515156,4.202001686841293,0.5846400000000002,25.855392973371853
2024-11-04 17:32:47,4.202448566474072,0.583,25.72571420883662,4.202014830359923,0.5845600000000001,25.855392973371845
2024-11-04 17:32:48,4.202119978508306,0.584,24.9947353287605,4.2020279738785105,0.5845199999999999,25.85539297337185
2024-11-04 17:32:48,4.202448566474072,0.584,27.13035904417916,4.202034545637831,0.5844799999999999,25.89810544768022
2024-11-04 17:32:48,4.202119978508306,0.584,28.465495270963004,4.202041117397129,0.5844399999999998,26.047399229712617
2024-11-04 17:32:48,4.202284272491052,0.584,25.72571420883662,4.202060832675026,0.5843999999999998,26.005790687846137
2024-11-04 17:32:49,4.202284272491052,0.584,27.13035904417916,4.202073976193635,0.5843599999999998,26.063536408021285
2024-11-04 17:32:49,4.201955684525837,0.583,27.13035904417916,4.202073976193635,0.5842799999999997,26.106248882329666
2024-11-04 17:32:49,4.201955684525837,0.583,27.13035904417916,4.202080547952923,0.5841999999999996,26.148961356638043
2024-11-04 17:32:49,4.202448566474072,0.583,28.465495270963004,4.2020936914715525,0.5841199999999995,26.136085767514402
2024-11-04 17:32:50,4.202119978508306,0.583,24.9947353287605,4.202100263230851,0.5840399999999994,26.093373293206024
2024-11-04 17:32:50,4.202119978508306,0.583,26.437220450515156,4.202080547952889,0.5839599999999995,26.09337329320603
2024-11-04 17:32:50,4.201791390543644,0.583,24.9947353287605,4.202080547952888,0.5838799999999995,26.093373293206028
2024-11-04 17:32:50,4.202284272491052,0.583,24.9947353287605,4.202119978508582,0.5837999999999994,26.064523590770943
2024-11-04 17:32:51,4.201955684525837,0.583,27.80614130216054,4.202113406749284,0.5837199999999994,26.106132132637413
2024-11-04 17:32:51,4.201955684525837,0.583,24.9947353287605,4.202106834989985,0.5836399999999994,26.077282430202327
2024-11-04 17:32:51,4.202119978508306,0.583,24.9947353287605,4.2020936914713545,0.5835999999999992,26.07728243020232
2024-11-04 17:32:51,4.202119978508306,0.583,24.9947353287605,4.202100263230653,0.5835599999999992,26.048432727767228
2024-11-04 17:32:52,4.202119978508306,0.583,25.72571420883662,4.202087119712022,0.5835199999999992,26.063052305368746
2024-11-04 17:32:52,4.201791390543644,0.583,26.437220450515156,4.202093691471299,0.5834799999999992,26.063052305368757
2024-11-04 17:32:52,4.201791390543644,0.583,27.13035904417916,4.2020871197120115,0.5834399999999992,26.076915077242035
2024-11-04 17:32:52,4.202448566474072,0.583,24.9947353287605,4.202100263230642,0.5833599999999993,26.062295499640513
2024-11-04 17:32:53,4.202612860457368,0.583,25.72571420883662,4.2021199785086045,0.5832799999999992,26.062295499640506
2024-11-04 17:32:53,4.202448566474072,0.583,25.72571420883662,4.202139693786533,0.5832399999999993,26.076915077242028
2024-11-04 17:32:53,4.202119978508306,0.583,25.72571420883662,4.202139693786533,0.5831999999999993,26.122041428920102
2024-11-04 17:32:53,4.202612860457368,0.583,24.9947353287605,4.202179124342359,0.5831999999999993,26.107421851318573
2024-11-04 17:32:54,4.201462802580083,0.583,25.72571420883662,4.2021396937866005,0.5831999999999993,26.09319172648501
2024-11-04 17:32:54,4.202284272491052,0.582,28.465495270963004,4.20214626554591,0.5831199999999994,26.133757222893966
2024-11-04 17:32:54,4.202284272491052,0.582,25.72571420883662,4.20213969378659,0.5830399999999996,26.119527098060388
2024-11-04 17:32:54,4.202448566474072,0.583,24.9947353287605,4.202152837305221,0.5829999999999995,26.090677395625292
2024-11-04 17:32:55,4.202284272491052,0.583,25.72571420883662,4.202152837305221,0.5829599999999996,26.049068853758826
2024-11-04 17:32:55,4.202448566474072,0.583,25.72571420883662,4.202159409064541,0.5829199999999995,26.02097595705197
2024-11-04 17:32:55,4.202284272491052,0.583,26.437220450515156,4.202172552583149,0.5829199999999995,26.035206081885544
2024-11-04 17:32:55,4.202777154440939,0.583,26.437220450515156,4.2022054113797545,0.5829199999999995,26.04943620671912
2024-11-04 17:32:56,4.202119978508306,0.583,26.437220450515156,4.202192267861124,0.5829199999999995,26.04943620671912
2024-11-04 17:32:56,4.202612860457368,0.583,26.437220450515156,4.202211983139086,0.5829199999999995,26.063666331552685
2024-11-04 17:32:56,4.201955684525837,0.583,24.9947353287605,4.202205411379786,0.5829199999999995,26.0348166291176
2024-11-04 17:32:56,4.202448566474072,0.583,27.13035904417916,4.202231698417004,0.5829199999999995,26.077529103425977
2024-11-04 17:32:57,4.201955684525837,0.582,24.9947353287605,4.202218554898395,0.5828799999999995,26.021300983957975
2024-11-04 17:32:57,4.202119978508306,0.582,27.13035904417916,4.202225126657694,0.5828399999999996,26.035163755831245
2024-11-04 17:32:57,4.202119978508306,0.582,24.2430730354219,4.202231698416994,0.5827999999999997,25.977418035656104
2024-11-04 17:32:57,4.202612860457368,0.582,24.9947353287605,4.202251413694956,0.5827599999999997,25.992451281522882
2024-11-04 17:32:58,4.202448566474072,0.582,25.72571420883662,4.202264557213587,0.5827199999999998,25.99245128152287
2024-11-04 17:32:58,4.202284272491052,0.582,27.80614130216054,4.202271128972896,0.58268,26.019829698555778
2024-11-04 17:32:58,4.202448566474072,0.583,27.13035904417916,4.202297416010112,0.58268,26.077575418730927
2024-11-04 17:32:58,4.202284272491052,0.583,24.9947353287605,4.202317131288009,0.58268,26.04872571629583
2024-11-04 17:32:59,4.202777154440939,0.582,24.9947353287605,4.202330274806683,0.58264,26.03410613869431
2024-11-04 17:32:59,4.202119978508306,0.582,26.437220450515156,4.202310559528721,0.5826,26.048336263527872
2024-11-04 17:32:59,4.202612860457368,0.582,25.72571420883662,4.202317131288054,0.5825600000000002,26.04833626352788
2024-11-04 17:32:59,4.202777154440939,0.582,26.437220450515156,4.202343418325359,0.5825200000000001,26.077185965962972
2024-11-04 17:33:00,4.202448566474072,0.582,26.437220450515156,4.202336846566027,0.5824800000000002,26.077185965962972
2024-11-04 17:33:00,4.201791390543644,0.582,26.437220450515156,4.202349990084568,0.5824400000000003,26.091416090796546
2024-11-04 17:33:00,4.202777154440939,0.582,27.13035904417916,4.202369705362565,0.5824400000000003,26.134128565104916
2024-11-04 17:33:00,4.202448566474072,0.582,29.10927472714519,4.2023762771218856,0.5824400000000003,26.173706878764243
2024-11-04 17:33:01,4.202284272491052,0.582,25.72571420883662,4.202369705362566,0.5824000000000003,26.118911257521713
2024-11-04 17:33:01,4.202119978508306,0.581,25.72571420883662,4.202363133603255,0.5823200000000004,26.118911257521702
2024-11-04 17:33:01,4.202777154440939,0.581,25.72571420883662,4.20237627712193,0.5822400000000004,26.090818360814854
2024-11-04 17:33:01,4.201955684525837,0.582,24.9947353287605,4.202363133603321,0.5822000000000004,26.048105886506487
2024-11-04 17:33:02,4.202284272491052,0.582,27.13035904417916,4.202343418325325,0.5821600000000003,26.048105886506484
2024-11-04 17:33:02,4.202612860457368,0.581,26.437220450515156,4.2023631336032885,0.5820800000000004,26.007540390097528
2024-11-04 17:33:02,4.202777154440939,0.581,24.9947353287605,4.202369705362631,0.5820000000000003,26.007540390097525
2024-11-04 17:33:02,4.202284272491052,0.581,26.437220450515156,4.202382848881241,0.5819200000000002,26.007540390097528
2024-11-04 17:33:03,4.202284272491052,0.581,27.13035904417916,4.202376277121919,0.5818400000000001,26.0502528644059
2024-11-04 17:33:03,4.202941448424786,0.581,26.437220450515156,4.202415707677877,0.5818000000000001,26.079102566840994
2024-11-04 17:33:03,4.202612860457368,0.581,24.2430730354219,4.2024354229558405,0.5817600000000002,26.007841201506213
2024-11-04 17:33:03,4.202612860457368,0.581,26.437220450515156,4.202455138233804,0.58172,26.036690903941317
2024-11-04 17:33:04,4.203270036393308,0.581,27.80614130216054,4.202481425271241,0.5816800000000001,26.092919023409312
2024-11-04 17:33:04,4.202448566474072,0.581,26.437220450515156,4.202481425271241,0.58164,26.121768725844404
2024-11-04 17:33:04,4.202448566474072,0.581,26.437220450515156,4.202487997030561,0.5815999999999999,26.13599885067798
2024-11-04 17:33:04,4.202284272491052,0.581,25.72571420883662,4.20248142527124,0.5815199999999998,26.12176872584441
2024-11-04 17:33:05,4.202448566474072,0.581,24.2430730354219,4.20248799703056,0.5814399999999998,26.064023005669263
2024-11-04 17:33:05,4.202612860457368,0.581,24.9947353287605,4.202481425271217,0.5813999999999998,26.06402300566926
2024-11-04 17:33:05,4.202941448424786,0.581,25.72571420883662,4.202514284067877,0.5813599999999998,26.06402300566927
2024-11-04 17:33:05,4.202777154440939,0.581,27.80614130216054,4.20252085582722,0.5813199999999997,26.10563154753574
2024-11-04 17:33:06,4.202612860457368,0.581,24.9947353287605,4.202514284067876,0.5812799999999997,26.091011969934222
2024-11-04 17:33:06,4.202777154440939,0.581,26.437220450515156,4.20252742758655,0.5812399999999996,26.119861672369314
2024-11-04 17:33:06,4.203105742408909,0.581,27.13035904417916,4.202580001661161,0.5811999999999996,26.14795456907616
2024-11-04 17:33:06,4.202777154440939,0.581,24.9947353287605,4.202580001661162,0.5811599999999997,26.07853937023211
2024-11-04 17:33:07,4.202284272491052,0.581,25.72571420883662,4.202573429901841,0.5811199999999996,26.0785393702321
2024-11-04 17:33:07,4.203270036393308,0.581,24.9947353287605,4.202612860457933,0.5810799999999996,26.078539370232114
2024-11-04 17:33:07,4.203270036393308,0.581,27.80614130216054,4.202658862773334,0.5810799999999996,26.120147912098588
2024-11-04 17:33:07,4.202612860457368,0.58,25.72571420883662,4.202652291013991,0.5810399999999996,26.12014791209859
2024-11-04 17:33:08,4.202777154440939,0.58,27.13035904417916,4.202685149810596,0.5809599999999995,26.13401068397187
2024-11-04 17:33:08,4.202448566474072,0.58,25.72571420883662,4.2026917215699156,0.5808799999999994,26.1197805591383
2024-11-04 17:33:08,4.202941448424786,0.58,24.9947353287605,4.202704865088611,0.5808399999999994,26.090930856703213
2024-11-04 17:33:08,4.202612860457368,0.58,26.437220450515156,4.202698293329268,0.5807999999999993,26.090930856703206
2024-11-04 17:33:09,4.202612860457368,0.58,25.72571420883662,4.202711436847921,0.5807599999999993,26.10555043430473
2024-11-04 17:33:09,4.202612860457368,0.58,25.72571420883662,4.202724580366573,0.5807199999999992,26.077457537597876
2024-11-04 17:33:09,4.202777154440939,0.58,25.72571420883662,4.20271800860722,0.5806799999999992,26.092077115199398
2024-11-04 17:33:09,4.201955684525837,0.58,26.437220450515156,4.202691721569959,0.5806399999999992,26.078214343326117
2024-11-04 17:33:10,4.202941448424786,0.58,24.9947353287605,4.202704865088654,0.5805999999999991,26.09324758919289
2024-11-04 17:33:10,4.202941448424786,0.58,25.72571420883662,4.202691721569913,0.5805599999999991,26.107867166794414
2024-11-04 17:33:10,4.203270036393308,0.58,26.437220450515156,4.202724580366683,0.580519999999999,26.122097291627988
2024-11-04 17:33:10,4.202612860457368,0.58,24.2430730354219,4.202731152126016,0.5804799999999991,26.050835926293217
2024-11-04 17:33:11,4.202448566474072,0.58,26.437220450515156,4.202737723885336,0.5804399999999991,26.03697315441994
2024-11-04 17:33:11,4.202448566474072,0.58,26.437220450515156,4.202737723885334,0.5803999999999991,26.06582285685503
2024-11-04 17:33:11,4.203270036393308,0.58,23.469396624933097,4.202764010922772,0.5803599999999992,26.035316082778486
2024-11-04 17:33:11,4.203270036393308,0.58,26.437220450515156,4.202777154441513,0.5803199999999992,26.035316082778483
2024-11-04 17:33:12,4.202448566474072,0.58,27.13035904417916,4.202764010922837,0.5802799999999992,26.063408979485335
2024-11-04 17:33:12,4.202777154440939,0.58,24.2430730354219,4.202770582682181,0.5802399999999992,26.019526031183467
2024-11-04 17:33:12,4.202612860457368,0.579,25.72571420883662,4.202764010922838,0.5801599999999993,26.005295906349893
2024-11-04 17:33:12,4.203105742408909,0.579,24.2430730354219,4.202764010922839,0.5800799999999995,25.961412958048026
2024-11-04 17:33:13,4.202941448424786,0.58,24.9947353287605,4.202770582682192,0.5800399999999994,25.91870048373966
2024-11-04 17:33:13,4.203270036393308,0.58,27.13035904417916,4.202810013238283,0.5799999999999994,25.879122170080333
2024-11-04 17:33:13,4.202777154440939,0.579,26.437220450515156,4.202790297960189,0.5799199999999995,25.893352294913903
2024-11-04 17:33:13,4.203105742408909,0.579,24.9947353287605,4.202783726200813,0.5798399999999996,25.87873271731238
2024-11-04 17:33:14,4.202941448424786,0.579,24.2430730354219,4.20279686971951,0.5797999999999996,25.84907989384409
2024-11-04 17:33:14,4.202941448424786,0.579,25.72571420883662,4.2028034414788635,0.5797599999999998,25.863699471445607
2024-11-04 17:33:14,4.202777154440939,0.579,27.13035904417916,4.202816584997539,0.5797199999999999,25.86369947144561
2024-11-04 17:33:14,4.203270036393308,0.579,26.437220450515156,4.202829728516281,0.57968,25.863699471445607
2024-11-04 17:33:15,4.203105742408909,0.58,23.469396624933097,4.202849443794342,0.57968,25.833192697369054
2024-11-04 17:33:15,4.203270036393308,0.58,26.437220450515156,4.20287573083178,0.5796799999999999,25.833192697369057
2024-11-04 17:33:15,4.203270036393308,0.579,25.72571420883662,4.202902017869218,0.5796399999999999,25.8050998006622
2024-11-04 17:33:15,4.202777154440939,0.579,26.437220450515156,4.202902017869217,0.5796,25.8050998006622
2024-11-04 17:33:16,4.202777154440939,0.579,25.72571420883662,4.202934876665822,0.5795600000000001,25.8347526241305
2024-11-04 17:33:16,4.202941448424786,0.579,27.13035904417916,4.202934876665821,0.5795200000000001,25.848615396003783
2024-11-04 17:33:16,4.202612860457368,0.579,29.10927472714519,4.202921733147124,0.5794800000000001,25.87467806450347
2024-11-04 17:33:16,4.203105742408909,0.579,27.80614130216054,4.2029151613877485,0.5794400000000002,25.902056481536384
2024-11-04 17:33:17,4.203270036393308,0.579,24.2430730354219,4.202941448425186,0.5794000000000001,25.858173533234517
2024-11-04 17:33:17,4.203105742408909,0.579,24.9947353287605,4.20296773546258,0.5793600000000002,25.843553955633
2024-11-04 17:33:17,4.202941448424786,0.579,25.72571420883662,4.202987450740608,0.5793200000000002,25.87320677910129
2024-11-04 17:33:17,4.203270036393308,0.579,27.80614130216054,4.202987450740609,0.5792800000000004,25.929434898569287
2024-11-04 17:33:18,4.202777154440939,0.579,25.72571420883662,4.202967735462513,0.5792400000000003,25.929434898569287
2024-11-04 17:33:18,4.2034343303779815,0.579,27.80614130216054,4.2030071660186685,0.5792000000000004,25.929434898569287
2024-11-04 17:33:18,4.202777154440939,0.578,27.13035904417916,4.203007166018669,0.5791200000000003,25.972147372877668
2024-11-04 17:33:18,4.203270036393308,0.578,24.9947353287605,4.203033453056107,0.5790800000000003,25.943297670442572
2024-11-04 17:33:18,4.202941448424786,0.579,26.437220450515156,4.203026881296742,0.5790800000000003,25.929434898569298
2024-11-04 17:33:19,4.203270036393308,0.579,26.437220450515156,4.203040024815483,0.5790400000000002,25.95828460100439
2024-11-04 17:33:19,4.203105742408909,0.579,22.672238853203226,4.203033453056107,0.5790000000000003,25.897215093891724
2024-11-04 17:33:19,4.203105742408909,0.579,25.72571420883662,4.203046596574826,0.5790000000000003,25.911834671493253
2024-11-04 17:33:19,4.202941448424786,0.579,25.72571420883662,4.2030400248154605,0.5790000000000003,25.870226129626772
2024-11-04 17:33:20,4.202941448424786,0.578,28.465495270963004,4.20304002481546,0.5789600000000003,25.92502175086929
2024-11-04 17:33:20,4.203270036393308,0.578,24.9947353287605,4.2030531683342005,0.5789200000000002,25.88230927656092
2024-11-04 17:33:20,4.203105742408909,0.578,26.437220450515156,4.203066311852921,0.5788800000000002,25.89653940139449
2024-11-04 17:33:20,4.202777154440939,0.578,25.72571420883662,4.203046596574826,0.57884,25.91115897899601
2024-11-04 17:33:21,4.203762918348157,0.578,27.13035904417916,4.203072883612395,0.57876,25.925021750869295
2024-11-04 17:33:21,4.203105742408909,0.578,24.2430730354219,4.2030663118530205,0.57868,25.895368927400995
2024-11-04 17:33:21,4.202941448424786,0.578,29.10927472714519,4.203053168334279,0.5786399999999999,25.963040137767162
2024-11-04 17:33:21,4.202612860457368,0.578,25.72571420883662,4.203046596574936,0.5785999999999999,25.963040137767166
2024-11-04 17:33:22,4.203270036393308,0.578,25.72571420883662,4.203066311853031,0.5785599999999999,25.948810012933592
2024-11-04 17:33:22,4.203270036393308,0.578,26.437220450515156,4.203079455371772,0.5785199999999998,25.97765971536869
2024-11-04 17:33:22,4.203105742408909,0.578,24.2430730354219,4.203099170649834,0.5784799999999998,25.9480068919004
2024-11-04 17:33:22,4.203762918348157,0.578,26.437220450515156,4.2031254576874035,0.5784399999999998,25.948006891900395
2024-11-04 17:33:23,4.202777154440939,0.578,25.72571420883662,4.203105742409309,0.5783999999999998,25.97765971536869
2024-11-04 17:33:23,4.202777154440939,0.578,27.80614130216054,4.203092598890589,0.5783599999999998,26.005038132401594
2024-11-04 17:33:23,4.203105742408909,0.578,23.469396624933097,4.203099170649955,0.5783199999999997,25.945681655889963
2024-11-04 17:33:23,4.202941448424786,0.578,25.72571420883662,4.2030860271312145,0.5782799999999997,25.99080800756803
2024-11-04 17:33:24,4.203270036393308,0.578,24.9947353287605,4.203105742409309,0.5782399999999996,25.961958305132935
2024-11-04 17:33:24,4.202941448424786,0.578,26.437220450515156,4.203086027131181,0.5781999999999996,25.948095533259657
2024-11-04 17:33:24,4.203762918348157,0.578,26.437220450515156,4.203125457687469,0.5781999999999996,25.991978481561517
2024-11-04 17:33:24,4.2042558003054875,0.578,26.437220450515156,4.203164888243956,0.5781999999999996,26.006208606395095
2024-11-04 17:33:25,4.202941448424786,0.578,25.72571420883662,4.203164888243955,0.5781599999999996,26.035861429863388
2024-11-04 17:33:25,4.203270036393308,0.578,26.437220450515156,4.203164888243955,0.5781199999999996,26.06471113229848
2024-11-04 17:33:25,4.203270036393308,0.578,23.469396624933097,4.203171460003331,0.5780799999999996,25.991491883913564
2024-11-04 17:33:25,4.203105742408909,0.578,27.13035904417916,4.203171460003331,0.5780399999999996,26.005354655786842
2024-11-04 17:33:26,4.203270036393308,0.577,27.13035904417916,4.203184603522073,0.5779599999999996,26.04806713009521
2024-11-04 17:33:26,4.203105742408909,0.577,24.9947353287605,4.203191175281438,0.5779199999999995,26.063100375961984
2024-11-04 17:33:26,4.2034343303779815,0.577,26.437220450515156,4.203197747040824,0.5778799999999995,26.07733050079556
2024-11-04 17:33:26,4.202941448424786,0.577,25.72571420883662,4.203191175281458,0.5778399999999995,26.049237604088702
2024-11-04 17:33:27,4.203105742408909,0.577,24.9947353287605,4.203204318800178,0.5777999999999994,26.020387901653617
2024-11-04 17:33:27,4.203762918348157,0.577,26.437220450515156,4.203204318800179,0.5777599999999994,26.079744378165252
2024-11-04 17:33:27,4.203105742408909,0.577,24.9947353287605,4.203204318800179,0.5777199999999993,26.050894675730156
2024-11-04 17:33:27,4.203270036393308,0.577,23.469396624933097,4.2032174623189205,0.5776799999999993,26.005768324052088
2024-11-04 17:33:28,4.203105742408909,0.577,24.9947353287605,4.203237177596982,0.5776399999999993,25.976918621616992
2024-11-04 17:33:28,4.203105742408909,0.577,25.72571420883662,4.203230605837606,0.5775999999999992,25.976918621616996
2024-11-04 17:33:28,4.202777154440939,0.577,26.437220450515156,4.203210890559511,0.5775599999999992,25.963055849743714
2024-11-04 17:33:28,4.202941448424786,0.577,25.72571420883662,4.203204318800146,0.5775199999999991,25.895384639377543
2024-11-04 17:33:29,4.203270036393308,0.577,25.72571420883662,4.203184603521953,0.5774799999999991,25.853776097511062
2024-11-04 17:33:29,4.2034343303779815,0.577,25.72571420883662,4.2032108905594345,0.5774399999999992,25.88342892097936
2024-11-04 17:33:29,4.2034343303779815,0.577,26.437220450515156,4.2032371775969155,0.5773999999999991,25.91227862341445
2024-11-04 17:33:29,4.203105742408909,0.577,26.437220450515156,4.2032371775969155,0.5773599999999992,25.926508748248025
2024-11-04 17:33:30,4.2034343303779815,0.577,27.13035904417916,4.203256892875043,0.5773199999999992,25.912993103088397
2024-11-04 17:33:30,4.203270036393308,0.576,24.9947353287605,4.203256892875043,0.5772399999999993,25.89837352548688
2024-11-04 17:33:30,4.203270036393308,0.576,26.437220450515156,4.203270036393784,0.5771599999999993,25.87099510845396
2024-11-04 17:33:30,4.203270036393308,0.576,24.9947353287605,4.203250321115589,0.5770799999999996,25.828282634145594
2024-11-04 17:33:31,4.204091506319434,0.576,28.465495270963004,4.2032437493561465,0.5769999999999996,25.89769783298964
2024-11-04 17:33:31,4.2034343303779815,0.576,24.9947353287605,4.203263464634274,0.5769199999999997,25.868848130554554
2024-11-04 17:33:31,4.2034343303779815,0.577,25.72571420883662,4.20327003639366,0.5768799999999996,25.854618005720976
2024-11-04 17:33:31,4.203270036393308,0.577,25.72571420883662,4.203270036393661,0.5768399999999997,25.915687512833646
2024-11-04 17:33:32,4.2034343303779815,0.577,25.72571420883662,4.2032831799124235,0.5767999999999996,25.91568751283364
2024-11-04 17:33:32,4.203762918348157,0.577,25.72571420883662,4.203302895190618,0.5767999999999996,25.91568751283364
2024-11-04 17:33:32,4.203762918348157,0.576,26.437220450515156,4.203329182228189,0.5767599999999997,25.875122016424676
2024-11-04 17:33:32,4.202612860457368,0.576,25.72571420883662,4.203296323431363,0.5767199999999998,25.8897415940262
2024-11-04 17:33:33,4.2034343303779815,0.576,26.437220450515156,4.203316038709491,0.57668,25.8897415940262
2024-11-04 17:33:33,4.203270036393308,0.575,24.9947353287605,4.2033226104688675,0.5765999999999998,25.87512201642469
2024-11-04 17:33:33,4.203105742408909,0.575,24.9947353287605,4.203296323431298,0.5765199999999999,25.83240954211631
2024-11-04 17:33:33,4.2034343303779815,0.575,25.72571420883662,4.203309466950061,0.5764399999999997,25.862062365584606
2024-11-04 17:33:34,4.2035986243629315,0.575,24.2430730354219,4.203322610468846,0.5763599999999998,25.764738331750138
2024-11-04 17:33:34,4.2034343303779815,0.575,27.80614130216054,4.203335753987608,0.5762799999999999,25.806346873616626
2024-11-04 17:33:34,4.203270036393308,0.575,27.13035904417916,4.203342325746985,0.5761999999999999,25.83443977032347
2024-11-04 17:33:34,4.2034343303779815,0.575,24.9947353287605,4.203368612784466,0.5761199999999999,25.805590067888375
2024-11-04 17:33:35,4.203270036393308,0.575,24.2430730354219,4.203381756303208,0.5760399999999999,25.805590067888378
2024-11-04 17:33:35,4.203270036393308,0.575,27.13035904417916,4.203381756303208,0.5759599999999998,25.819452839761656
2024-11-04 17:33:35,4.2035986243629315,0.575,24.2430730354219,4.203388328062607,0.5758799999999997,25.789800016293366
2024-11-04 17:33:35,4.203105742408909,0.575,25.72571420883662,4.203375184543844,0.5757999999999996,25.748191474426893
2024-11-04 17:33:36,4.203105742408909,0.575,26.437220450515156,4.203375184543844,0.5757199999999997,25.807547950938535
2024-11-04 17:33:36,4.204091506319434,0.575,25.72571420883662,4.203401471581501,0.5756399999999996,25.807547950938535
2024-11-04 17:33:36,4.203762918348157,0.575,26.437220450515156,4.203421186859695,0.5755999999999997,25.836397653373623
2024-11-04 17:33:36,4.2034343303779815,0.575,24.9947353287605,4.203427758619082,0.5755599999999996,25.807547950938538
2024-11-04 17:33:37,4.2035986243629315,0.575,24.9947353287605,4.203440902137867,0.5755199999999996,25.778698248503442
2024-11-04 17:33:37,4.2034343303779815,0.575,26.437220450515156,4.2034146151002085,0.5754799999999995,25.778698248503442
2024-11-04 17:33:37,4.2035986243629315,0.575,24.9947353287605,4.2034211868596065,0.5754399999999995,25.764078670901924
2024-11-04 17:33:37,4.2035986243629315,0.575,24.9947353287605,4.203427758619004,0.5753599999999994,25.735228968466828
2024-11-04 17:33:38,4.2034343303779815,0.575,24.9947353287605,4.20343433037839,0.5752799999999995,25.76573574254338
2024-11-04 17:33:38,4.2035986243629315,0.575,26.437220450515156,4.203440902137788,0.5751999999999995,25.751872970670092
2024-11-04 17:33:38,4.2034343303779815,0.575,26.437220450515156,4.2034277586189805,0.5751199999999995,25.738010198796818
2024-11-04 17:33:38,4.2039272123336575,0.575,24.9947353287605,4.203434330378401,0.5750799999999995,25.738010198796815
2024-11-04 17:33:39,4.2035986243629315,0.574,26.437220450515156,4.2034737609346235,0.5749999999999996,25.73801019879681
2024-11-04 17:33:39,4.2035986243629315,0.574,25.72571420883662,4.203480332694022,0.5749199999999997,25.73801019879681
2024-11-04 17:33:39,4.2035986243629315,0.575,24.9947353287605,4.203493476212808,0.5749199999999997,25.738010198796804
2024-11-04 17:33:40,4.203270036393308,0.575,25.72571420883662,4.203500047972184,0.5749199999999997,25.723780073963233
2024-11-04 17:33:40,4.2039272123336575,0.575,24.2430730354219,4.203519763250411,0.5749199999999997,25.70874682809647
2024-11-04 17:33:40,4.204091506319434,0.574,24.9947353287605,4.203539478528671,0.5748799999999998,25.73925360217301
2024-11-04 17:33:40,4.2034343303779815,0.574,26.437220450515156,4.203539478528671,0.5748399999999999,25.76810330460811
2024-11-04 17:33:40,4.203270036393308,0.574,24.9947353287605,4.203539478528671,0.5748,25.753483727006582
2024-11-04 17:33:41,4.204091506319434,0.574,27.80614130216054,4.203565765566329,0.57476,25.780862144039496
2024-11-04 17:33:41,4.2039272123336575,0.574,24.2430730354219,4.203592052603943,0.5747200000000001,25.751209320571206
2024-11-04 17:33:41,4.2034343303779815,0.574,25.72571420883662,4.2035986243633285,0.5746800000000003,25.751209320571206
2024-11-04 17:33:41,4.204584388278419,0.574,27.80614130216054,4.203638054919948,0.5746400000000003,25.792817862437676
2024-11-04 17:33:42,4.2035986243629315,0.575,25.72571420883662,4.203657770198109,0.5746400000000002,25.778587737604102
2024-11-04 17:33:42,4.203270036393308,0.575,26.437220450515156,4.203664341957484,0.5746400000000002,25.778587737604102
2024-11-04 17:33:42,4.203762918348157,0.574,27.80614130216054,4.203651198438633,0.5746000000000003,25.792103382763734
2024-11-04 17:33:42,4.202941448424786,0.574,24.9947353287605,4.203618339641698,0.5745600000000004,25.79210338276373
2024-11-04 17:33:43,4.203762918348157,0.574,24.9947353287605,4.203631483160506,0.5745200000000004,25.763253680328635
2024-11-04 17:33:43,4.204091506319434,0.574,27.13035904417916,4.203651198438766,0.5744800000000004,25.805966154637012
2024-11-04 17:33:43,4.203762918348157,0.574,26.437220450515156,4.203664341957573,0.5744400000000005,25.765400658228053
2024-11-04 17:33:43,4.2035986243629315,0.574,22.672238853203226,4.203664341957573,0.5744000000000005,25.718950728716905
2024-11-04 17:33:44,4.2034343303779815,0.574,26.437220450515156,4.203657770198175,0.5743600000000004,25.733180853550476
2024-11-04 17:33:44,4.2035986243629315,0.574,27.13035904417916,4.203664341957574,0.5743200000000005,25.761273750257327
2024-11-04 17:33:44,4.204091506319434,0.574,27.13035904417916,4.203684057235834,0.5742800000000005,25.789366646964183
2024-11-04 17:33:44,4.2035986243629315,0.574,26.437220450515156,4.203690628995231,0.5742400000000005,25.803596771797746
2024-11-04 17:33:45,4.2039272123336575,0.573,26.437220450515156,4.203690628995232,0.5741600000000006,25.803596771797746
2024-11-04 17:33:45,4.203762918348157,0.573,25.72571420883662,4.2036972007546405,0.5741200000000005,25.803596771797757
2024-11-04 17:33:45,4.2034343303779815,0.573,27.13035904417916,4.203690628995243,0.5740800000000005,25.817459543671035
2024-11-04 17:33:45,4.203762918348157,0.573,23.469396624933097,4.203697200754652,0.5740000000000004,25.786952769594492
2024-11-04 17:33:46,4.203762918348157,0.573,25.72571420883662,4.203716916032845,0.5739200000000004,25.801572347196007
2024-11-04 17:33:46,4.203270036393308,0.573,25.72571420883662,4.203690628995232,0.5738400000000003,25.801572347196007
2024-11-04 17:33:46,4.203762918348157,0.573,27.13035904417916,4.203677485476382,0.5738000000000003,25.859318067371145
2024-11-04 17:33:46,4.2035986243629315,0.573,27.80614130216054,4.20368405723578,0.5737600000000003,25.859318067371145
2024-11-04 17:33:47,4.2039272123336575,0.573,27.80614130216054,4.203710344273393,0.5737200000000002,25.872833712530777
2024-11-04 17:33:47,4.204091506319434,0.572,26.437220450515156,4.203710344273393,0.5736400000000001,25.901683414965863
2024-11-04 17:33:47,4.2039272123336575,0.572,26.437220450515156,4.203710344273393,0.5735600000000001,25.945566363267734
2024-11-04 17:33:47,4.2035986243629315,0.572,26.437220450515156,4.203716916032792,0.57348,25.931703591394463
2024-11-04 17:33:48,4.204091506319434,0.572,24.2430730354219,4.203697200754432,0.5733999999999999,25.931703591394456
2024-11-04 17:33:48,4.2034343303779815,0.572,25.72571420883662,4.203690628995034,0.5732799999999999,25.931703591394463
2024-11-04 17:33:48,4.2035986243629315,0.571,25.72571420883662,4.203703772513819,0.57312,25.917473466560885
2024-11-04 17:33:48,4.2035986243629315,0.571,24.9947353287605,4.2036972007544104,0.5730000000000001,25.902853888959367
2024-11-04 17:33:49,4.203270036393308,0.571,26.437220450515156,4.203710344273151,0.5728800000000001,25.90285388895937
2024-11-04 17:33:49,4.2039272123336575,0.57,27.13035904417916,4.2037169160325725,0.5727200000000001,25.94556636326774
2024-11-04 17:33:49,4.2034343303779815,0.57,27.13035904417916,4.203690628994913,0.5725600000000002,25.988278837576118
2024-11-04 17:33:49,4.203270036393308,0.57,26.437220450515156,4.203670913716719,0.5724000000000001,25.988278837576118
2024-11-04 17:33:50,4.202941448424786,0.57,27.80614130216054,4.203644626679192,0.5722400000000002,26.044506957044113
2024-11-04 17:33:50,4.202941448424786,0.569,24.9947353287605,4.2036249114010635,0.5720400000000001,26.04450695704411
2024-11-04 17:33:50,4.203105742408909,0.569,26.437220450515156,4.203605196122903,0.5718400000000001,26.073356659479206
2024-11-04 17:33:50,4.2035986243629315,0.568,26.437220450515156,4.203585480844643,0.5716000000000002,26.073356659479206
2024-11-04 17:33:51,4.2034343303779815,0.568,26.437220450515156,4.203578909085245,0.5713600000000002,26.073356659479213
2024-11-04 17:33:51,4.203270036393308,0.568,27.13035904417916,4.203552622047631,0.5711600000000001,26.116069133787583
2024-11-04 17:33:51,4.2035986243629315,0.568,24.9947353287605,4.203546050288222,0.5709600000000001,26.087219431352487
2024-11-04 17:33:51,4.202612860457368,0.568,24.9947353287605,4.203513191491398,0.5707600000000002,26.072599853750965
2024-11-04 17:33:52,4.203270036393308,0.568,26.437220450515156,4.203493476213206,0.5705600000000002,26.10144955618606
2024-11-04 17:33:52,4.203105742408909,0.568,25.72571420883662,4.203467189175636,0.5703600000000002,26.101449556186054
2024-11-04 17:33:52,4.202941448424786,0.568,24.9947353287605,4.203454045656894,0.5701600000000003,26.11648280205283
2024-11-04 17:33:52,4.202941448424786,0.568,27.13035904417916,4.203421186859959,0.5699600000000005,26.159195276361196
2024-11-04 17:33:53,4.203270036393308,0.568,24.9947353287605,4.203408043341174,0.5697600000000006,26.13034557392611
2024-11-04 17:33:53,4.2034343303779815,0.568,24.9947353287605,4.203388328062946,0.5695600000000006,26.130345573926107
2024-11-04 17:33:53,4.203270036393308,0.568,25.72571420883662,4.203355469265903,0.5694000000000006,26.088737032059626
2024-11-04 17:33:53,4.2034343303779815,0.568,25.72571420883662,4.203335753987674,0.5692400000000005,26.118389855527923
2024-11-04 17:33:54,4.203270036393308,0.568,24.9947353287605,4.20332261046889,0.5690800000000005,26.1037702779264
2024-11-04 17:33:54,4.202612860457368,0.568,24.9947353287605,4.203263464634407,0.5689200000000005,26.0475421584584
2024-11-04 17:33:54,4.2034343303779815,0.568,22.672238853203226,4.203263464634406,0.5687600000000005,25.986472651345725
2024-11-04 17:33:54,4.203105742408909,0.568,24.9947353287605,4.203243749356246,0.5686400000000006,25.95762294891064
2024-11-04 17:33:55,4.202941448424786,0.567,26.437220450515156,4.20321746231872,0.5684800000000004,25.930244531877733
2024-11-04 17:33:55,4.2035986243629315,0.567,24.9947353287605,4.203230605837505,0.5683200000000004,25.93024453187773
2024-11-04 17:33:55,4.203105742408909,0.567,24.9947353287605,4.203197747040515,0.5682000000000003,25.930244531877733
2024-11-04 17:33:55,4.202612860457368,0.567,25.72571420883662,4.203164888243691,0.5680800000000003,25.902151635170878
2024-11-04 17:33:56,4.2034343303779815,0.567,24.9947353287605,4.203171460003078,0.5679600000000002,25.87330193273579
2024-11-04 17:33:56,4.203270036393308,0.567,25.72571420883662,4.203184603521819,0.5678400000000001,25.934371439848455
2024-11-04 17:33:56,4.2034343303779815,0.567,22.672238853203226,4.203204318799946,0.5677600000000002,25.859071807902215
2024-11-04 17:33:56,4.203270036393308,0.567,23.469396624933097,4.203210890559323,0.5676800000000001,25.7858525595173
2024-11-04 17:33:57,4.2035986243629315,0.567,24.9947353287605,4.2032108905593235,0.56764,25.74314008520892
2024-11-04 17:33:57,4.202941448424786,0.567,25.72571420883662,4.203191175281195,0.5676,25.728909960375358
2024-11-04 17:33:57,4.2035986243629315,0.568,27.13035904417916,4.20320431879998,0.5676,25.742772732248635
2024-11-04 17:33:57,4.203270036393308,0.568,27.13035904417916,4.203191175281195,0.5676000000000001,25.77086562895549
2024-11-04 17:33:58,4.2035986243629315,0.568,27.80614130216054,4.203230605837417,0.5676000000000001,25.784381274115113
2024-11-04 17:33:58,4.203270036393308,0.568,25.72571420883662,4.203230605837417,0.5676000000000002,25.829507625793184
2024-11-04 17:33:58,4.203105742408909,0.568,27.13035904417916,4.203230605837418,0.5676000000000002,25.85760052250003
2024-11-04 17:33:58,4.2039272123336575,0.568,27.13035904417916,4.203270036393772,0.5676000000000003,25.88569341920688
2024-11-04 17:33:59,4.2034343303779815,0.568,25.72571420883662,4.2032897516719006,0.5676000000000004,25.857600522500025
2024-11-04 17:33:59,4.2034343303779815,0.567,25.72571420883662,4.203296323431287,0.5675600000000004,25.81599198063355
2024-11-04 17:33:59,4.2034343303779815,0.567,25.72571420883662,4.203296323431287,0.5675200000000004,25.774383438767064
2024-11-04 17:33:59,4.2034343303779815,0.567,26.437220450515156,4.2033028951906735,0.5674800000000004,25.77438343876707
2024-11-04 17:34:00,4.2035986243629315,0.567,27.13035904417916,4.2033094669500715,0.5674400000000004,25.78824621064035
2024-11-04 17:34:00,4.203762918348157,0.567,25.72571420883662,4.203329182228265,0.5674000000000003,25.774016085806778
2024-11-04 17:34:00,4.202941448424786,0.567,26.437220450515156,4.20334232574696,0.5673600000000003,25.81789903410865
2024-11-04 17:34:00,4.2035986243629315,0.567,25.72571420883662,4.203348897506358,0.5673200000000003,25.81789903410865
2024-11-04 17:34:01,4.203762918348157,0.567,25.72571420883662,4.203375184543927,0.5672800000000001,25.81789903410865
2024-11-04 17:34:01,4.2035986243629315,0.567,25.72571420883662,4.203401471581453,0.5672800000000001,25.832518611710167
2024-11-04 17:34:01,4.203762918348157,0.567,27.80614130216054,4.203408043340863,0.56728,25.85989702874308
2024-11-04 17:34:01,4.2035986243629315,0.567,24.2430730354219,4.203427758619026,0.56728,25.802151308567932
2024-11-04 17:34:02,4.203270036393308,0.567,26.437220450515156,4.203454045656464,0.56728,25.788288536694655
2024-11-04 17:34:02,4.203762918348157,0.567,24.9947353287605,4.203467189175272,0.56728,25.75943883425956
2024-11-04 17:34:02,4.203270036393308,0.567,26.437220450515156,4.203467189175273,0.56728,25.73206041722665
2024-11-04 17:34:02,4.2034343303779815,0.567,28.465495270963004,4.203467189175272,0.56728,25.801475616070693
2024-11-04 17:34:03,4.2034343303779815,0.567,25.72571420883662,4.203473760934659,0.56728,25.78724549123712
2024-11-04 17:34:03,4.2035986243629315,0.567,23.469396624933097,4.203473760934658,0.56728,25.727889014725484
2024-11-04 17:34:03,4.203762918348157,0.567,25.72571420883662,4.203506619731593,0.56728,25.713658889891914
2024-11-04 17:34:03,4.2035986243629315,0.567,24.2430730354219,4.203506619731593,0.5672400000000001,25.655913169716772
2024-11-04 17:34:04,4.2035986243629315,0.567,26.437220450515156,4.203519763250378,0.5672,25.684762872151868
2024-11-04 17:34:04,4.2035986243629315,0.567,27.80614130216054,4.203519763250378,0.5671600000000001,25.740990991619864
2024-11-04 17:34:04,4.203762918348157,0.567,25.72571420883662,4.203539478528571,0.5671200000000001,25.72676086678629
2024-11-04 17:34:04,4.203762918348157,0.567,24.9947353287605,4.203565765566141,0.5670800000000001,25.71214128918478
2024-11-04 17:34:05,4.203762918348157,0.567,26.437220450515156,4.203559193806721,0.5670400000000001,25.740990991619864
2024-11-04 17:34:05,4.2035986243629315,0.567,27.13035904417916,4.20356576556612,0.5670000000000001,25.74099099161987
2024-11-04 17:34:05,4.2039272123336575,0.567,25.72571420883662,4.203585480844348,0.5670000000000001,25.75561056922139
2024-11-04 17:34:05,4.203762918348157,0.567,26.437220450515156,4.2035986243631545,0.5670000000000001,25.78446027165648
2024-11-04 17:34:06,4.203762918348157,0.567,25.72571420883662,4.203611767881962,0.5670000000000001,25.78446027165648
2024-11-04 17:34:06,4.2039272123336575,0.567,26.437220450515156,4.203624911400791,0.5670000000000001,25.798690396490056
2024-11-04 17:34:06,4.204091506319434,0.567,24.9947353287605,4.20363805491964,0.5670000000000001,25.79869039649006
2024-11-04 17:34:06,4.203762918348157,0.567,26.437220450515156,4.203670913716575,0.5670000000000001,25.827540098925148
2024-11-04 17:34:07,4.204091506319434,0.567,26.437220450515156,4.203690628994835,0.5670000000000001,25.902839730871392
2024-11-04 17:34:07,4.203762918348157,0.567,26.437220450515156,4.203690628994835,0.5670000000000001,25.93168943330649
2024-11-04 17:34:07,4.2039272123336575,0.567,24.2430730354219,4.203703772513665,0.5670000000000001,25.887806485004624
2024-11-04 17:34:07,4.2035986243629315,0.567,25.72571420883662,4.203697200754255,0.5670000000000001,25.902426062606146
2024-11-04 17:34:08,4.2035986243629315,0.566,24.9947353287605,4.203697200754255,0.56696,25.902426062606143
2024-11-04 17:34:08,4.2035986243629315,0.566,24.2430730354219,4.20371034427304,0.56692,25.87277323913785
2024-11-04 17:34:08,4.204091506319434,0.566,23.469396624933097,4.203723487791891,0.5668799999999999,25.842266465061307
2024-11-04 17:34:08,4.204091506319434,0.566,26.437220450515156,4.2037563465889365,0.5668399999999999,25.856496589894867
2024-11-04 17:34:09,4.204091506319434,0.566,24.9947353287605,4.203782633626593,0.5667999999999999,25.90294651940602
2024-11-04 17:34:09,4.203762918348157,0.566,24.9947353287605,4.203795777145401,0.5667599999999998,25.93345329348256
2024-11-04 17:34:09,4.203105742408909,0.566,25.72571420883662,4.203776061867241,0.5667199999999998,25.948072871084086
2024-11-04 17:34:09,4.203762918348157,0.566,27.13035904417916,4.2037760618672415,0.5666799999999997,25.97616576779093
2024-11-04 17:34:10,4.203762918348157,0.566,27.13035904417916,4.203782633626649,0.5666399999999997,25.976165767790935
2024-11-04 17:34:10,4.204091506319434,0.566,25.72571420883662,4.203802348904908,0.5665999999999997,25.94807287108408
2024-11-04 17:34:10,4.2039272123336575,0.566,26.437220450515156,4.203815492423738,0.5665599999999996,25.92069445405118
2024-11-04 17:34:10,4.204091506319434,0.566,26.437220450515156,4.203828635942588,0.5665199999999997,25.934924578884747
2024-11-04 17:34:11,4.2042558003054875,0.566,25.72571420883662,4.203848351220881,0.5664799999999997,25.90683168217789
2024-11-04 17:34:11,4.204420094291815,0.566,25.72571420883662,4.203874638258627,0.5664399999999997,25.878738785471043
2024-11-04 17:34:11,4.203762918348157,0.566,26.437220450515156,4.203881210018036,0.5663999999999997,25.892968910304617
2024-11-04 17:34:11,4.2035986243629315,0.566,25.72571420883662,4.203868066499208,0.5663599999999998,25.892968910304607
2024-11-04 17:34:12,4.203762918348157,0.566,26.437220450515156,4.203868066499208,0.5663199999999997,25.90719903513819
2024-11-04 17:34:12,4.2042558003054875,0.566,26.437220450515156,4.2038877817775,0.5662799999999998,25.90719903513819
2024-11-04 17:34:12,4.2035986243629315,0.566,24.9947353287605,4.203874638258672,0.5662399999999997,25.864486560829814
2024-11-04 17:34:12,4.2042558003054875,0.566,24.9947353287605,4.203881210018114,0.5661999999999998,25.849866983228296
2024-11-04 17:34:13,4.2035986243629315,0.566,25.72571420883662,4.203874638258705,0.5661599999999997,25.835636858394718
2024-11-04 17:34:13,4.203270036393308,0.566,24.9947353287605,4.20384177946166,0.5661199999999997,25.82101728079319
2024-11-04 17:34:13,4.204091506319434,0.565,24.2430730354219,4.203854922980512,0.5660399999999998,25.791364457324907
2024-11-04 17:34:13,4.204420094291815,0.565,26.437220450515156,4.203874638258838,0.5659599999999999,25.805594582158474
2024-11-04 17:34:14,4.204091506319434,0.566,27.13035904417916,4.203894353537097,0.5659199999999999,25.792078936998845
2024-11-04 17:34:14,4.2039272123336575,0.566,25.72571420883662,4.203907497055926,0.5659199999999999,25.821731760467145
2024-11-04 17:34:14,4.204584388278419,0.566,27.80614130216054,4.203946927612546,0.5659199999999999,25.84911017750005
2024-11-04 17:34:14,4.204091506319434,0.566,25.72571420883662,4.203946927612546,0.5659199999999999,25.863729755101566
2024-11-04 17:34:15,4.204091506319434,0.566,23.469396624933097,4.203946927612546,0.5659199999999999,25.80437327858993
2024-11-04 17:34:15,4.204091506319434,0.565,25.72571420883662,4.203946927612546,0.56588,25.74957765734741
2024-11-04 17:34:15,4.203762918348157,0.565,24.9947353287605,4.203946927612546,0.5658400000000001,25.73495807974588
2024-11-04 17:34:15,4.2042558003054875,0.565,27.13035904417916,4.203992929928408,0.5658000000000002,25.808177328130807
2024-11-04 17:34:16,4.2042558003054875,0.565,26.437220450515156,4.2040126452067,0.5657600000000003,25.82240745296438
2024-11-04 17:34:16,4.204091506319434,0.565,24.2430730354219,4.204025788725552,0.5657200000000002,25.822407452964377
2024-11-04 17:34:16,4.204091506319434,0.565,27.13035904417916,4.204025788725552,0.5656800000000002,25.836270224837655
2024-11-04 17:34:16,4.2042558003054875,0.565,25.72571420883662,4.2040389322444245,0.5656400000000003,25.794661682971174
2024-11-04 17:34:17,4.204420094291815,0.565,27.13035904417916,4.204052075763319,0.5656000000000003,25.822754579678026
2024-11-04 17:34:17,4.2042558003054875,0.565,24.2430730354219,4.204052075763319,0.5655600000000005,25.80772133381126
2024-11-04 17:34:17,4.204091506319434,0.565,26.437220450515156,4.204038932244424,0.5655200000000006,25.80772133381125
2024-11-04 17:34:17,4.204091506319434,0.565,27.13035904417916,4.204052075763275,0.5654800000000006,25.807721333811255
2024-11-04 17:34:18,4.2042558003054875,0.565,24.9947353287605,4.204078362800976,0.5654400000000006,25.793101756209737
2024-11-04 17:34:18,4.2042558003054875,0.565,24.9947353287605,4.204098078079269,0.5654000000000007,25.76425205377464
2024-11-04 17:34:18,4.2042558003054875,0.565,25.72571420883662,4.20409807807927,0.5653600000000005,25.764252053774644
2024-11-04 17:34:18,4.204091506319434,0.565,23.469396624933097,4.20411779335753,0.5653200000000005,25.704895577263002
2024-11-04 17:34:19,4.204091506319434,0.565,26.437220450515156,4.204111221598088,0.5652800000000004,25.733745279698088
2024-11-04 17:34:19,4.2042558003054875,0.565,25.72571420883662,4.204137508635791,0.5652400000000004,25.71951515486452
2024-11-04 17:34:19,4.204091506319434,0.565,27.13035904417916,4.204170367432836,0.5652000000000004,25.733377926737788
2024-11-04 17:34:19,4.204091506319434,0.565,24.2430730354219,4.204170367432837,0.5652000000000004,25.68949497843593
2024-11-04 17:34:20,4.204420094291815,0.564,25.72571420883662,4.204170367432836,0.5651600000000003,25.719147801904217
2024-11-04 17:34:20,4.204912976252455,0.564,27.80614130216054,4.204203226230156,0.5650800000000002,25.76075634377069
2024-11-04 17:34:20,4.204091506319434,0.564,25.72571420883662,4.204209797989588,0.5650000000000002,25.775375921372223
2024-11-04 17:34:20,4.204091506319434,0.564,25.72571420883662,4.204190082711229,0.5649200000000001,25.80502874484051
2024-11-04 17:34:21,4.2039272123336575,0.565,27.13035904417916,4.204183510951799,0.5648800000000002,25.878247993225436
2024-11-04 17:34:21,4.204091506319434,0.565,23.469396624933097,4.204183510951799,0.5648400000000001,25.818891516713794
2024-11-04 17:34:21,4.204584388278419,0.565,24.9947353287605,4.204203226230158,0.5648400000000001,25.818891516713798
2024-11-04 17:34:21,4.204091506319434,0.564,24.9947353287605,4.204216369749009,0.5648000000000001,25.818891516713794
2024-11-04 17:34:22,4.204420094291815,0.564,24.9947353287605,4.204222941508462,0.56476,25.804271939112272
2024-11-04 17:34:22,4.204420094291815,0.564,25.72571420883662,4.204229513267915,0.56472,25.776179042405428
2024-11-04 17:34:22,4.204420094291815,0.564,26.437220450515156,4.2042426567868105,0.56468,25.762316270532146
2024-11-04 17:34:22,4.2042558003054875,0.564,27.13035904417916,4.204249228546253,0.56464,25.790409167238998
2024-11-04 17:34:23,4.2042558003054875,0.564,25.72571420883662,4.204249228546252,0.5646,25.77617904240544
2024-11-04 17:34:23,4.204091506319434,0.564,25.72571420883662,4.204236085027357,0.5645600000000001,25.761948917571864
2024-11-04 17:34:23,4.2042558003054875,0.564,27.80614130216054,4.204236085027356,0.56452,25.803557459438334
2024-11-04 17:34:23,4.204584388278419,0.564,25.72571420883662,4.204255800305715,0.56448,25.803557459438345
2024-11-04 17:34:24,4.204420094291815,0.564,24.9947353287605,4.20426894382461,0.5644399999999999,25.774707757003238
2024-11-04 17:34:24,4.203762918348157,0.564,25.72571420883662,4.204249228546318,0.5643999999999999,25.774707757003252
2024-11-04 17:34:24,4.204748682265299,0.564,26.437220450515156,4.20426894382471,0.56436,25.77470775700324
2024-11-04 17:34:24,4.2042558003054875,0.564,25.72571420883662,4.20426894382471,0.5643199999999999,25.76047763216968
2024-11-04 17:34:25,4.204584388278419,0.564,24.2430730354219,4.20428865910307,0.56428,25.745444386302903
2024-11-04 17:34:25,4.2042558003054875,0.564,23.469396624933097,4.204295230862512,0.56424,25.71493761222635
2024-11-04 17:34:25,4.2042558003054875,0.564,26.437220450515156,4.204295230862512,0.5641999999999999,25.729167737059925
2024-11-04 17:34:25,4.204420094291815,0.564,24.9947353287605,4.204308374381408,0.56416,25.729167737059928
2024-11-04 17:34:26,4.204584388278419,0.564,24.9947353287605,4.204328089659768,0.56412,25.744200982926696
2024-11-04 17:34:26,4.204748682265299,0.564,24.2430730354219,4.204341233178707,0.56412,25.70031803462484
2024-11-04 17:34:26,4.2042558003054875,0.564,25.72571420883662,4.204314946140827,0.56412,25.672225137917984
2024-11-04 17:34:26,4.204420094291815,0.564,27.13035904417916,4.204328089659722,0.56412,25.70031803462484
2024-11-04 17:34:27,4.204420094291815,0.564,24.9947353287605,4.204341233178617,0.56412,25.644089915156837
2024-11-04 17:34:27,4.204584388278419,0.564,24.9947353287605,4.204367520216408,0.56408,25.62947033755532
2024-11-04 17:34:27,4.204420094291815,0.564,26.437220450515156,4.204380663735304,0.56404,25.688826814066953
2024-11-04 17:34:27,4.2042558003054875,0.564,24.9947353287605,4.204367520216387,0.564,25.67420723646543
2024-11-04 17:34:28,4.204748682265299,0.564,24.9947353287605,4.204393807254221,0.564,25.674207236465428
2024-11-04 17:34:28,4.204748682265299,0.564,25.72571420883662,4.20440695077316,0.564,25.64611433975857
2024-11-04 17:34:28,4.204584388278419,0.564,27.13035904417916,4.204413522532624,0.564,25.659977111631857
2024-11-04 17:34:28,4.204748682265299,0.563,26.437220450515156,4.204426666051564,0.5639599999999999,25.703860059933714
2024-11-04 17:34:29,4.2042558003054875,0.563,25.72571420883662,4.204426666051564,0.5639199999999999,25.675767163226855
2024-11-04 17:34:29,4.204420094291815,0.563,27.80614130216054,4.204433237811017,0.5638799999999998,25.717375705093346
2024-11-04 17:34:29,4.2042558003054875,0.563,27.13035904417916,4.2044398095704585,0.5638399999999998,25.717375705093342
2024-11-04 17:34:29,4.2042558003054875,0.563,24.2430730354219,4.2044398095704585,0.5637999999999997,25.717375705093346
2024-11-04 17:34:30,4.204912976252455,0.563,25.72571420883662,4.204452953089421,0.5637599999999997,25.703145580259772
2024-11-04 17:34:30,4.2042558003054875,0.563,27.13035904417916,4.2044463813299675,0.5637199999999997,25.703145580259775
2024-11-04 17:34:30,4.204748682265299,0.563,24.2430730354219,4.204485811886653,0.5636799999999996,25.688112334393
2024-11-04 17:34:30,4.204420094291815,0.563,26.437220450515156,4.204472668367713,0.5636399999999996,25.7169620368281
2024-11-04 17:34:31,4.204912976252455,0.563,24.9947353287605,4.204498955405592,0.5635999999999995,25.70234245922658
2024-11-04 17:34:31,4.204584388278419,0.563,25.72571420883662,4.204498955405592,0.5635599999999995,25.747468810904646
2024-11-04 17:34:31,4.204584388278419,0.563,23.469396624933097,4.20451209892451,0.5635199999999996,25.688112334393004
2024-11-04 17:34:31,4.2042558003054875,0.563,26.437220450515156,4.20451209892451,0.5634799999999995,25.702342459226575
2024-11-04 17:34:32,4.204420094291815,0.563,25.72571420883662,4.20451209892451,0.5634399999999996,25.674249562519726
2024-11-04 17:34:32,4.2042558003054875,0.563,26.437220450515156,4.204498955405592,0.5633999999999996,25.718132510821587
2024-11-04 17:34:32,4.205077270239886,0.563,26.437220450515156,4.204512098924576,0.5633599999999996,25.732362635655164
2024-11-04 17:34:32,4.199655568800195,0.563,24.9947353287605,4.204328089664364,0.5633199999999996,25.67613451618716
2024-11-04 17:34:33,4.204584388278419,0.562,27.13035904417916,4.204334661423829,0.5632399999999997,25.704227412894014
2024-11-04 17:34:33,4.198998392888499,0.562,24.2430730354219,4.204117793367697,0.5631599999999998,25.674574589425717
2024-11-04 17:34:33,4.198834098911264,0.532,26.437220450515156,4.203887781793012,0.5618799999999999,25.66071181755243
2024-11-04 17:34:33,4.199162686866011,0.532,25.72571420883662,4.203677485495979,0.5605999999999999,25.7058381692305
2024-11-04 17:34:34,4.198834098911264,0.532,26.437220450515156,4.203460617440211,0.5593199999999999,25.7346878716656
2024-11-04 17:34:34,4.198998392888499,0.532,28.465495270963004,4.203230605865141,0.55804,25.804103070509644
2024-11-04 17:34:34,4.198998392888499,0.532,25.72571420883662,4.203000594290069,0.55676,25.81872264811117
2024-11-04 17:34:34,4.199162686866011,0.532,25.72571420883662,4.202783726233573,0.5554800000000001,25.81872264811117
2024-11-04 17:34:35,4.199655568800195,0.532,26.437220450515156,4.202580001694968,0.5542400000000002,25.81872264811117
2024-11-04 17:34:35,4.199491274821859,0.532,25.72571420883662,4.202389420675623,0.5530000000000002,25.790629751404314
2024-11-04 17:34:35,4.198998392888499,0.532,26.437220450515156,4.202172552619491,0.5517600000000001,25.804859876237888
2024-11-04 17:34:35,4.198998392888499,0.532,26.437220450515156,4.201962256322812,0.5505200000000001,25.819090001071462
2024-11-04 17:34:36,4.199326980843797,0.532,25.72571420883662,4.201765103544344,0.54928,25.77748145920498
2024-11-04 17:34:36,4.198669804934304,0.532,26.437220450515156,4.201515376691618,0.54804,25.79171158403856
2024-11-04 17:34:36,4.198834098911264,0.531,25.72571420883662,4.2012985086358485,0.5467599999999999,25.806331161640074
2024-11-04 17:34:36,4.198998392888499,0.531,24.9947353287605,4.201068497060777,0.5454799999999999,25.791711584038552
2024-11-04 17:34:37,4.198669804934304,0.532,25.72571420883662,4.200838485486475,0.5442399999999998,25.777481459204992
2024-11-04 17:34:37,4.199162686866011,0.532,26.437220450515156,4.200608473911017,0.5429999999999998,25.791711584038566
2024-11-04 17:34:37,4.198998392888499,0.532,24.9947353287605,4.200385034095421,0.5417599999999999,25.806744829905334
2024-11-04 17:34:37,4.199162686866011,0.532,26.437220450515156,4.2001681660389245,0.5405199999999999,25.866101306416976
2024-11-04 17:34:38,4.198998392888499,0.532,24.9947353287605,4.199957869742245,0.5392799999999999,25.83725160398188
2024-11-04 17:34:38,4.199655568800195,0.532,24.9947353287605,4.19976728872258,0.53804,25.837251603981876
2024-11-04 17:34:38,4.199819862778808,0.532,25.72571420883662,4.1995898512215115,0.5367999999999999,25.8518711815834
2024-11-04 17:34:38,4.199491274821859,0.532,25.72571420883662,4.199366411404791,0.5355599999999999,25.881524005051688
2024-11-04 17:34:39,4.199162686866011,0.532,27.13035904417916,4.199346696127423,0.53432,25.90961690175854
2024-11-04 17:34:39,4.199326980843797,0.532,25.72571420883662,4.199136399830038,0.53312,25.881524005051688
2024-11-04 17:34:39,4.198834098911264,0.532,25.72571420883662,4.199129828070949,0.5319200000000001,25.896143582653213
2024-11-04 17:34:39,4.199162686866011,0.532,22.672238853203226,4.199142971589139,0.5319200000000001,25.84969365314206
2024-11-04 17:34:40,4.199162686866011,0.532,27.13035904417916,4.199142971589137,0.5319200000000001,25.86355642501535
2024-11-04 17:34:40,4.199655568800195,0.532,27.13035904417916,4.199175830384695,0.5319200000000001,25.906268899323717
2024-11-04 17:34:40,4.198998392888499,0.532,24.9947353287605,4.199175830384695,0.5319200000000001,25.906268899323724
2024-11-04 17:34:40,4.199162686866011,0.532,24.9947353287605,4.199182402143796,0.53192,25.891649321722202
2024-11-04 17:34:41,4.198834098911264,0.532,25.72571420883662,4.199169258625607,0.53192,25.86355642501535
2024-11-04 17:34:41,4.199162686866011,0.531,24.9947353287605,4.199149543348239,0.5318799999999999,25.834706722580254
2024-11-04 17:34:41,4.199326980843797,0.531,25.72571420883662,4.199142971589117,0.5318399999999999,25.834706722580258
2024-11-04 17:34:41,4.199162686866011,0.531,24.9947353287605,4.199149543348216,0.5317999999999998,25.77847860311226
2024-11-04 17:34:42,4.198834098911264,0.531,25.72571420883662,4.199142971589127,0.5317599999999998,25.750385706405414
2024-11-04 17:34:42,4.199162686866011,0.531,27.13035904417916,4.1991363998300155,0.5317199999999997,25.80813142658055
2024-11-04 17:34:42,4.199984156757696,0.531,25.72571420883662,4.1991889739029515,0.5316799999999997,25.80813142658056
2024-11-04 17:34:42,4.199984156757696,0.531,25.72571420883662,4.199234976216809,0.5316799999999997,25.7800385298737
2024-11-04 17:34:43,4.199162686866011,0.531,24.2430730354219,4.199241547975909,0.5316799999999996,25.780038529873703
2024-11-04 17:34:43,4.199491274821859,0.531,22.672238853203226,4.199274406771411,0.5316399999999996,25.704738897927463
2024-11-04 17:34:43,4.199162686866011,0.531,26.437220450515156,4.199274406771411,0.5315999999999995,25.733588600362562
2024-11-04 17:34:43,4.199984156757696,0.531,27.80614130216054,4.199313837326178,0.5315599999999996,25.775197142229036
2024-11-04 17:34:44,4.199162686866011,0.531,25.72571420883662,4.199313837326178,0.5315199999999995,25.820323493907107
2024-11-04 17:34:44,4.198505510957618,0.532,26.437220450515156,4.1992941220489435,0.5315199999999997,25.820323493907107
2024-11-04 17:34:44,4.199162686866011,0.532,24.9947353287605,4.1992744067715755,0.5315199999999998,25.80570391630558
2024-11-04 17:34:44,4.199491274821859,0.531,26.437220450515156,4.199261263253298,0.5314799999999997,25.805703916305575
2024-11-04 17:34:45,4.199162686866011,0.531,25.72571420883662,4.1992481197350635,0.5314399999999998,25.791473791472008
2024-11-04 17:34:45,4.198998392888499,0.531,24.9947353287605,4.199241547975964,0.5313999999999998,25.791473791472004
2024-11-04 17:34:45,4.198505510957618,0.531,24.9947353287605,4.199208689180518,0.5313599999999998,25.748761317163634
2024-11-04 17:34:45,4.199162686866011,0.531,25.72571420883662,4.199221832698707,0.5313199999999998,25.77841414063192
2024-11-04 17:34:46,4.199162686866011,0.531,24.9947353287605,4.199221832698707,0.5312799999999998,25.749564438196835
2024-11-04 17:34:46,4.199162686866011,0.531,26.437220450515156,4.199221832698706,0.5312399999999997,25.763794563030398
2024-11-04 17:34:46,4.199655568800195,0.531,25.72571420883662,4.199221832698706,0.5311999999999998,25.74956443819682
2024-11-04 17:34:46,4.199326980843797,0.531,26.437220450515156,4.199234976216918,0.5311599999999996,25.70899894178787
2024-11-04 17:34:47,4.198505510957618,0.531,26.437220450515156,4.199208689180582,0.5311199999999997,25.723229066621453
2024-11-04 17:34:47,4.199162686866011,0.531,25.72571420883662,4.199221832698772,0.5310799999999997,25.723229066621442
2024-11-04 17:34:47,4.199326980843797,0.531,24.9947353287605,4.199228404457884,0.5310799999999997,25.694379364186357
2024-11-04 17:34:47,4.199326980843797,0.531,24.9947353287605,4.199228404457885,0.5310799999999997,25.679759786584835
2024-11-04 17:34:48,4.199326980843797,0.531,24.2430730354219,4.199234976216996,0.5310799999999997,25.63587683828297
2024-11-04 17:34:48,4.199655568800195,0.531,26.437220450515156,4.199267835012552,0.5310799999999997,25.635876838282964
2024-11-04 17:34:48,4.199326980843797,0.531,24.2430730354219,4.199274406771665,0.5310799999999997,25.606224014814675
2024-11-04 17:34:48,4.199162686866011,0.531,24.2430730354219,4.199241547975998,0.5310799999999997,25.562341066512808
2024-11-04 17:34:49,4.198998392888499,0.53,25.72571420883662,4.199202117421231,0.5310399999999997,25.562341066512808
2024-11-04 17:34:49,4.199326980843797,0.53,22.672238853203226,4.199208689180342,0.5309999999999999,25.515891137001667
2024-11-04 17:34:49,4.199162686866011,0.531,24.2430730354219,4.199195545662108,0.5309999999999999,25.486238313533367
2024-11-04 17:34:49,4.199326980843797,0.531,24.2430730354219,4.19920211742122,0.5309999999999999,25.44235536523151
2024-11-04 17:34:50,4.199162686866011,0.53,24.2430730354219,4.199169258625552,0.53096,25.427322119364746
2024-11-04 17:34:50,4.199162686866011,0.53,27.80614130216054,4.199169258625551,0.5309200000000001,25.45470053639764
2024-11-04 17:34:50,4.199162686866011,0.53,27.13035904417916,4.199195545661886,0.5308400000000002,25.49741301070602
2024-11-04 17:34:50,4.199326980843797,0.53,25.72571420883662,4.199202117420999,0.5307600000000002,25.512032588307548
2024-11-04 17:34:51,4.199491274821859,0.53,24.9947353287605,4.199202117420999,0.5307200000000003,25.49741301070602
2024-11-04 17:34:51,4.199326980843797,0.53,27.80614130216054,4.199208689180111,0.5306800000000004,25.5390215525725
2024-11-04 17:34:51,4.199819862778808,0.53,23.469396624933097,4.199241547975722,0.5306400000000003,25.465802304187573
2024-11-04 17:34:51,4.199326980843797,0.53,23.469396624933097,4.19927440677117,0.5306000000000003,25.420675952509505
2024-11-04 17:34:52,4.199162686866011,0.53,25.72571420883662,4.19927440677117,0.5305600000000004,25.4206759525095
2024-11-04 17:34:52,4.199326980843797,0.53,26.437220450515156,4.199280978530282,0.5305200000000005,25.495975584455746
2024-11-04 17:34:52,4.198998392888499,0.53,25.72571420883662,4.199274406771181,0.5304800000000004,25.467882687748897
2024-11-04 17:34:52,4.199326980843797,0.53,26.437220450515156,4.199261263252926,0.5304400000000004,25.454019915875616
2024-11-04 17:34:53,4.199984156757696,0.531,24.2430730354219,4.199287550289482,0.5304400000000002,25.43898667000884
2024-11-04 17:34:53,4.199491274821859,0.531,26.437220450515156,4.199326980844051,0.5304400000000001,25.467836372443927
2024-11-04 17:34:53,4.199491274821859,0.531,25.72571420883662,4.199340124362285,0.53044,25.467836372443927
2024-11-04 17:34:53,4.199655568800195,0.53,26.437220450515156,4.19935326788054,0.5304000000000001,25.496686074879026
2024-11-04 17:34:54,4.199655568800195,0.53,25.72571420883662,4.199366411398796,0.53036,25.496686074879015
2024-11-04 17:34:54,4.199491274821859,0.53,23.469396624933097,4.199372983157918,0.53032,25.466179300802473
2024-11-04 17:34:54,4.199655568800195,0.53,26.437220450515156,4.199372983157918,0.53028,25.480409425636044
2024-11-04 17:34:54,4.199491274821859,0.53,27.80614130216054,4.199379554917041,0.53024,25.49392507079567
2024-11-04 17:34:55,4.199491274821859,0.53,23.469396624933097,4.1993926984352745,0.5302,25.448798719117597
2024-11-04 17:34:55,4.199655568800195,0.53,24.9947353287605,4.199418985471741,0.5302,25.43417914151608
2024-11-04 17:34:55,4.199655568800195,0.53,27.80614130216054,4.199432128989997,0.5302000000000002,25.505440506850857
2024-11-04 17:34:55,4.199162686866011,0.53,25.72571420883662,4.199432128989996,0.5301600000000003,25.566510013963516
2024-11-04 17:34:56,4.199819862778808,0.53,25.72571420883662,4.199451844267396,0.5301200000000005,25.55227988912994
2024-11-04 17:34:56,4.199984156757696,0.53,27.80614130216054,4.199484703063065,0.5301200000000005,25.55227988912995
2024-11-04 17:34:56,4.199655568800195,0.53,26.437220450515156,4.199504418340432,0.5301200000000005,25.566510013963526
2024-11-04 17:34:56,4.198998392888499,0.53,24.2430730354219,4.199497846581332,0.5301200000000005,25.52262706566166
2024-11-04 17:34:57,4.20014845073686,0.53,25.72571420883662,4.199530705377055,0.5301200000000005,25.537246643263178
2024-11-04 17:34:57,4.199655568800195,0.53,25.72571420883662,4.199537277136187,0.5301200000000005,25.523016518429614
2024-11-04 17:34:57,4.199162686866011,0.53,25.72571420883662,4.199530705377075,0.5301200000000004,25.523016518429603
2024-11-04 17:34:57,4.199491274821859,0.53,25.72571420883662,4.199517561858799,0.5301200000000003,25.53763609603113
2024-11-04 17:34:58,4.199655568800195,0.53,24.9947353287605,4.199530705377054,0.5301200000000003,25.537636096031132
2024-11-04 17:34:58,4.199984156757696,0.53,24.9947353287605,4.199563564172721,0.5301200000000003,25.523016518429603
2024-11-04 17:34:58,4.199491274821859,0.53,25.72571420883662,4.199570135931845,0.5301200000000003,25.53763609603113
2024-11-04 17:34:58,4.199984156757696,0.53,24.9947353287605,4.199609566486612,0.5301200000000003,25.508786393596033
2024-11-04 17:34:59,4.20014845073686,0.53,26.437220450515156,4.1996424252823354,0.5301200000000003,25.523016518429596
2024-11-04 17:34:59,4.199819862778808,0.53,26.437220450515156,4.19963585352318,0.5300800000000003,25.523016518429603
2024-11-04 17:34:59,4.199655568800195,0.53,26.437220450515156,4.199642425282313,0.5300400000000003,25.523016518429603
2024-11-04 17:34:59,4.199655568800195,0.53,25.72571420883662,4.199648997041447,0.5300000000000002,25.523016518429603
2024-11-04 17:35:00,4.199655568800195,0.53,25.72571420883662,4.199648997041447,0.5300000000000002,25.53763609603113
2024-11-04 17:35:00,4.199655568800195,0.53,26.437220450515156,4.199648997041445,0.5300000000000002,25.56648579846623
2024-11-04 17:35:00,4.199819862778808,0.53,25.72571420883662,4.199662140559724,0.5300000000000002,25.596138621934514
2024-11-04 17:35:00,4.199984156757696,0.53,25.72571420883662,4.199675284078023,0.5300000000000002,25.58190849710094
2024-11-04 17:35:01,4.199819862778808,0.53,27.13035904417916,4.199688427596301,0.5300000000000002,25.63965421727609
2024-11-04 17:35:01,4.199655568800195,0.53,24.9947353287605,4.199694999355433,0.5300000000000002,25.654687463142864
2024-11-04 17:35:01,4.199984156757696,0.529,26.437220450515156,4.199708142873734,0.5299600000000002,25.66891758797643
2024-11-04 17:35:01,4.199819862778808,0.529,25.72571420883662,4.199714714632878,0.5299200000000002,25.7299870950891
2024-11-04 17:35:02,4.199491274821859,0.53,27.13035904417916,4.199727858151114,0.5299200000000002,25.78773281526424
2024-11-04 17:35:02,4.199491274821859,0.53,25.72571420883662,4.199714714632837,0.5299200000000002,25.81738563873254
2024-11-04 17:35:02,4.200312744716299,0.529,26.437220450515156,4.1997278581511805,0.5298800000000001,25.86126858703441
2024-11-04 17:35:02,4.199655568800195,0.529,28.465495270963004,4.1997278581511805,0.5298400000000001,25.87445566641046
2024-11-04 17:35:03,4.199655568800195,0.529,26.437220450515156,4.199754145187649,0.5298,25.860592894537184
2024-11-04 17:35:03,4.199655568800195,0.529,24.2430730354219,4.199734429910181,0.52976,25.830940071068895
2024-11-04 17:35:03,4.199655568800195,0.529,24.9947353287605,4.199734429910181,0.52972,25.83094007106888
2024-11-04 17:35:03,4.199655568800195,0.53,27.13035904417916,4.199754145187548,0.52972,25.817424425909262
2024-11-04 17:35:04,4.199655568800195,0.53,25.72571420883662,4.199760716946681,0.5297200000000001,25.86255077758734
2024-11-04 17:35:04,4.199326980843797,0.529,26.437220450515156,4.199747573428425,0.52968,25.92190725409898
2024-11-04 17:35:04,4.199819862778808,0.529,25.72571420883662,4.19974100166927,0.52964,25.92190725409897
2024-11-04 17:35:04,4.199162686866011,0.529,23.469396624933097,4.199727858151035,0.5296,25.862550777587334
2024-11-04 17:35:05,4.199819862778808,0.529,24.2430730354219,4.19972128639188,0.52956,25.832897954119034
2024-11-04 17:35:05,4.199819862778808,0.529,24.9947353287605,4.1997081428735585,0.5295200000000001,25.804048251683938
2024-11-04 17:35:05,4.199491274821859,0.529,25.72571420883662,4.199694999355281,0.5294800000000001,25.833701075152238
2024-11-04 17:35:05,4.200477038696013,0.529,26.437220450515156,4.199727858151115,0.5294400000000001,25.833701075152238
2024-11-04 17:35:06,4.199491274821859,0.529,26.437220450515156,4.199721286391982,0.5294000000000001,25.847931199985805
2024-11-04 17:35:06,4.199819862778808,0.529,26.437220450515156,4.199727858151128,0.5293599999999999,25.847931199985815
2024-11-04 17:35:06,4.199984156757696,0.529,25.72571420883662,4.1997410016694285,0.5293199999999999,25.847931199985815
2024-11-04 17:35:06,4.199819862778808,0.528,24.2430730354219,4.199741001669428,0.5292399999999999,25.863404728195587
2024-11-04 17:35:07,4.199819862778808,0.528,28.465495270963004,4.199734429910272,0.5291599999999999,25.903970224604542
2024-11-04 17:35:07,4.199819862778808,0.528,24.9947353287605,4.199734429910272,0.5290799999999998,25.84774210513654
2024-11-04 17:35:07,4.199819862778808,0.528,26.437220450515156,4.199741001669417,0.5289999999999997,25.907098581648178
2024-11-04 17:35:07,4.199819862778808,0.528,25.72571420883662,4.1997344299102615,0.5289599999999997,25.921718159249703
2024-11-04 17:35:08,4.199984156757696,0.528,26.437220450515156,4.199741001669416,0.5289199999999996,25.894339742216797
2024-11-04 17:35:08,4.199984156757696,0.528,26.437220450515156,4.199760716946849,0.5288399999999996,25.908569867050364
2024-11-04 17:35:08,4.199819862778808,0.528,25.72571420883662,4.199773860465126,0.5287599999999997,25.908569867050364
2024-11-04 17:35:08,4.199984156757696,0.528,25.72571420883662,4.199760716946782,0.5287199999999995,25.866961325183883
2024-11-04 17:35:09,4.199819862778808,0.529,26.437220450515156,4.199767288705927,0.5287199999999995,25.866961325183883
2024-11-04 17:35:09,4.199984156757696,0.529,25.72571420883662,4.199780432224227,0.5287199999999995,25.89661414865217
2024-11-04 17:35:09,4.200312744716299,0.528,25.72571420883662,4.19980671926087,0.5286799999999996,25.89661414865217
2024-11-04 17:35:09,4.199819862778808,0.528,22.672238853203226,4.199813291020016,0.5286399999999997,25.835544641539503
2024-11-04 17:35:10,4.199819862778808,0.528,26.437220450515156,4.19981986277916,0.5285599999999997,25.849774766373066
2024-11-04 17:35:10,4.20014845073686,0.529,27.13035904417916,4.199839578056627,0.5285199999999998,25.87786766307992
2024-11-04 17:35:10,4.199819862778808,0.529,24.9947353287605,4.199859293334028,0.5285199999999999,25.877867663079925
2024-11-04 17:35:10,4.199655568800195,0.528,24.9947353287605,4.199852721574882,0.5284799999999998,25.87786766307992
2024-11-04 17:35:11,4.199819862778808,0.528,24.9947353287605,4.199879008611394,0.5284399999999998,25.8632480854784
2024-11-04 17:35:11,4.199984156757696,0.528,24.9947353287605,4.19988558037055,0.5283999999999999,25.863248085478403
2024-11-04 17:35:11,4.199819862778808,0.528,24.9947353287605,4.19988558037055,0.5283599999999997,25.834398383043307
2024-11-04 17:35:11,4.199491274821859,0.528,26.437220450515156,4.199885580370551,0.5283199999999997,25.834398383043318
2024-11-04 17:35:12,4.20014845073686,0.528,25.72571420883662,4.199872436852185,0.5282799999999997,25.82016825820974
2024-11-04 17:35:12,4.200312744716299,0.528,25.72571420883662,4.199905295647962,0.5282399999999998,25.82016825820974
2024-11-04 17:35:12,4.199819862778808,0.528,26.437220450515156,4.199905295647962,0.5281999999999997,25.834398383043307
2024-11-04 17:35:12,4.199819862778808,0.528,24.9947353287605,4.199898723888806,0.5281599999999996,25.805548680608222
2024-11-04 17:35:13,4.199984156757696,0.528,22.672238853203226,4.199905295647962,0.5281599999999996,25.744479173495556
2024-11-04 17:35:13,4.20014845073686,0.528,23.469396624933097,4.199918439166285,0.5281599999999996,25.699352821817477
2024-11-04 17:35:13,4.199984156757696,0.528,26.437220450515156,4.1999250109254405,0.5281599999999996,25.6854900499442
2024-11-04 17:35:13,4.199984156757696,0.528,25.72571420883662,4.199931582684595,0.5281599999999996,25.700109627545718
2024-11-04 17:35:14,4.20014845073686,0.528,27.13035904417916,4.199944726202918,0.5281599999999996,25.713972399419003
2024-11-04 17:35:14,4.199655568800195,0.528,25.72571420883662,4.199931582684616,0.5281599999999996,25.713972399419
2024-11-04 17:35:14,4.20014845073686,0.528,24.9947353287605,4.199938154443783,0.5281599999999996,25.67125992511063
2024-11-04 17:35:14,4.199819862778808,0.528,25.72571420883662,4.1999381544437835,0.5281599999999996,25.671259925110636
2024-11-04 17:35:15,4.200312744716299,0.528,25.72571420883662,4.199951297962127,0.5281599999999996,25.65702980027706
2024-11-04 17:35:15,4.200312744716299,0.528,25.72571420883662,4.199971013239626,0.5281199999999996,25.602234179034532
2024-11-04 17:35:15,4.200477038696013,0.528,27.13035904417916,4.199990728517159,0.5280799999999997,25.616096950907817
2024-11-04 17:35:15,4.20014845073686,0.528,28.465495270963004,4.199984156757981,0.5280799999999997,25.700545395618633
2024-11-04 17:35:16,4.20014845073686,0.528,25.72571420883662,4.199997300276304,0.5280799999999997,25.715164973220162
2024-11-04 17:35:16,4.200312744716299,0.528,25.72571420883662,4.200017015553803,0.5280799999999997,25.687072076513303
2024-11-04 17:35:16,4.199655568800195,0.528,26.437220450515156,4.199997300276336,0.5280399999999996,25.70130220134688
2024-11-04 17:35:16,4.200312744716299,0.527,26.437220450515156,4.200017015553835,0.5279599999999998,25.70130220134688
2024-11-04 17:35:17,4.20014845073686,0.527,24.9947353287605,4.200036730831302,0.5279199999999998,25.68668262374536
2024-11-04 17:35:17,4.199819862778808,0.528,26.437220450515156,4.200036730831303,0.5279199999999998,25.746039100256993
2024-11-04 17:35:17,4.199984156757696,0.528,24.9947353287605,4.200036730831303,0.5279199999999998,25.76107234612377
2024-11-04 17:35:17,4.199819862778808,0.528,25.72571420883662,4.200036730831303,0.5279199999999998,25.775691923725297
2024-11-04 17:35:18,4.20014845073686,0.528,25.72571420883662,4.200063017867903,0.5279199999999998,25.77569192372529
2024-11-04 17:35:18,4.199819862778808,0.528,26.437220450515156,4.200049874349581,0.5279199999999998,25.775691923725297
2024-11-04 17:35:18,4.200312744716299,0.528,25.72571420883662,4.20004987434958,0.5279199999999998,25.761461798891723
2024-11-04 17:35:18,4.200312744716299,0.528,25.72571420883662,4.20006958962708,0.5279199999999998,25.74723167405815
2024-11-04 17:35:19,4.200477038696013,0.528,26.437220450515156,4.200095876663769,0.5279199999999998,25.761461798891723
2024-11-04 17:35:19,4.200641332676002,0.527,27.13035904417916,4.200122163700502,0.5278799999999998,25.81920751906687
2024-11-04 17:35:19,4.199655568800195,0.527,24.9947353287605,4.200102448423035,0.5278399999999998,25.749792320222813
2024-11-04 17:35:19,4.200477038696013,0.527,25.72571420883662,4.200122163700569,0.5277999999999998,25.76441189782434
2024-11-04 17:35:20,4.200312744716299,0.527,24.9947353287605,4.200135307218912,0.52776,25.735562195389242
2024-11-04 17:35:20,4.200477038696013,0.527,25.72571420883662,4.200148450737278,0.5277200000000001,25.73556219538925
2024-11-04 17:35:20,4.199984156757696,0.527,26.437220450515156,4.200161594255579,0.5276800000000001,25.73556219538925
2024-11-04 17:35:20,4.200312744716299,0.527,25.72571420883662,4.200168166014755,0.5276400000000002,25.721332070555672
2024-11-04 17:35:21,4.199984156757696,0.527,24.9947353287605,4.200174737773911,0.5276000000000004,25.706712492954154
2024-11-04 17:35:21,4.20014845073686,0.527,25.72571420883662,4.200168166014734,0.5275600000000005,25.706712492954157
2024-11-04 17:35:21,4.200312744716299,0.527,24.9947353287605,4.200168166014733,0.5275200000000005,25.67786279051906
2024-11-04 17:35:21,4.200641332676002,0.527,27.13035904417916,4.200174737773932,0.5274800000000005,25.705955687225913
2024-11-04 17:35:22,4.200312744716299,0.527,27.13035904417916,4.20018130953311,0.5274400000000005,25.73404858393277
2024-11-04 17:35:22,4.20014845073686,0.527,25.72571420883662,4.20018130953311,0.5274000000000004,25.795118091045435
2024-11-04 17:35:22,4.20014845073686,0.526,28.465495270963004,4.200174737773932,0.5273200000000003,25.835683587454387
2024-11-04 17:35:22,4.200805626656267,0.526,25.72571420883662,4.200220740088175,0.5272400000000003,25.80759069074754
2024-11-04 17:35:23,4.200477038696013,0.526,27.13035904417916,4.200227311847364,0.5272000000000001,25.850303165055905
2024-11-04 17:35:23,4.200477038696013,0.527,24.9947353287605,4.200240455365731,0.5272000000000001,25.850303165055912
2024-11-04 17:35:23,4.199655568800195,0.527,25.72571420883662,4.200233883606585,0.5271600000000001,25.864922742657427
2024-11-04 17:35:23,4.20014845073686,0.527,23.469396624933097,4.200240455365752,0.5271200000000001,25.834415968580874
2024-11-04 17:35:24,4.20014845073686,0.527,24.2430730354219,4.200253598884075,0.5270800000000001,25.81938272271411
2024-11-04 17:35:24,4.20014845073686,0.527,24.9947353287605,4.200253598884075,0.5270400000000001,25.790533020279014
2024-11-04 17:35:24,4.20014845073686,0.526,26.437220450515156,4.200266742402397,0.52696,25.804763145112585
2024-11-04 17:35:24,4.20014845073686,0.526,25.72571420883662,4.20026017064322,0.52688,25.804763145112585
2024-11-04 17:35:25,4.199984156757696,0.527,25.72571420883662,4.200247027124877,0.5268400000000001,25.790533020279007
2024-11-04 17:35:25,4.200312744716299,0.527,26.437220450515156,4.2002404553656865,0.5268000000000002,25.81938272271411
2024-11-04 17:35:25,4.20014845073686,0.527,27.13035904417916,4.20022074008812,0.5268000000000002,25.90854512653363
2024-11-04 17:35:25,4.200641332676002,0.526,25.72571420883662,4.200260170643153,0.5267600000000001,25.9536714782117
2024-11-04 17:35:26,4.200312744716299,0.526,22.672238853203226,4.200253598883964,0.5267200000000001,25.87837184626546
2024-11-04 17:35:26,4.20014845073686,0.526,25.72571420883662,4.200247027124786,0.52668,25.878371846265463
2024-11-04 17:35:26,4.20014845073686,0.526,24.9947353287605,4.200233883606421,0.52664,25.835659371957096
2024-11-04 17:35:26,4.200477038696013,0.526,26.437220450515156,4.200253598883954,0.5266,25.849889496790656
2024-11-04 17:35:27,4.200805626656267,0.526,27.80614130216054,4.200273314161552,0.5265599999999999,25.906117616258662
2024-11-04 17:35:27,4.199984156757696,0.526,24.9947353287605,4.200273314161553,0.5265199999999999,25.89149803865714
2024-11-04 17:35:27,4.200477038696013,0.526,25.72571420883662,4.20028645767992,0.5264799999999998,25.891498038657147
2024-11-04 17:35:27,4.200312744716299,0.526,24.2430730354219,4.200286457679919,0.5264399999999998,25.861845215188847
2024-11-04 17:35:28,4.200312744716299,0.526,26.437220450515156,4.200273314161531,0.5263999999999998,25.84798244331557
2024-11-04 17:35:28,4.200805626656267,0.526,26.437220450515156,4.200293029439129,0.5263599999999998,25.807416946906613
2024-11-04 17:35:28,4.200477038696013,0.525,25.72571420883662,4.200306172957496,0.5262799999999997,25.807416946906606
2024-11-04 17:35:28,4.200477038696013,0.525,26.437220450515156,4.200319316475862,0.5262399999999997,25.82164707174018
2024-11-04 17:35:29,4.20014845073686,0.525,27.13035904417916,4.200293029439085,0.5261999999999997,25.83550984361346
2024-11-04 17:35:29,4.200477038696013,0.525,25.72571420883662,4.200293029439086,0.5261599999999996,25.8212797187799
2024-11-04 17:35:29,4.199819862778808,0.525,24.9947353287605,4.200266742402397,0.5260799999999997,25.82127971877989
2024-11-04 17:35:29,4.20014845073686,0.524,24.9947353287605,4.200286457679863,0.5259599999999997,25.792430016344795
2024-11-04 17:35:30,4.199162686866011,0.524,24.9947353287605,4.200247027125029,0.5258399999999998,25.792430016344802
2024-11-04 17:35:30,4.199162686866011,0.524,24.9947353287605,4.200207596570196,0.5257199999999997,25.777810438743273
2024-11-04 17:35:30,4.199491274821859,0.521,27.13035904417916,4.200181309533596,0.5254799999999998,25.805903335450125
2024-11-04 17:35:30,4.199326980843797,0.521,24.9947353287605,4.200148450737874,0.5252799999999999,25.77705363301503
2024-11-04 17:35:31,4.199326980843797,0.52,26.437220450515156,4.200115591942152,0.52504,25.791283757848603
2024-11-04 17:35:31,4.199491274821859,0.52,25.72571420883662,4.200095876664718,0.5247599999999999,25.791283757848603
2024-11-04 17:35:31,4.199326980843797,0.52,25.72571420883662,4.200056446109818,0.5244800000000001,25.77705363301503
2024-11-04 17:35:31,4.199491274821859,0.52,24.9947353287605,4.2000301590732185,0.5242000000000001,25.734341158706652
2024-11-04 17:35:32,4.199326980843797,0.52,24.2430730354219,4.199977584999931,0.5239600000000001,25.719307912839877
2024-11-04 17:35:32,4.199491274821859,0.52,25.72571420883662,4.199944726204153,0.5237200000000001,25.719307912839877
2024-11-04 17:35:32,4.199162686866011,0.52,27.13035904417916,4.1999052956493195,0.5234800000000001,25.762020387148244
2024-11-04 17:35:32,4.199655568800195,0.52,27.13035904417916,4.199885580371853,0.52324,25.790113283855106
2024-11-04 17:35:33,4.199162686866011,0.52,27.80614130216054,4.199833006298652,0.523,25.817491700888002
2024-11-04 17:35:33,4.199655568800195,0.521,25.72571420883662,4.199787003984408,0.5228,25.817491700888013
2024-11-04 17:35:33,4.199655568800195,0.521,26.437220450515156,4.199773860466107,0.5226000000000002,25.846341403323105
2024-11-04 17:35:33,4.199984156757696,0.521,26.437220450515156,4.199754145188574,0.5224000000000002,25.86057152815668
2024-11-04 17:35:34,4.199984156757696,0.521,23.469396624933097,4.199741001670229,0.5222000000000001,25.830064754080137
2024-11-04 17:35:34,4.199819862778808,0.521,25.72571420883662,4.1997212863927285,0.5220000000000001,25.80197185737328
2024-11-04 17:35:34,4.199655568800195,0.522,24.9947353287605,4.199675284078484,0.5218400000000001,25.759259383064915
2024-11-04 17:35:34,4.199984156757696,0.522,24.2430730354219,4.199655568800952,0.52172,25.729606559596622
2024-11-04 17:35:35,4.200312744716299,0.522,26.437220450515156,4.199648997041763,0.5215999999999998,25.68904106318767
2024-11-04 17:35:35,4.199819862778808,0.522,24.9947353287605,4.199635853523442,0.5214799999999997,25.67442148558614
2024-11-04 17:35:35,4.200641332676002,0.522,26.437220450515156,4.199642425282642,0.5213599999999997,25.660558713712863
2024-11-04 17:35:35,4.200641332676002,0.522,26.437220450515156,4.1996752840785305,0.5212399999999996,25.689408416147952
2024-11-04 17:35:36,4.199819862778808,0.522,24.9947353287605,4.19966214056021,0.5211599999999996,25.674788838546434
2024-11-04 17:35:36,4.200641332676002,0.523,26.437220450515156,4.19972128639261,0.5211199999999996,25.73414531505807
2024-11-04 17:35:36,4.199491274821859,0.523,24.9947353287605,4.199734429910845,0.5210799999999995,25.749178560924843
2024-11-04 17:35:36,4.199984156757696,0.523,24.2430730354219,4.199754145188279,0.5211599999999996,25.73414531505807
2024-11-04 17:35:37,4.20014845073686,0.523,24.9947353287605,4.199787003984001,0.5212399999999997,25.705295612622972
2024-11-04 17:35:37,4.200805626656267,0.523,27.13035904417916,4.1998461498165,0.5213599999999997,25.733388509329817
2024-11-04 17:35:37,4.20014845073686,0.522,26.437220450515156,4.1998724368531,0.5214399999999998,25.74761863416339
2024-11-04 17:35:37,4.200312744716299,0.522,24.2430730354219,4.199911867408,0.5215199999999998,25.703735685861535
2024-11-04 17:35:38,4.199655568800195,0.522,23.469396624933097,4.199918439167132,0.5215999999999997,25.630516437476608
2024-11-04 17:35:38,4.199984156757696,0.523,26.437220450515156,4.199944726203688,0.5217199999999997,25.644746562310182
2024-11-04 17:35:38,4.20014845073686,0.523,26.437220450515156,4.199971013240288,0.5218399999999999,25.72004619425643
2024-11-04 17:35:38,4.200477038696013,0.523,24.2430730354219,4.2000235873134875,0.5219599999999998,25.69039337078813
2024-11-04 17:35:39,4.200312744716299,0.523,24.9947353287605,4.200049874350131,0.5220799999999998,25.690393370788133
2024-11-04 17:35:39,4.200312744716299,0.523,25.72571420883662,4.200095876664141,0.5221999999999998,25.67616324595456
2024-11-04 17:35:39,4.200641332676002,0.523,26.437220450515156,4.200135307219174,0.5222799999999997,25.648784828921652
2024-11-04 17:35:39,4.199984156757696,0.523,24.2430730354219,4.2001484507374744,0.5223599999999997,25.633751583054877
2024-11-04 17:35:40,4.200477038696013,0.523,23.469396624933097,4.200168166015008,0.5224399999999998,25.58862523137681
2024-11-04 17:35:40,4.200805626656267,0.523,26.437220450515156,4.2002010248109505,0.5225199999999999,25.63250817967867
2024-11-04 17:35:40,4.200641332676002,0.523,27.13035904417916,4.200233883606839,0.5226,25.64637095155196
2024-11-04 17:35:40,4.200312744716299,0.523,27.13035904417916,4.2002601706434834,0.5226399999999999,25.660233723425236
2024-11-04 17:35:41,4.20014845073686,0.523,25.72571420883662,4.2002667424026505,0.5226799999999998,25.660233723425236
2024-11-04 17:35:41,4.200969920636808,0.523,25.72571420883662,4.20029302943947,0.5227199999999999,25.646003598591662
2024-11-04 17:35:41,4.200477038696013,0.523,29.10927472714519,4.200319316476159,0.5227599999999998,25.685581912250978
2024-11-04 17:35:41,4.200312744716299,0.523,25.72571420883662,4.200306172957771,0.5227999999999998,25.68558191225098
2024-11-04 17:35:41,4.200641332676002,0.523,27.13035904417916,4.200306172957771,0.5228399999999999,25.72829438655935
2024-11-04 17:35:42,4.200312744716299,0.523,26.437220450515156,4.2003258882352705,0.5228799999999998,25.757144088994437
2024-11-04 17:35:42,4.200477038696013,0.523,24.9947353287605,4.200319316476071,0.5228799999999998,25.75714408899444
2024-11-04 17:35:42,4.200805626656267,0.523,25.72571420883662,4.200371890549446,0.5228799999999998,25.77176366659597
2024-11-04 17:35:42,4.200477038696013,0.523,27.13035904417916,4.2003916058269795,0.5228799999999998,25.771763666595966
2024-11-04 17:35:43,4.200641332676002,0.523,28.465495270963004,4.2004113211045455,0.5228799999999998,25.84117886544001
2024-11-04 17:35:43,4.20014845073686,0.523,25.72571420883662,4.20038503406777,0.5228799999999998,25.82694874060645
2024-11-04 17:35:43,4.200641332676002,0.523,25.72571420883662,4.200404749345336,0.5229199999999998,25.82694874060645
2024-11-04 17:35:43,4.20014845073686,0.523,24.9947353287605,4.200398177586158,0.5229599999999998,25.812329163004918
2024-11-04 17:35:44,4.200805626656267,0.523,23.469396624933097,4.200444179900401,0.5229999999999998,25.781822388928376
2024-11-04 17:35:44,4.20014845073686,0.523,24.9947353287605,4.2004507516595675,0.5229999999999998,25.79685563479515
2024-11-04 17:35:44,4.201298508598716,0.523,27.13035904417916,4.200496753974042,0.5229999999999998,25.824948531501995
2024-11-04 17:35:44,4.200641332676002,0.523,26.437220450515156,4.200503325733242,0.5229999999999998,25.81108575962872
2024-11-04 17:35:45,4.200641332676002,0.523,24.9947353287605,4.20051646925163,0.5229999999999998,25.768373285320344
2024-11-04 17:35:45,4.200477038696013,0.523,24.9947353287605,4.200523041010818,0.5229999999999998,25.712145165852334
2024-11-04 17:35:45,4.200805626656267,0.523,24.2430730354219,4.200529612770029,0.5229999999999998,25.68249234238405
2024-11-04 17:35:45,4.200969920636808,0.523,27.13035904417916,4.200569043325192,0.5229999999999998,25.69635511425733
2024-11-04 17:35:46,4.201298508598716,0.523,26.437220450515156,4.2006019021213,0.5229999999999998,25.69635511425733
2024-11-04 17:35:46,4.200477038696013,0.523,27.13035904417916,4.2005887586028905,0.5229999999999998,25.769574362642256
2024-11-04 17:35:46,4.200477038696013,0.523,25.72571420883662,4.200582186843691,0.5229999999999998,25.769574362642253
2024-11-04 17:35:46,4.201134214617624,0.523,24.9947353287605,4.2006150456397435,0.5229999999999998,25.769574362642256
2024-11-04 17:35:47,4.200641332676002,0.523,23.469396624933097,4.200634760917311,0.5229999999999998,25.754100834432485
2024-11-04 17:35:47,4.200969920636808,0.523,24.9947353287605,4.20063476091731,0.5229999999999998,25.72525113199739
2024-11-04 17:35:47,4.200312744716299,0.523,24.9947353287605,4.200628189158119,0.5229999999999998,25.725251131997382
2024-11-04 17:35:47,4.201134214617624,0.523,24.9947353287605,4.200661047954172,0.5229999999999998,25.696401429562297
2024-11-04 17:35:48,4.200805626656267,0.523,23.469396624933097,4.200667619713382,0.5229999999999998,25.637044953050644
2024-11-04 17:35:48,4.200641332676002,0.523,25.72571420883662,4.200680763231771,0.5229999999999998,25.65166453065217
2024-11-04 17:35:48,4.200477038696013,0.523,25.72571420883662,4.200680763231771,0.5229999999999998,25.637434405818595
2024-11-04 17:35:48,4.200805626656267,0.523,27.13035904417916,4.200680763231771,0.5229999999999998,25.680146880126962
2024-11-04 17:35:49,4.200969920636808,0.523,26.437220450515156,4.200700478509402,0.5229999999999998,25.72402982842883
2024-11-04 17:35:49,4.200641332676002,0.522,27.13035904417916,4.200700478509403,0.5229599999999998,25.766742302737207
2024-11-04 17:35:49,4.200641332676002,0.522,24.9947353287605,4.200720193786969,0.5229199999999996,25.72402982842883
2024-11-04 17:35:49,4.200641332676002,0.522,24.9947353287605,4.200720193786971,0.5228799999999996,25.695180125993733
2024-11-04 17:35:50,4.201134214617624,0.522,23.469396624933097,4.200759624342201,0.5228399999999995,25.679706597783962
2024-11-04 17:35:50,4.200805626656267,0.523,29.10927472714519,4.200759624342202,0.5228399999999995,25.792504159828198
2024-11-04 17:35:50,4.200969920636808,0.523,26.437220450515156,4.200792483138199,0.5228399999999995,25.792504159828205
2024-11-04 17:35:50,4.200477038696013,0.523,24.9947353287605,4.200759624342091,0.5228399999999995,25.76365445739311
2024-11-04 17:35:51,4.201134214617624,0.522,23.469396624933097,4.200779339619755,0.5227999999999995,25.748180929183334
2024-11-04 17:35:51,4.200641332676002,0.522,26.437220450515156,4.200779339619755,0.5227599999999994,25.777030631618437
2024-11-04 17:35:51,4.201134214617624,0.522,24.9947353287605,4.200805626656619,0.5227199999999994,25.76241105401691
2024-11-04 17:35:51,4.200477038696013,0.522,25.72571420883662,4.200792483138209,0.5226799999999995,25.748180929183345
2024-11-04 17:35:52,4.200312744716299,0.522,25.72571420883662,4.200766196101387,0.5226399999999994,25.77783375265163
2024-11-04 17:35:52,4.200805626656267,0.522,24.9947353287605,4.20074648082369,0.5225999999999995,25.808340526728184
2024-11-04 17:35:52,4.200805626656267,0.522,26.437220450515156,4.2007596243420995,0.5225599999999995,25.80834052672818
2024-11-04 17:35:52,4.201134214617624,0.523,26.437220450515156,4.200785911378964,0.5225599999999995,25.794477754854906
2024-11-04 17:35:53,4.201134214617624,0.523,26.437220450515156,4.200785911378963,0.5225599999999995,25.780614982981625
2024-11-04 17:35:53,4.200805626656267,0.523,24.2430730354219,4.200792483138174,0.5225599999999995,25.750962159513325
2024-11-04 17:35:53,4.200969920636808,0.522,24.9947353287605,4.200792483138174,0.5225199999999995,25.736342581911813
2024-11-04 17:35:53,4.201134214617624,0.522,24.9947353287605,4.200825341934226,0.5224799999999995,25.654051793944113
2024-11-04 17:35:54,4.200805626656267,0.522,26.437220450515156,4.200812198415772,0.5224399999999996,25.668281918777684
2024-11-04 17:35:54,4.201462802580083,0.522,26.437220450515156,4.200838485452724,0.5223999999999996,25.654419146904402
2024-11-04 17:35:54,4.200805626656267,0.522,26.437220450515156,4.200845057211937,0.5223599999999996,25.65441914690441
2024-11-04 17:35:54,4.201134214617624,0.522,24.9947353287605,4.2008713442487995,0.5223199999999997,25.654419146904406
2024-11-04 17:35:55,4.201298508598716,0.522,27.13035904417916,4.200891059526498,0.5222799999999996,25.682512043611258
2024-11-04 17:35:55,4.201462802580083,0.522,25.72571420883662,4.20091077480423,0.5222399999999996,25.654419146904402
2024-11-04 17:35:55,4.200477038696013,0.522,26.437220450515156,4.200904203045031,0.5222399999999995,25.613853650495447
2024-11-04 17:35:55,4.200969920636808,0.521,24.2430730354219,4.200917346563463,0.5221999999999994,25.584200827027157
2024-11-04 17:35:56,4.201462802580083,0.521,24.9947353287605,4.200950205359627,0.5221599999999996,25.569581249425628
2024-11-04 17:35:56,4.201134214617624,0.522,24.2430730354219,4.200950205359627,0.5221599999999996,25.55454800355886
2024-11-04 17:35:56,4.200641332676002,0.522,25.72571420883662,4.200943633600417,0.5221199999999996,25.599674355236928
2024-11-04 17:35:56,4.201298508598716,0.522,24.2430730354219,4.200956777118893,0.5220799999999997,25.584641109370164
2024-11-04 17:35:57,4.201462802580083,0.522,27.80614130216054,4.200996207674256,0.5220399999999996,25.598156754529786
2024-11-04 17:35:57,4.201298508598716,0.522,24.9947353287605,4.201002779433501,0.5220399999999996,25.56930705209469
2024-11-04 17:35:57,4.201627096561725,0.521,26.437220450515156,4.2010422099889295,0.5219999999999998,25.598156754529793
2024-11-04 17:35:57,4.200805626656267,0.521,24.2430730354219,4.2010290664704755,0.5219599999999999,25.583123508663014
2024-11-04 17:35:58,4.201462802580083,0.521,24.2430730354219,4.201068497025838,0.5219199999999999,25.58312350866302
2024-11-04 17:35:58,4.200969920636808,0.521,23.469396624933097,4.201094784062658,0.5218799999999999,25.509904260278095
2024-11-04 17:35:58,4.200641332676002,0.521,25.72571420883662,4.201088212303448,0.5218400000000001,25.495674135444524
2024-11-04 17:35:58,4.201298508598716,0.521,26.437220450515156,4.201107927581146,0.5218000000000002,25.48181136357125
2024-11-04 17:35:59,4.200969920636808,0.521,27.13035904417916,4.201101355821912,0.5217200000000002,25.509904260278095
2024-11-04 17:35:59,4.201462802580083,0.521,25.72571420883662,4.201114499340411,0.5216400000000003,25.524523837879613
2024-11-04 17:35:59,4.201134214617624,0.521,24.2430730354219,4.201127642858865,0.5215600000000005,25.539997366089395
2024-11-04 17:35:59,4.201134214617624,0.521,24.9947353287605,4.201134214618097,0.5215200000000004,25.539997366089402
2024-11-04 17:36:00,4.201134214617624,0.521,24.9947353287605,4.201134214618096,0.5214800000000005,25.539997366089395
2024-11-04 17:36:00,4.201298508598716,0.521,26.437220450515156,4.201153929895794,0.5214400000000005,25.568847068524484
2024-11-04 17:36:00,4.201298508598716,0.521,25.72571420883662,4.201147358136539,0.5214000000000004,25.613973420202555
2024-11-04 17:36:00,4.200969920636808,0.521,27.80614130216054,4.20115392989576,0.5213600000000005,25.65558196206903
2024-11-04 17:36:01,4.201462802580083,0.521,26.437220450515156,4.201167073414258,0.5213200000000004,25.669812086902603
2024-11-04 17:36:01,4.201298508598716,0.521,27.13035904417916,4.201167073414258,0.5212800000000005,25.6698120869026
2024-11-04 17:36:01,4.200969920636808,0.521,26.437220450515156,4.201147358136527,0.5212400000000005,25.669812086902592
2024-11-04 17:36:01,4.201298508598716,0.521,24.2430730354219,4.201180216932636,0.5212000000000006,25.612066366727454
2024-11-04 17:36:02,4.200969920636808,0.521,25.72571420883662,4.201180216932636,0.5212000000000006,25.626685944328973
2024-11-04 17:36:02,4.201298508598716,0.521,25.72571420883662,4.201173645173381,0.5212000000000006,25.641305521930498
2024-11-04 17:36:02,4.200641332676002,0.521,24.9947353287605,4.201153929895717,0.5211600000000005,25.671812296007044
2024-11-04 17:36:02,4.201462802580083,0.521,22.672238853203226,4.2011867886918814,0.5211200000000005,25.543071578528206
2024-11-04 17:36:03,4.201462802580083,0.521,24.2430730354219,4.2011933604511364,0.5210800000000005,25.49918863022634
2024-11-04 17:36:03,4.201134214617624,0.521,26.437220450515156,4.201180216932638,0.5210400000000005,25.528038332661435
2024-11-04 17:36:03,4.201298508598716,0.521,25.72571420883662,4.201180216932637,0.5210000000000005,25.5731646843395
2024-11-04 17:36:03,4.201134214617624,0.521,23.469396624933097,4.201160501654873,0.5210000000000005,25.513808207827864
2024-11-04 17:36:04,4.201298508598716,0.521,28.465495270963004,4.201180216932571,0.5210000000000005,25.58322340667191
2024-11-04 17:36:04,4.200969920636808,0.521,24.9947353287605,4.20116050165484,0.5210000000000005,25.56860382907039
2024-11-04 17:36:04,4.201462802580083,0.521,27.13035904417916,4.201180216932572,0.5210000000000005,25.596696725777242
2024-11-04 17:36:04,4.200969920636808,0.521,27.13035904417916,4.201193360451003,0.5210000000000005,25.63940920008562
2024-11-04 17:36:05,4.201462802580083,0.521,25.72571420883662,4.201199932210259,0.5210000000000005,25.625179075252046
2024-11-04 17:36:05,4.201298508598716,0.521,24.9947353287605,4.2012130757287345,0.5210000000000005,25.59632937281695
2024-11-04 17:36:05,4.201134214617624,0.521,24.9947353287605,4.201199932210235,0.5210000000000005,25.567479670381854
2024-11-04 17:36:05,4.201298508598716,0.521,26.437220450515156,4.201206503969479,0.5210000000000005,25.611362618683735
2024-11-04 17:36:06,4.201298508598716,0.52,26.437220450515156,4.201213075728723,0.5209600000000004,25.640212321118824
2024-11-04 17:36:06,4.201462802580083,0.52,24.9947353287605,4.201226219247222,0.5209200000000004,25.64021232111882
2024-11-04 17:36:06,4.201298508598716,0.52,25.72571420883662,4.201226219247222,0.5208800000000003,25.625982196285257
2024-11-04 17:36:06,4.201791390543644,0.52,27.13035904417916,4.201245934525019,0.5208400000000003,25.639844968158535
2024-11-04 17:36:07,4.201627096561725,0.52,24.9947353287605,4.201272221562016,0.5208000000000003,25.610995265723442
2024-11-04 17:36:07,4.201134214617624,0.52,24.9947353287605,4.201259078043517,0.5207600000000002,25.610995265723446
2024-11-04 17:36:07,4.201462802580083,0.52,24.9947353287605,4.201265649802772,0.5207200000000002,25.56828279141507
2024-11-04 17:36:07,4.201462802580083,0.52,26.437220450515156,4.201285365080503,0.5206800000000001,25.582512916248643
2024-11-04 17:36:08,4.201462802580083,0.52,24.9947353287605,4.201291936839759,0.5206400000000001,25.553663213813547
2024-11-04 17:36:08,4.201462802580083,0.52,26.437220450515156,4.201311652117491,0.5206000000000001,25.597546162115403
2024-11-04 17:36:08,4.201791390543644,0.52,26.437220450515156,4.201331367395287,0.52056,25.626395864550503
2024-11-04 17:36:08,4.201134214617624,0.52,25.72571420883662,4.201351082672952,0.52052,25.656048688018792
2024-11-04 17:36:09,4.201955684525837,0.52,25.72571420883662,4.201370797950782,0.5204799999999999,25.656048688018792
2024-11-04 17:36:09,4.201791390543644,0.52,25.72571420883662,4.201383941469324,0.5204399999999999,25.68570151148708
2024-11-04 17:36:09,4.201627096561725,0.52,24.9947353287605,4.201403656747089,0.5203999999999999,25.629473392019076
2024-11-04 17:36:09,4.201955684525837,0.52,25.72571420883662,4.201429943784174,0.5203599999999998,25.644092969620605
2024-11-04 17:36:10,4.201462802580083,0.52,25.72571420883662,4.201443087302673,0.5203199999999998,25.62986284478703
2024-11-04 17:36:10,4.201627096561725,0.52,25.72571420883662,4.201456230821193,0.5202799999999997,25.659515668255327
2024-11-04 17:36:10,4.201134214617624,0.52,25.72571420883662,4.201462802580425,0.5202399999999997,25.68916849172362
2024-11-04 17:36:10,4.201462802580083,0.52,24.2430730354219,4.2014628025804255,0.5201999999999997,25.704642019933395
2024-11-04 17:36:11,4.201134214617624,0.52,25.72571420883662,4.201469374339657,0.5201599999999997,25.704642019933388
2024-11-04 17:36:11,4.201627096561725,0.52,25.72571420883662,4.201475946098924,0.5201199999999997,25.690411895099825
2024-11-04 17:36:11,4.201462802580083,0.52,26.437220450515156,4.201482517858179,0.5200799999999997,25.67654912322655
2024-11-04 17:36:11,4.201627096561725,0.52,25.72571420883662,4.201502233135944,0.5200399999999997,25.67654912322655
2024-11-04 17:36:12,4.201627096561725,0.52,25.72571420883662,4.201515376654465,0.5199999999999997,25.706201946694836
2024-11-04 17:36:12,4.201791390543644,0.52,25.72571420883662,4.201535091932261,0.5199999999999997,25.720821524296362
2024-11-04 17:36:12,4.201462802580083,0.52,26.437220450515156,4.201535091932261,0.5199999999999997,25.74967122673145
2024-11-04 17:36:12,4.202284272491052,0.52,27.80614130216054,4.201574522487954,0.5199999999999997,25.777049643764368
2024-11-04 17:36:13,4.201134214617624,0.52,25.72571420883662,4.201548235450914,0.5199999999999997,25.777049643764368
2024-11-04 17:36:13,4.201627096561725,0.52,25.72571420883662,4.201548235450914,0.5199999999999997,25.735441101897887
2024-11-04 17:36:13,4.201462802580083,0.519,26.437220450515156,4.201561378969412,0.5199599999999996,25.735441101897887
2024-11-04 17:36:13,4.201627096561725,0.519,26.437220450515156,4.201567950728678,0.5199199999999995,25.721578330024602
2024-11-04 17:36:14,4.201134214617624,0.519,25.72571420883662,4.201554807210178,0.5198799999999995,25.70734820519104
2024-11-04 17:36:14,4.201791390543644,0.52,24.9947353287605,4.20156795072872,0.5198799999999995,25.722381451057814
2024-11-04 17:36:14,4.201955684525837,0.52,25.72571420883662,4.201587666006549,0.5198799999999995,25.72238145105781
2024-11-04 17:36:14,4.202119978508306,0.52,25.72571420883662,4.201600809525137,0.5198799999999995,25.72238145105781
2024-11-04 17:36:15,4.201462802580083,0.52,24.9947353287605,4.201613953043635,0.5198799999999995,25.722381451057814
2024-11-04 17:36:15,4.201955684525837,0.519,25.72571420883662,4.201613953043636,0.5198399999999994,25.78345095817048
2024-11-04 17:36:15,4.201627096561725,0.519,25.72571420883662,4.20160738128436,0.5197999999999994,25.813103781638773
2024-11-04 17:36:15,4.202119978508306,0.519,24.9947353287605,4.201627096562222,0.5197599999999993,25.784254079203688
2024-11-04 17:36:16,4.201298508598716,0.519,25.72571420883662,4.201600809525137,0.5197199999999994,25.784254079203684
2024-11-04 17:36:16,4.201462802580083,0.519,26.437220450515156,4.201600809525137,0.5196799999999994,25.843610555715323
2024-11-04 17:36:16,4.201462802580083,0.519,26.437220450515156,4.201594237765872,0.5196399999999994,25.80304505930637
2024-11-04 17:36:16,4.201791390543644,0.519,24.9947353287605,4.201620524802913,0.5195999999999994,25.803045059306374
2024-11-04 17:36:17,4.201791390543644,0.518,26.437220450515156,4.201633668321454,0.5195199999999994,25.789182287433086
2024-11-04 17:36:17,4.201627096561725,0.518,24.9947353287605,4.201653383599219,0.5194399999999995,25.74646981312472
2024-11-04 17:36:17,4.201627096561725,0.518,26.437220450515156,4.201653383599219,0.5193599999999995,25.76069993795828
2024-11-04 17:36:17,4.201627096561725,0.519,23.469396624933097,4.201659955358486,0.5193199999999996,25.730193163881736
2024-11-04 17:36:18,4.201955684525837,0.519,25.72571420883662,4.20167309887705,0.5192799999999995,25.744812741483255
2024-11-04 17:36:18,4.201298508598716,0.519,24.9947353287605,4.201659955358529,0.5192399999999996,25.71596303904817
2024-11-04 17:36:18,4.202119978508306,0.519,24.2430730354219,4.201673098877116,0.5191999999999996,25.672080090746302
2024-11-04 17:36:18,4.202119978508306,0.519,26.437220450515156,4.201699385914244,0.5191599999999996,25.700929793181395
2024-11-04 17:36:19,4.201955684525837,0.518,25.72571420883662,4.201686242395636,0.5190799999999998,25.700929793181395
2024-11-04 17:36:19,4.201462802580083,0.518,25.72571420883662,4.201699385914135,0.5189999999999998,25.672836896474546
2024-11-04 17:36:19,4.202119978508306,0.518,26.437220450515156,4.2017191011919985,0.5189199999999998,25.701686598909635
2024-11-04 17:36:19,4.201955684525837,0.518,25.72571420883662,4.201738816469828,0.5188799999999998,25.71630617651116
2024-11-04 17:36:20,4.201462802580083,0.518,25.72571420883662,4.201732244710562,0.51884,25.730925754112675
2024-11-04 17:36:20,4.202284272491052,0.518,25.72571420883662,4.201778247025499,0.5188,25.7166956292791
2024-11-04 17:36:20,4.201791390543644,0.518,24.9947353287605,4.201778247025499,0.5187200000000002,25.716695629279098
2024-11-04 17:36:20,4.201462802580083,0.518,24.9947353287605,4.201758531747669,0.5186400000000002,25.687845926844002
2024-11-04 17:36:21,4.201791390543644,0.518,25.72571420883662,4.2017453882290825,0.5185600000000004,25.673615802010435
2024-11-04 17:36:21,4.201955684525837,0.518,24.9947353287605,4.201765103506912,0.5184800000000004,25.658996224408906
2024-11-04 17:36:21,4.201627096561725,0.518,24.9947353287605,4.201751959988348,0.5184400000000003,25.644376646807395
2024-11-04 17:36:21,4.201955684525837,0.518,26.437220450515156,4.201765103506912,0.5184000000000003,25.658606771640972
2024-11-04 17:36:22,4.201627096561725,0.518,25.72571420883662,4.20174538822905,0.5183600000000004,25.673226349242487
2024-11-04 17:36:22,4.201791390543644,0.518,24.9947353287605,4.201765103506847,0.5183200000000003,25.658606771640965
2024-11-04 17:36:22,4.201627096561725,0.518,24.9947353287605,4.201771675266112,0.5182800000000004,25.643987194039447
2024-11-04 17:36:22,4.201627096561725,0.518,24.2430730354219,4.201778247025379,0.5182400000000004,25.614334370571154
2024-11-04 17:36:23,4.201791390543644,0.518,24.2430730354219,4.201778247025379,0.5182000000000004,25.584681547102864
2024-11-04 17:36:23,4.201955684525837,0.518,27.13035904417916,4.201784818784667,0.5182000000000005,25.642427267278002
2024-11-04 17:36:23,4.202448566474072,0.518,25.72571420883662,4.20181767758116,0.5182000000000004,25.64242726727801
2024-11-04 17:36:23,4.201955684525837,0.518,26.437220450515156,4.201830821099724,0.5182000000000004,25.656657392111583
2024-11-04 17:36:24,4.201791390543644,0.518,25.72571420883662,4.201837392859,0.5181600000000004,25.64242726727801
2024-11-04 17:36:24,4.201791390543644,0.518,27.13035904417916,4.201830821099712,0.5181200000000004,25.67052016398486
2024-11-04 17:36:24,4.202284272491052,0.518,24.9947353287605,4.2018702516554045,0.5180800000000004,25.655900586383332
2024-11-04 17:36:24,4.201955684525837,0.518,23.469396624933097,4.201863679896106,0.5180400000000004,25.610774234705264
2024-11-04 17:36:24,4.202119978508306,0.518,24.9947353287605,4.201863679896106,0.5180000000000003,25.58192453227017
2024-11-04 17:36:25,4.201955684525837,0.518,27.13035904417916,4.201863679896106,0.5180000000000003,25.56840888711054
2024-11-04 17:36:25,4.202284272491052,0.518,24.9947353287605,4.201896538692544,0.5180000000000003,25.55378930950902
2024-11-04 17:36:25,4.202612860457368,0.518,24.9947353287605,4.201916253970508,0.5180000000000003,25.5391697319075
2024-11-04 17:36:25,4.201627096561725,0.518,27.13035904417916,4.201903110451944,0.5180000000000003,25.553032503780777
2024-11-04 17:36:26,4.201955684525837,0.518,23.469396624933097,4.201922825729775,0.5180000000000003,25.493676027269135
2024-11-04 17:36:26,4.201955684525837,0.518,27.13035904417916,4.201909682211167,0.5180000000000003,25.521768923975984
2024-11-04 17:36:26,4.201791390543644,0.517,24.2430730354219,4.201909682211167,0.5179600000000003,25.506735678109223
2024-11-04 17:36:26,4.201955684525837,0.517,26.437220450515156,4.201929397488997,0.5179200000000003,25.520965802942793
2024-11-04 17:36:27,4.202119978508306,0.517,26.437220450515156,4.2019425410075835,0.5178800000000002,25.535195927776357
2024-11-04 17:36:27,4.201627096561725,0.518,25.72571420883662,4.201929397489019,0.5178800000000002,25.549815505377882
2024-11-04 17:36:27,4.201627096561725,0.518,24.2430730354219,4.20192939748902,0.5178800000000002,25.520162681909582
2024-11-04 17:36:27,4.202284272491052,0.517,24.9947353287605,4.201942541007629,0.5178400000000002,25.505543104308064
2024-11-04 17:36:28,4.201791390543644,0.517,27.80614130216054,4.201949112766904,0.5178000000000001,25.561771223776066
2024-11-04 17:36:28,4.201955684525837,0.518,25.72571420883662,4.201955684526192,0.5178000000000001,25.561771223776066
2024-11-04 17:36:28,4.202119978508306,0.518,27.13035904417916,4.201975399804055,0.5178000000000001,25.575633995649344
2024-11-04 17:36:28,4.201627096561725,0.518,26.437220450515156,4.201975399804055,0.5178000000000003,25.57563399564934
2024-11-04 17:36:29,4.202448566474072,0.517,26.437220450515156,4.202001686841272,0.5177600000000002,25.604483698084433
2024-11-04 17:36:29,4.201955684525837,0.517,24.9947353287605,4.202001686841272,0.5177200000000002,25.575633995649344
2024-11-04 17:36:29,4.202284272491052,0.517,26.437220450515156,4.201995115081951,0.51768,25.604483698084433
2024-11-04 17:36:29,4.201791390543644,0.517,25.72571420883662,4.2019885433226625,0.51764,25.590253573250855
2024-11-04 17:36:30,4.201627096561725,0.517,26.437220450515156,4.201981971563385,0.5176,25.649610049762504
2024-11-04 17:36:30,4.202448566474072,0.517,24.9947353287605,4.2020082586006025,0.5175599999999999,25.634990472160975
2024-11-04 17:36:30,4.201791390543644,0.517,25.72571420883662,4.201988543322706,0.5175199999999998,25.649610049762504
2024-11-04 17:36:30,4.202448566474072,0.517,25.72571420883662,4.202008258600634,0.5174799999999998,25.6792628732308
2024-11-04 17:36:31,4.202119978508306,0.517,24.9947353287605,4.202008258600634,0.5174399999999999,25.650413170795705
2024-11-04 17:36:31,4.202284272491052,0.516,24.9947353287605,4.202021402119243,0.5173599999999999,25.635793593194183
2024-11-04 17:36:31,4.201955684525837,0.516,24.9947353287605,4.202008258600635,0.5172799999999999,25.621174015592654
2024-11-04 17:36:31,4.202119978508306,0.516,27.13035904417916,4.201988543322672,0.5171999999999997,25.635036787465943
2024-11-04 17:36:32,4.201955684525837,0.517,25.72571420883662,4.202001686841237,0.5171599999999996,25.635036787465943
2024-11-04 17:36:32,4.202612860457368,0.517,25.72571420883662,4.202027973878499,0.5171199999999998,25.635036787465943
2024-11-04 17:36:32,4.202119978508306,0.517,22.672238853203226,4.202034545637797,0.5170799999999997,25.57396728035327
2024-11-04 17:36:32,4.202284272491052,0.517,26.437220450515156,4.202054260915695,0.5170799999999995,25.602816982788354
2024-11-04 17:36:33,4.201462802580083,0.517,26.437220450515156,4.202034545637866,0.5170799999999995,25.631666685223454
2024-11-04 17:36:33,4.202119978508306,0.516,22.672238853203226,4.202034545637866,0.5170399999999995,25.570597178110788
2024-11-04 17:36:33,4.201791390543644,0.516,25.72571420883662,4.202041117397141,0.5169599999999994,25.585216755712317
2024-11-04 17:36:33,4.201955684525837,0.516,25.72571420883662,4.202054260915706,0.5168799999999995,25.59983633331383
2024-11-04 17:36:34,4.202119978508306,0.516,24.9947353287605,4.202047689156396,0.5168399999999995,25.570986630878746
2024-11-04 17:36:34,4.201955684525837,0.516,25.72571420883662,4.202054260915684,0.5167999999999995,25.570986630878743
2024-11-04 17:36:34,4.202119978508306,0.516,26.437220450515156,4.2020608326749835,0.5167199999999995,25.599836333313842
2024-11-04 17:36:34,4.201791390543644,0.516,24.9947353287605,4.202047689156396,0.5166399999999994,25.599836333313846
2024-11-04 17:36:35,4.201791390543644,0.516,24.9947353287605,4.202054260915673,0.5165599999999994,25.614869579180613
2024-11-04 17:36:35,4.202119978508306,0.516,23.469396624933097,4.202041117397042,0.5165199999999993,25.59939605097084
2024-11-04 17:36:35,4.202612860457368,0.516,26.437220450515156,4.2020674044343025,0.5164799999999993,25.585533279097554
2024-11-04 17:36:35,4.201955684525837,0.516,25.72571420883662,4.202054260915694,0.5164399999999992,25.585533279097554
2024-11-04 17:36:36,4.202119978508306,0.516,25.72571420883662,4.20206740443428,0.5163999999999993,25.57130315426398
2024-11-04 17:36:36,4.202448566474072,0.516,24.9947353287605,4.202100263230774,0.5163599999999993,25.556683576662458
2024-11-04 17:36:36,4.202284272491052,0.516,25.72571420883662,4.202093691471453,0.5163199999999993,25.528590679955606
2024-11-04 17:36:36,4.202119978508306,0.516,26.437220450515156,4.2021068349900395,0.5162799999999993,25.557440382390705
2024-11-04 17:36:37,4.201627096561725,0.516,25.72571420883662,4.202073976193547,0.5162399999999994,25.60256673406877
2024-11-04 17:36:37,4.202284272491052,0.516,24.9947353287605,4.202080547952857,0.5161999999999993,25.602566734068773
2024-11-04 17:36:37,4.202284272491052,0.516,25.72571420883662,4.202080547952858,0.5161999999999993,25.57447383736192
2024-11-04 17:36:37,4.201462802580083,0.515,26.437220450515156,4.202060832675028,0.5161599999999994,25.60332353979702
2024-11-04 17:36:38,4.202448566474072,0.515,26.437220450515156,4.202073976193657,0.5161199999999995,25.63217324223212
2024-11-04 17:36:38,4.202119978508306,0.515,25.72571420883662,4.202080547952956,0.5160399999999996,25.60408034552526
2024-11-04 17:36:38,4.201955684525837,0.516,24.9947353287605,4.202054260915695,0.5159999999999997,25.634587119601814
2024-11-04 17:36:38,4.202284272491052,0.516,24.9947353287605,4.202060832675005,0.5159599999999996,25.591874645293437
2024-11-04 17:36:39,4.202119978508306,0.515,25.72571420883662,4.202054260915695,0.5158799999999998,25.621527468761723
2024-11-04 17:36:39,4.202284272491052,0.515,24.9947353287605,4.202087119712134,0.5157999999999998,25.592677766326638
2024-11-04 17:36:39,4.202612860457368,0.515,25.72571420883662,4.202106834990097,0.5157599999999999,25.578447641493067
2024-11-04 17:36:39,4.201791390543644,0.515,24.9947353287605,4.202106834990096,0.5157200000000001,25.563828063891545
2024-11-04 17:36:40,4.202119978508306,0.515,26.437220450515156,4.202113406749394,0.5156800000000001,25.607711012193406
2024-11-04 17:36:40,4.202448566474072,0.515,25.72571420883662,4.202126550268025,0.5156400000000001,25.62233058979492
2024-11-04 17:36:40,4.202777154440939,0.515,26.437220450515156,4.202159409064629,0.5156000000000002,25.594952172762024
2024-11-04 17:36:40,4.202119978508306,0.515,26.437220450515156,4.202159409064629,0.5155600000000002,25.6091822975956
2024-11-04 17:36:41,4.202119978508306,0.515,27.13035904417916,4.202172552583216,0.5155200000000003,25.609182297595595
2024-11-04 17:36:41,4.201791390543644,0.515,26.437220450515156,4.202172552583216,0.5154800000000003,25.609182297595588
2024-11-04 17:36:41,4.201791390543644,0.515,24.9947353287605,4.2021594090646275,0.5154400000000003,25.580332595160495
2024-11-04 17:36:41,4.202284272491052,0.515,24.9947353287605,4.202146265545975,0.5154000000000003,25.5803325951605
2024-11-04 17:36:42,4.202284272491052,0.514,26.437220450515156,4.202159409064584,0.5153200000000002,25.5803325951605
2024-11-04 17:36:42,4.201791390543644,0.514,27.13035904417916,4.202146265545997,0.5152400000000003,25.60842549186735
2024-11-04 17:36:42,4.202777154440939,0.515,26.437220450515156,4.202159409064673,0.5152000000000002,25.608425491867347
2024-11-04 17:36:42,4.201955684525837,0.515,24.9947353287605,4.202146265546065,0.5151600000000002,25.60842549186735
2024-11-04 17:36:43,4.202284272491052,0.515,25.72571420883662,4.202152837305373,0.5151200000000002,25.608425491867347
2024-11-04 17:36:43,4.202119978508306,0.514,25.72571420883662,4.202172552583237,0.5150400000000002,25.608425491867347
2024-11-04 17:36:43,4.202777154440939,0.514,24.9947353287605,4.202192267861233,0.5149600000000002,25.60842549186735
2024-11-04 17:36:43,4.202119978508306,0.515,25.72571420883662,4.202185696101924,0.5149200000000002,25.623045069468873
2024-11-04 17:36:44,4.202119978508306,0.515,24.9947353287605,4.202211983139053,0.5149200000000002,25.623045069468876
2024-11-04 17:36:44,4.202119978508306,0.515,25.72571420883662,4.202198839620423,0.5149200000000002,25.594952172762024
2024-11-04 17:36:44,4.201955684525837,0.515,24.9947353287605,4.2021922678611245,0.5149200000000002,25.580332595160503
2024-11-04 17:36:44,4.202119978508306,0.515,24.9947353287605,4.202198839620423,0.5148800000000001,25.565713017558984
2024-11-04 17:36:45,4.202777154440939,0.514,27.13035904417916,4.202218554898419,0.5148000000000001,25.654875421378495
2024-11-04 17:36:45,4.202448566474072,0.514,24.9947353287605,4.202231698417049,0.5147600000000001,25.626025718943403
2024-11-04 17:36:45,4.202612860457368,0.514,24.9947353287605,4.202244841935702,0.5147200000000001,25.597176016508314
2024-11-04 17:36:45,4.202284272491052,0.514,25.72571420883662,4.202231698417049,0.5146799999999999,25.65824552362098
2024-11-04 17:36:46,4.202448566474072,0.514,27.13035904417916,4.202257985454265,0.5146399999999999,25.686338420327832
2024-11-04 17:36:46,4.202612860457368,0.514,26.437220450515156,4.202277700732227,0.5145999999999998,25.700568545161396
2024-11-04 17:36:46,4.202612860457368,0.514,24.9947353287605,4.202284272491561,0.5145599999999999,25.7005685451614
2024-11-04 17:36:46,4.202612860457368,0.514,26.437220450515156,4.202277700732218,0.5145199999999999,25.714798669994963
2024-11-04 17:36:47,4.202284272491052,0.514,26.437220450515156,4.202284272491528,0.5144799999999998,25.714798669994963
2024-11-04 17:36:47,4.202941448424786,0.514,27.80614130216054,4.202317131288186,0.5144399999999998,25.771026789462965
2024-11-04 17:36:47,4.202612860457368,0.514,25.72571420883662,4.202349990084735,0.5143999999999997,25.785646367064484
2024-11-04 17:36:47,4.202284272491052,0.513,25.72571420883662,4.202369705362631,0.5143199999999999,25.830772718742555
2024-11-04 17:36:48,4.202448566474072,0.513,25.72571420883662,4.202376277121951,0.51424,25.81654259390898
2024-11-04 17:36:48,4.202777154440939,0.513,26.437220450515156,4.202395992399948,0.5142,25.830772718742555
2024-11-04 17:36:48,4.202284272491052,0.514,26.437220450515156,4.202415707677845,0.5142,25.84500284357613
2024-11-04 17:36:48,4.202284272491052,0.514,24.2430730354219,4.202395992399849,0.51416,25.829969597709365
2024-11-04 17:36:49,4.202777154440939,0.514,27.13035904417916,4.202428851196453,0.5141199999999998,25.858062494416217
2024-11-04 17:36:49,4.202448566474072,0.514,26.437220450515156,4.202435422955772,0.5140799999999998,25.858062494416217
2024-11-04 17:36:49,4.202284272491052,0.514,23.469396624933097,4.202441994715083,0.5140799999999999,25.81293614273814
2024-11-04 17:36:49,4.202612860457368,0.513,25.72571420883662,4.20243542295574,0.5140399999999999,25.82755572033967
2024-11-04 17:36:50,4.202777154440939,0.513,25.72571420883662,4.202461709993045,0.51396,25.82755572033967
2024-11-04 17:36:50,4.202284272491052,0.513,27.13035904417916,4.202468281752355,0.51388,25.84141849221295
2024-11-04 17:36:50,4.202448566474072,0.513,23.469396624933097,4.202481425270986,0.5138,25.782062015701314
2024-11-04 17:36:50,4.201955684525837,0.513,25.72571420883662,4.202481425270985,0.5137200000000002,25.782062015701303
2024-11-04 17:36:51,4.202448566474072,0.513,24.2430730354219,4.202494568789615,0.5136400000000002,25.76702876983453
2024-11-04 17:36:51,4.201955684525837,0.513,25.72571420883662,4.2024617099930115,0.5136000000000004,25.781648347436057
2024-11-04 17:36:51,4.202284272491052,0.513,28.465495270963004,4.202455138233691,0.5135600000000005,25.836443968678577
2024-11-04 17:36:51,4.202284272491052,0.513,24.2430730354219,4.2024419947150395,0.5135200000000005,25.821410722811812
2024-11-04 17:36:52,4.202448566474072,0.513,24.2430730354219,4.202448566474359,0.5134800000000006,25.791757899343512
2024-11-04 17:36:52,4.202448566474072,0.513,25.72571420883662,4.2024485664743585,0.5134400000000006,25.806377476945034
2024-11-04 17:36:52,4.201791390543644,0.513,23.469396624933097,4.202415707677808,0.5134000000000005,25.747021000433392
2024-11-04 17:36:52,4.202284272491052,0.512,25.72571420883662,4.202402564159156,0.5133200000000004,25.747021000433406
2024-11-04 17:36:53,4.202612860457368,0.512,24.9947353287605,4.202402564159157,0.5132400000000004,25.7181712979983
2024-11-04 17:36:53,4.202284272491052,0.513,22.672238853203226,4.202402564159157,0.5132000000000004,25.64287166605207
2024-11-04 17:36:53,4.202284272491052,0.513,26.437220450515156,4.202376277121807,0.5131600000000005,25.62900889417879
2024-11-04 17:36:53,4.202284272491052,0.513,25.72571420883662,4.202363133603155,0.5131200000000006,25.61477876934521
2024-11-04 17:36:54,4.202448566474072,0.513,24.9947353287605,4.202369705362475,0.5131200000000006,25.614778769345218
2024-11-04 17:36:54,4.202448566474072,0.513,24.2430730354219,4.202369705362475,0.5131200000000006,25.59974552347845
2024-11-04 17:36:54,4.202448566474072,0.513,23.469396624933097,4.202356561843801,0.5131200000000006,25.54038904696681
2024-11-04 17:36:54,4.202284272491052,0.513,25.72571420883662,4.202356561843802,0.5130800000000005,25.512296150259964
2024-11-04 17:36:55,4.202448566474072,0.512,24.9947353287605,4.202363133603122,0.5130000000000005,25.483446447824857
2024-11-04 17:36:55,4.202448566474072,0.512,26.437220450515156,4.202349990084446,0.5129200000000005,25.512296150259953
2024-11-04 17:36:55,4.202119978508306,0.512,26.437220450515156,4.2023368465658155,0.5128400000000005,25.52652627509353
2024-11-04 17:36:55,4.202941448424786,0.513,25.72571420883662,4.202363133603164,0.5128000000000005,25.52652627509352
2024-11-04 17:36:56,4.203105742408909,0.513,26.437220450515156,4.202382848881226,0.5128000000000005,25.55537597752862
2024-11-04 17:36:56,4.202284272491052,0.512,25.72571420883662,4.202363133603231,0.5127600000000004,25.55537597752862
2024-11-04 17:36:56,4.202612860457368,0.512,23.469396624933097,4.202376277121885,0.5127200000000004,25.524869203452067
2024-11-04 17:36:56,4.202284272491052,0.512,25.72571420883662,4.202369705362565,0.5126800000000004,25.52486920345207
2024-11-04 17:36:57,4.202612860457368,0.512,24.2430730354219,4.202395992399826,0.5126400000000002,25.509835957585295
2024-11-04 17:36:57,4.202119978508306,0.512,24.9947353287605,4.2023828488811965,0.5126000000000003,25.509835957585302
2024-11-04 17:36:57,4.202448566474072,0.513,26.437220450515156,4.202402564159126,0.5126000000000004,25.495973185712018
2024-11-04 17:36:57,4.202777154440939,0.513,25.72571420883662,4.202422279437121,0.5126000000000004,25.510592763313543
2024-11-04 17:36:58,4.202941448424786,0.512,23.469396624933097,4.20244856647447,0.5125600000000003,25.48008598923699
2024-11-04 17:36:58,4.202612860457368,0.512,25.72571420883662,4.202455138233803,0.5125200000000003,25.480085989236997
2024-11-04 17:36:58,4.202612860457368,0.512,24.9947353287605,4.202461709993134,0.5124800000000003,25.437373514928616
2024-11-04 17:36:58,4.202777154440939,0.512,24.2430730354219,4.202501140549027,0.5124400000000002,25.39349056662676
2024-11-04 17:36:59,4.202777154440939,0.512,26.437220450515156,4.202520855827022,0.5124400000000003,25.422340269061852
2024-11-04 17:36:59,4.203270036393308,0.512,24.9947353287605,4.20254714286446,0.5124400000000003,25.393490566626756
2024-11-04 17:36:59,4.202448566474072,0.512,24.9947353287605,4.20255371462378,0.5124000000000004,25.36464086419166
2024-11-04 17:36:59,4.202777154440939,0.512,24.2430730354219,4.2025734299017765,0.5123600000000004,25.29337949885689
2024-11-04 17:37:00,4.202777154440939,0.512,26.437220450515156,4.2025931451797724,0.5123200000000003,25.30760962369046
2024-11-04 17:37:00,4.202777154440939,0.512,25.72571420883662,4.202606288698448,0.5122800000000003,25.30760962369045
2024-11-04 17:37:00,4.202941448424786,0.512,24.2430730354219,4.202626003976476,0.5122400000000003,25.27795680022216
2024-11-04 17:37:00,4.202941448424786,0.512,25.72571420883662,4.202645719254503,0.5122000000000003,25.26372667538859
2024-11-04 17:37:01,4.202777154440939,0.512,25.72571420883662,4.2026654345324985,0.5121600000000003,25.249496550555012
2024-11-04 17:37:01,4.202612860457368,0.512,27.13035904417916,4.20267200629183,0.5121600000000003,25.30724227073016
2024-11-04 17:37:01,4.202612860457368,0.512,24.9947353287605,4.202678578051161,0.5121600000000003,25.264529796421794
2024-11-04 17:37:01,4.202777154440939,0.512,24.9947353287605,4.202704865088467,0.5121600000000003,25.235680093986687
2024-11-04 17:37:02,4.2035986243629315,0.512,25.72571420883662,4.2027311521259945,0.5121200000000004,25.280806445664766
2024-11-04 17:37:02,4.202777154440939,0.512,25.72571420883662,4.202718008607275,0.5120800000000003,25.280806445664766
2024-11-04 17:37:02,4.202941448424786,0.512,26.437220450515156,4.2027442956446235,0.5120800000000003,25.295036570498333
2024-11-04 17:37:02,4.202777154440939,0.512,24.9947353287605,4.202750867403967,0.5120800000000003,25.252324096189962
2024-11-04 17:37:03,4.203270036393308,0.512,24.9947353287605,4.202790297960058,0.5120800000000003,25.28283087026651
2024-11-04 17:37:03,4.2035986243629315,0.512,26.437220450515156,4.202829728516281,0.5120800000000003,25.297060995100082
2024-11-04 17:37:03,4.202941448424786,0.512,24.2430730354219,4.202862587312938,0.5120800000000003,25.297060995100086
2024-11-04 17:37:03,4.202448566474072,0.512,24.2430730354219,4.202862587312938,0.5120400000000004,25.267408171631796
2024-11-04 17:37:04,4.202448566474072,0.512,25.72571420883662,4.202849443794262,0.5120000000000003,25.212612550389267
2024-11-04 17:37:04,4.202448566474072,0.512,25.72571420883662,4.202829728516233,0.5120000000000003,25.242265373857553
2024-11-04 17:37:04,4.203105742408909,0.511,23.469396624933097,4.202849443794294,0.5119600000000003,25.22679184564778
2024-11-04 17:37:04,4.203762918348157,0.511,25.72571420883662,4.202895446109926,0.5119200000000003,25.226791845647785
2024-11-04 17:37:05,4.202777154440939,0.511,24.9947353287605,4.202895446109927,0.5118800000000002,25.257298619724327
2024-11-04 17:37:05,4.203270036393308,0.512,25.72571420883662,4.202915161388021,0.5118800000000002,25.257298619724335
2024-11-04 17:37:05,4.203270036393308,0.512,26.437220450515156,4.202915161388021,0.5118800000000002,25.286148322159423
2024-11-04 17:37:05,4.202284272491052,0.511,26.437220450515156,4.2029085896287,0.5118400000000002,25.36144795410567
2024-11-04 17:37:06,4.202777154440939,0.511,26.437220450515156,4.202908589628701,0.5118000000000001,25.36144795410567
2024-11-04 17:37:06,4.2035986243629315,0.511,25.72571420883662,4.202941448425582,0.5117600000000001,25.36144795410567
2024-11-04 17:37:06,4.203270036393308,0.511,24.9947353287605,4.2029611637036774,0.5117200000000001,25.361447954105675
2024-11-04 17:37:06,4.2034343303779815,0.511,25.72571420883662,4.202980878981806,0.51168,25.391100777573964
2024-11-04 17:37:07,4.2034343303779815,0.511,24.9947353287605,4.203000594259933,0.51164,25.421607551650517
2024-11-04 17:37:07,4.202941448424786,0.511,24.2430730354219,4.203007166019287,0.5115999999999999,25.391954728182217
2024-11-04 17:37:07,4.203270036393308,0.512,23.469396624933097,4.203033453056724,0.5115999999999999,25.361447954105664
2024-11-04 17:37:07,4.202941448424786,0.512,23.469396624933097,4.203046596575421,0.5115999999999999,25.302091477594022
2024-11-04 17:37:08,4.202612860457368,0.511,25.72571420883662,4.203040024816078,0.5115599999999998,25.287861352760448
2024-11-04 17:37:08,4.203270036393308,0.511,24.2430730354219,4.203026881297293,0.5115199999999998,25.258208529292155
2024-11-04 17:37:08,4.203105742408909,0.511,24.9947353287605,4.203040024816012,0.5114799999999997,25.22935882685706
2024-11-04 17:37:08,4.2034343303779815,0.511,27.13035904417916,4.2030597400941385,0.5114399999999998,25.257451723563914
2024-11-04 17:37:09,4.202612860457368,0.511,24.9947353287605,4.203053168334796,0.5113999999999997,25.287958497640457
2024-11-04 17:37:09,4.203270036393308,0.511,24.2430730354219,4.2030531683347965,0.5113599999999997,25.258305674172174
2024-11-04 17:37:09,4.2034343303779815,0.511,25.72571420883662,4.2030465965753985,0.5113199999999997,25.287958497640467
2024-11-04 17:37:09,4.202777154440939,0.51,25.72571420883662,4.203040024816045,0.5112399999999997,25.302578075241982
2024-11-04 17:37:10,4.203105742408909,0.51,24.9947353287605,4.203066311853439,0.5111599999999998,25.273728372806886
2024-11-04 17:37:10,4.202448566474072,0.511,24.2430730354219,4.203066311853438,0.5111199999999998,25.244075549338596
2024-11-04 17:37:10,4.2035986243629315,0.511,26.437220450515156,4.203112314168992,0.5110799999999999,25.303432025850235
2024-11-04 17:37:10,4.203105742408909,0.511,24.2430730354219,4.203112314168993,0.5110799999999999,25.27377920238194
2024-11-04 17:37:11,4.203105742408909,0.51,25.72571420883662,4.203086027131422,0.5110399999999999,25.288398779983464
2024-11-04 17:37:11,4.202941448424786,0.51,25.72571420883662,4.203092598890776,0.511,25.31805160345176
2024-11-04 17:37:11,4.202941448424786,0.511,24.2430730354219,4.203079455372035,0.51096,25.274168655149893
2024-11-04 17:37:11,4.202941448424786,0.511,24.2430730354219,4.203066311853294,0.5109199999999999,25.259135409283125
2024-11-04 17:37:12,4.203105742408909,0.511,27.13035904417916,4.203099170650009,0.5109199999999998,25.301847883591496
2024-11-04 17:37:12,4.203270036393308,0.511,27.13035904417916,4.203118885928103,0.5109199999999998,25.359593603766644
2024-11-04 17:37:12,4.203105742408909,0.511,27.80614130216054,4.203099170649943,0.5109199999999998,25.386972020799547
2024-11-04 17:37:12,4.202612860457368,0.51,26.437220450515156,4.203072883612506,0.5108799999999999,25.401202145633125
2024-11-04 17:37:13,4.203270036393308,0.51,25.72571420883662,4.203066311853119,0.51084,25.43085496910141
2024-11-04 17:37:13,4.203270036393308,0.51,24.9947353287605,4.203059740093733,0.5108,25.41623539149989
2024-11-04 17:37:13,4.203105742408909,0.51,25.72571420883662,4.203066311853098,0.51076,25.416235391499896
2024-11-04 17:37:13,4.203105742408909,0.51,24.9947353287605,4.203059740093722,0.51068,25.37352291719152
2024-11-04 17:37:14,4.202612860457368,0.51,25.72571420883662,4.203046596575025,0.5106000000000002,25.388142494793048
2024-11-04 17:37:14,4.203105742408909,0.51,24.9947353287605,4.203066311853087,0.5105600000000002,25.38814249479304
2024-11-04 17:37:14,4.2034343303779815,0.51,24.9947353287605,4.2030728836124736,0.5105200000000003,25.373522917191522
2024-11-04 17:37:14,4.203270036393308,0.51,26.437220450515156,4.203079455371849,0.5104800000000004,25.387753042025096
2024-11-04 17:37:15,4.202941448424786,0.51,26.437220450515156,4.203059740093721,0.5104400000000004,25.387753042025096
2024-11-04 17:37:15,4.2035986243629315,0.51,24.9947353287605,4.203099170649944,0.5104000000000004,25.3877530420251
2024-11-04 17:37:15,4.202448566474072,0.51,25.72571420883662,4.203066311853173,0.5103600000000004,25.40237261962662
2024-11-04 17:37:15,4.2034343303779815,0.51,27.80614130216054,4.203066311853172,0.5103200000000004,25.42975103665953
2024-11-04 17:37:16,4.203105742408909,0.51,25.72571420883662,4.203079455371891,0.5103200000000004,25.459403860127814
2024-11-04 17:37:16,4.2035986243629315,0.509,26.437220450515156,4.203099170650052,0.5102800000000004,25.503286808429685
2024-11-04 17:37:16,4.2035986243629315,0.509,25.72571420883662,4.203145172965606,0.5102000000000004,25.503286808429685
2024-11-04 17:37:16,4.2034343303779815,0.509,27.13035904417916,4.203138601206208,0.5101200000000004,25.53137970513653
2024-11-04 17:37:17,4.202941448424786,0.51,27.13035904417916,4.203132029446843,0.5100800000000004,25.604598953521453
2024-11-04 17:37:17,4.203270036393308,0.51,23.469396624933097,4.203138601206219,0.5100800000000004,25.559472601843378
2024-11-04 17:37:17,4.202941448424786,0.51,25.72571420883662,4.203138601206219,0.5100800000000004,25.574092179444907
2024-11-04 17:37:17,4.2034343303779815,0.51,26.437220450515156,4.203158316484346,0.5100400000000004,25.58832230427847
2024-11-04 17:37:18,4.203105742408909,0.51,24.9947353287605,4.2031648882437125,0.5100000000000003,25.559472601843385
2024-11-04 17:37:18,4.202941448424786,0.51,26.437220450515156,4.203158316484347,0.5099600000000003,25.55947260184338
2024-11-04 17:37:18,4.203762918348157,0.51,25.72571420883662,4.2031780317625405,0.5099200000000004,25.545242477009808
2024-11-04 17:37:18,4.2035986243629315,0.509,26.437220450515156,4.203197747040702,0.5098400000000004,25.55947260184338
2024-11-04 17:37:19,4.203270036393308,0.509,24.2430730354219,4.203224034078139,0.5098000000000004,25.544439355976607
2024-11-04 17:37:19,4.202777154440939,0.509,24.9947353287605,4.203204318800046,0.5097600000000004,25.529819778375085
2024-11-04 17:37:19,4.2034343303779815,0.509,24.9947353287605,4.203210890559433,0.5097200000000004,25.52981977837508
2024-11-04 17:37:19,4.2034343303779815,0.509,27.13035904417916,4.203224034078195,0.5096800000000004,25.58756549855023
2024-11-04 17:37:20,4.2035986243629315,0.509,24.9947353287605,4.203243749356355,0.5096400000000003,25.618072272626772
2024-11-04 17:37:20,4.203762918348157,0.509,25.72571420883662,4.203289751671988,0.5096000000000003,25.66319862430485
2024-11-04 17:37:20,4.203105742408909,0.509,25.72571420883662,4.2032897516719885,0.5095600000000001,25.66319862430485
2024-11-04 17:37:20,4.2034343303779815,0.509,24.9947353287605,4.203289751671988,0.5095200000000001,25.678231870171626
2024-11-04 17:37:21,4.2034343303779815,0.509,24.9947353287605,4.203296323431375,0.50948,25.678231870171622
2024-11-04 17:37:21,4.2035986243629315,0.509,24.9947353287605,4.203322610468899,0.5094400000000001,25.635519395863245
2024-11-04 17:37:21,4.2034343303779815,0.509,24.2430730354219,4.203316038709501,0.5094000000000001,25.620486149996466
2024-11-04 17:37:21,4.2034343303779815,0.509,26.437220450515156,4.203355469265657,0.5093600000000001,25.664369098298337
2024-11-04 17:37:22,4.203270036393308,0.509,24.9947353287605,4.203348897506271,0.5093200000000001,25.64974952069682
2024-11-04 17:37:22,4.2034343303779815,0.509,26.437220450515156,4.203362041025034,0.5092800000000001,25.66397964553039
2024-11-04 17:37:22,4.2035986243629315,0.509,24.2430730354219,4.203362041025034,0.5092800000000002,25.648946399663615
2024-11-04 17:37:22,4.203762918348157,0.509,24.9947353287605,4.203368612784443,0.5092800000000002,25.66397964553039
2024-11-04 17:37:23,4.203270036393308,0.509,27.80614130216054,4.2033620410250565,0.5092800000000002,25.691358062563296
2024-11-04 17:37:23,4.202941448424786,0.509,26.437220450515156,4.2033620410250565,0.5092400000000002,25.735241010865167
2024-11-04 17:37:23,4.2034343303779815,0.509,27.13035904417916,4.203368612784444,0.5092000000000002,25.763333907572008
2024-11-04 17:37:23,4.203105742408909,0.509,26.437220450515156,4.203375184543809,0.5091600000000003,25.77756403240558
2024-11-04 17:37:24,4.203762918348157,0.509,24.9947353287605,4.2033883280626165,0.5091200000000002,25.792597278272357
2024-11-04 17:37:24,4.203270036393308,0.509,25.72571420883662,4.203394899821993,0.5090800000000002,25.822250101740646
2024-11-04 17:37:24,4.2034343303779815,0.509,25.72571420883662,4.203414615100121,0.5090400000000003,25.794157205033798
2024-11-04 17:37:24,4.203270036393308,0.509,26.437220450515156,4.203394899821927,0.5090000000000002,25.780294433160517
2024-11-04 17:37:25,4.203105742408909,0.509,26.437220450515156,4.203375184543766,0.5090000000000002,25.75291601612761
2024-11-04 17:37:25,4.203105742408909,0.509,25.72571420883662,4.203368612784391,0.5090000000000002,25.738685891294043
2024-11-04 17:37:25,4.2035986243629315,0.509,24.9947353287605,4.20340147158127,0.5090000000000002,25.724066313692514
2024-11-04 17:37:25,4.203105742408909,0.509,26.437220450515156,4.203388328062507,0.5090000000000002,25.75291601612761
2024-11-04 17:37:26,4.203270036393308,0.508,25.72571420883662,4.203381756303122,0.5089600000000002,25.75291601612761
2024-11-04 17:37:26,4.2034343303779815,0.508,26.437220450515156,4.203375184543722,0.5089200000000002,25.781765718562703
2024-11-04 17:37:26,4.2034343303779815,0.508,24.9947353287605,4.203362041024914,0.5088800000000001,25.76714614096118
2024-11-04 17:37:26,4.2034343303779815,0.508,24.9947353287605,4.2033751845436775,0.5088400000000001,25.767146140961177
2024-11-04 17:37:27,4.2035986243629315,0.508,27.13035904417916,4.2033817563030755,0.5088,25.809858615269555
2024-11-04 17:37:27,4.203762918348157,0.508,25.72571420883662,4.203394899821882,0.50876,25.795628490435984
2024-11-04 17:37:27,4.203270036393308,0.508,24.9947353287605,4.203381756303098,0.50872,25.766778788000888
2024-11-04 17:37:27,4.2034343303779815,0.508,27.13035904417916,4.203381756303097,0.5086799999999999,25.809491262309265
2024-11-04 17:37:28,4.2034343303779815,0.508,25.72571420883662,4.203381756303096,0.5086399999999999,25.809491262309265
2024-11-04 17:37:28,4.2035986243629315,0.508,27.80614130216054,4.20339489982188,0.5085999999999998,25.809491262309265
2024-11-04 17:37:28,4.2035986243629315,0.508,24.2430730354219,4.203401471581278,0.5085599999999997,25.779838438840976
2024-11-04 17:37:28,4.2035986243629315,0.508,25.72571420883662,4.203401471581278,0.5085199999999996,25.765608314007405
2024-11-04 17:37:29,4.2035986243629315,0.508,24.9947353287605,4.203394899821871,0.5084799999999996,25.750988736405876
2024-11-04 17:37:29,4.2035986243629315,0.508,26.437220450515156,4.203408043340656,0.5084399999999996,25.7371259645326
2024-11-04 17:37:29,4.203762918348157,0.507,24.2430730354219,4.203440902137591,0.5083599999999996,25.67938024435745
2024-11-04 17:37:29,4.2034343303779815,0.507,26.437220450515156,4.20344090213759,0.5082799999999996,25.738736720869092
2024-11-04 17:37:30,4.203762918348157,0.508,25.72571420883662,4.203467189175161,0.5082399999999996,25.738736720869092
2024-11-04 17:37:30,4.203762918348157,0.508,23.469396624933097,4.203467189175162,0.5081999999999997,25.67938024435745
2024-11-04 17:37:30,4.203762918348157,0.507,24.2430730354219,4.203486904453356,0.5081199999999997,25.66434699849067
2024-11-04 17:37:30,4.203762918348157,0.507,24.9947353287605,4.203500047972161,0.5080399999999998,25.635497296055586
2024-11-04 17:37:31,4.203105742408909,0.507,24.9947353287605,4.203493476212786,0.5079599999999999,25.620877718454057
2024-11-04 17:37:31,4.2039272123336575,0.508,24.9947353287605,4.203526335009776,0.5079199999999999,25.59202801601896
2024-11-04 17:37:31,4.204091506319434,0.508,25.72571420883662,4.2035657655661955,0.5078799999999999,25.62168083948726
2024-11-04 17:37:31,4.2035986243629315,0.507,25.72571420883662,4.2035657655661955,0.5077999999999999,25.636300417088787
2024-11-04 17:37:32,4.204091506319434,0.507,26.437220450515156,4.203605196122616,0.50772,25.66515011952388
2024-11-04 17:37:32,4.203762918348157,0.507,27.13035904417916,4.20362491140081,0.50768,25.665150119523883
2024-11-04 17:37:32,4.203105742408909,0.507,25.72571420883662,4.203611767882048,0.5076400000000001,25.6797696971254
2024-11-04 17:37:32,4.2034343303779815,0.507,25.72571420883662,4.203611767882048,0.5076000000000002,25.6797696971254
2024-11-04 17:37:33,4.2035986243629315,0.508,27.13035904417916,4.203618339641447,0.5076,25.707862593832257
2024-11-04 17:37:33,4.2034343303779815,0.508,24.9947353287605,4.203611767882049,0.5075999999999999,25.70786259383225
2024-11-04 17:37:33,4.2035986243629315,0.507,28.465495270963004,4.20360519612264,0.5075600000000001,25.777277792676305
2024-11-04 17:37:33,4.2035986243629315,0.507,25.72571420883662,4.203618339641425,0.5075200000000002,25.79189737027782
2024-11-04 17:37:34,4.204091506319434,0.508,27.80614130216054,4.203644626679083,0.50752,25.863158735612597
2024-11-04 17:37:34,4.204091506319434,0.508,25.72571420883662,4.203670913716739,0.50752,25.848928610779023
2024-11-04 17:37:34,4.2035986243629315,0.508,24.9947353287605,4.203670913716739,0.5075199999999999,25.848928610779026
2024-11-04 17:37:34,4.204091506319434,0.507,24.9947353287605,4.203690628994999,0.5074799999999999,25.82007890834392
2024-11-04 17:37:35,4.2035986243629315,0.507,24.2430730354219,4.203690628994999,0.5074399999999999,25.820078908343934
2024-11-04 17:37:35,4.2039272123336575,0.507,24.2430730354219,4.203703772513829,0.5074,25.80504566247716
2024-11-04 17:37:35,4.203762918348157,0.507,24.9947353287605,4.2037103442732375,0.50736,25.748817543009167
2024-11-04 17:37:35,4.203762918348157,0.507,26.437220450515156,4.203710344273238,0.5073600000000001,25.748817543009153
2024-11-04 17:37:36,4.204420094291815,0.507,27.13035904417916,4.203749774829792,0.5073600000000001,25.74881754300916
2024-11-04 17:37:36,4.203762918348157,0.507,25.72571420883662,4.203749774829792,0.5073200000000002,25.73458741817559
2024-11-04 17:37:36,4.203762918348157,0.507,24.2430730354219,4.203749774829792,0.5072800000000002,25.719554172308822
2024-11-04 17:37:36,4.2035986243629315,0.507,26.437220450515156,4.203743203070383,0.5072800000000003,25.733784297142392
2024-11-04 17:37:37,4.2035986243629315,0.507,24.9947353287605,4.203736631310973,0.5072800000000003,25.71916471954087
2024-11-04 17:37:37,4.204091506319434,0.507,25.72571420883662,4.203776061867394,0.5072800000000003,25.7049345947073
2024-11-04 17:37:37,4.2042558003054875,0.507,26.437220450515156,4.203789205386266,0.5072400000000004,25.7049345947073
2024-11-04 17:37:37,4.204091506319434,0.507,24.2430730354219,4.203789205386265,0.5072000000000003,25.67528177123901
2024-11-04 17:37:38,4.2042558003054875,0.507,25.72571420883662,4.203815492423967,0.5072000000000003,25.68990134884054
2024-11-04 17:37:38,4.2034343303779815,0.506,27.13035904417916,4.203789205386309,0.5071600000000003,25.703764120713817
2024-11-04 17:37:38,4.2035986243629315,0.506,26.437220450515156,4.2037826336269015,0.5071200000000003,25.71799424554738
2024-11-04 17:37:38,4.2034343303779815,0.507,26.437220450515156,4.203795777145665,0.5071200000000003,25.717994245547388
2024-11-04 17:37:39,4.2034343303779815,0.507,25.72571420883662,4.203795777145665,0.5071200000000003,25.732613823148903
2024-11-04 17:37:39,4.2035986243629315,0.507,24.9947353287605,4.203795777145665,0.5070800000000003,25.73261382314891
2024-11-04 17:37:39,4.203762918348157,0.506,26.437220450515156,4.203808920664471,0.5070000000000002,25.71875105127562
2024-11-04 17:37:39,4.2035986243629315,0.506,25.72571420883662,4.203808920664471,0.5069600000000002,25.71875105127562
2024-11-04 17:37:40,4.2039272123336575,0.506,27.13035904417916,4.203822064183301,0.5069200000000001,25.76146352558399
2024-11-04 17:37:40,4.2042558003054875,0.506,24.2430730354219,4.203828635942743,0.5068400000000001,25.703717805408843
2024-11-04 17:37:40,4.203762918348157,0.506,23.469396624933097,4.2038154924238915,0.5067600000000001,25.658591453730775
2024-11-04 17:37:40,4.203762918348157,0.506,26.437220450515156,4.203822064183301,0.5066800000000001,25.631213036697865
2024-11-04 17:37:41,4.203762918348157,0.506,27.80614130216054,4.20380892066445,0.5066400000000001,25.70247440203263
2024-11-04 17:37:41,4.204091506319434,0.506,24.9947353287605,4.203828635942711,0.5066,25.68785482443111
2024-11-04 17:37:41,4.204420094291815,0.506,27.13035904417916,4.203848351221037,0.50656,25.730567298739487
2024-11-04 17:37:41,4.204420094291815,0.506,25.72571420883662,4.203874638258783,0.50652,25.716337173905913
2024-11-04 17:37:42,4.204091506319434,0.506,26.437220450515156,4.203887781777635,0.50648,25.760220122207784
2024-11-04 17:37:42,4.2039272123336575,0.505,24.9947353287605,4.203868066499307,0.5064,25.7313704197727
2024-11-04 17:37:42,4.203762918348157,0.505,26.437220450515156,4.203868066499307,0.5063199999999999,25.74560054460626
2024-11-04 17:37:42,4.2034343303779815,0.505,25.72571420883662,4.2038549229805,0.5062399999999999,25.790726896284333
2024-11-04 17:37:43,4.2039272123336575,0.505,23.469396624933097,4.2038680664993295,0.5061599999999999,25.77525336807455
2024-11-04 17:37:43,4.204091506319434,0.505,24.9947353287605,4.203887781777589,0.5060799999999999,25.775253368074555
2024-11-04 17:37:43,4.2039272123336575,0.505,24.9947353287605,4.203881210018158,0.5059999999999998,25.77525336807455
2024-11-04 17:37:43,4.204420094291815,0.505,21.84997632024192,4.2038877817776115,0.5059199999999998,25.712358187904183
2024-11-04 17:37:44,4.204091506319434,0.505,24.9947353287605,4.203887781777612,0.5058399999999997,25.697738610302665
2024-11-04 17:37:44,4.204091506319434,0.506,24.9947353287605,4.20388121001817,0.5057999999999998,25.683119032701132
2024-11-04 17:37:44,4.2035986243629315,0.506,25.72571420883662,4.203887781777568,0.5057999999999998,25.66888890786757
2024-11-04 17:37:44,4.204091506319434,0.506,25.72571420883662,4.203907497055828,0.5057999999999999,25.64079601116072
2024-11-04 17:37:45,4.2039272123336575,0.506,27.80614130216054,4.2039272123340545,0.50576,25.68240455302719
2024-11-04 17:37:45,4.204420094291815,0.505,24.9947353287605,4.203966642890608,0.50568,25.667784975425672
2024-11-04 17:37:45,4.2039272123336575,0.505,25.72571420883662,4.203979786409437,0.5056,25.639692078718827
2024-11-04 17:37:45,4.2039272123336575,0.505,26.437220450515156,4.203986358168857,0.50556,25.668541781153916
2024-11-04 17:37:46,4.204091506319434,0.505,24.9947353287605,4.2040060734471165,0.5055200000000001,25.599126582309868
2024-11-04 17:37:46,4.204584388278419,0.505,26.437220450515156,4.2040323604849075,0.50548,25.61335670714344
2024-11-04 17:37:46,4.2039272123336575,0.505,24.9947353287605,4.204019216966035,0.50544,25.55712858767544
2024-11-04 17:37:46,4.204748682265299,0.505,26.437220450515156,4.20405864752272,0.5054,25.57135871250901
2024-11-04 17:37:47,4.2035986243629315,0.505,24.2430730354219,4.204052075763311,0.5053599999999999,25.556325466642235
2024-11-04 17:37:47,4.2042558003054875,0.505,24.2430730354219,4.204071791041604,0.5053199999999998,25.541292220775468
2024-11-04 17:37:47,4.2042558003054875,0.505,28.465495270963004,4.204078362801045,0.5052799999999997,25.62574066548629
2024-11-04 17:37:47,4.204091506319434,0.505,25.72571420883662,4.204065219282151,0.5052399999999998,25.655393488954576
2024-11-04 17:37:48,4.2035986243629315,0.505,25.72571420883662,4.2040323604849945,0.5051999999999998,25.670013066556095
2024-11-04 17:37:48,4.2035986243629315,0.504,23.469396624933097,4.204012645206735,0.5051199999999999,25.61065659004446
2024-11-04 17:37:48,4.204420094291815,0.504,24.9947353287605,4.204032360485061,0.50508,25.567944115736083
2024-11-04 17:37:48,4.2042558003054875,0.504,25.72571420883662,4.204052075763354,0.5050400000000002,25.567944115736083
2024-11-04 17:37:49,4.204420094291815,0.505,26.437220450515156,4.204091506319907,0.5050400000000002,25.611827064037954
2024-11-04 17:37:49,4.204584388278419,0.505,25.72571420883662,4.204117793357697,0.5050400000000002,25.597596939204376
2024-11-04 17:37:49,4.2042558003054875,0.505,24.9947353287605,4.2041243651171385,0.5050400000000002,25.597596939204383
2024-11-04 17:37:49,4.204091506319434,0.505,23.469396624933097,4.20413093687657,0.5050400000000002,25.552470587526305
2024-11-04 17:37:50,4.2042558003054875,0.505,24.2430730354219,4.204124365117117,0.5050400000000002,25.508587639224448
2024-11-04 17:37:50,4.2042558003054875,0.505,25.72571420883662,4.204130936876559,0.5050400000000002,25.538240462692738
2024-11-04 17:37:50,4.2042558003054875,0.505,24.9947353287605,4.204137508636,0.5050000000000001,25.523620885091226
2024-11-04 17:37:50,4.2035986243629315,0.505,25.72571420883662,4.204137508636,0.5049599999999999,25.495527988384374
2024-11-04 17:37:51,4.204091506319434,0.505,25.72571420883662,4.204137508636,0.5049199999999998,25.4812978635508
2024-11-04 17:37:51,4.204091506319434,0.505,24.2430730354219,4.204144080395432,0.5048799999999997,25.43741491524894
2024-11-04 17:37:51,4.204912976252455,0.505,26.437220450515156,4.204163795673857,0.5048799999999997,25.451645040082504
2024-11-04 17:37:51,4.2042558003054875,0.504,24.9947353287605,4.20417693919273,0.5048399999999998,25.4516450400825
2024-11-04 17:37:52,4.2042558003054875,0.504,25.72571420883662,4.204190082711603,0.5047999999999999,25.437414915248937
2024-11-04 17:37:52,4.2042558003054875,0.504,26.437220450515156,4.204196654471045,0.50476,25.451645040082504
2024-11-04 17:37:52,4.204091506319434,0.504,26.437220450515156,4.204176939192687,0.5047200000000002,25.43778226820923
2024-11-04 17:37:52,4.2042558003054875,0.504,25.72571420883662,4.20419008271156,0.5046800000000002,25.467435091677515
2024-11-04 17:37:53,4.204091506319434,0.504,24.9947353287605,4.2041637956737254,0.5046400000000004,25.49794186575407
2024-11-04 17:37:53,4.204420094291815,0.504,24.9947353287605,4.20419665447088,0.5046000000000005,25.469092163318972
2024-11-04 17:37:53,4.204091506319434,0.504,26.437220450515156,4.204190082711437,0.5045600000000006,25.44171374628607
2024-11-04 17:37:53,4.2042558003054875,0.504,24.9947353287605,4.204190082711437,0.5045200000000007,25.441713746286073
2024-11-04 17:37:54,4.204420094291815,0.504,26.437220450515156,4.204203226230333,0.5044800000000007,25.427850974412785
2024-11-04 17:37:54,4.204912976252455,0.504,22.672238853203226,4.204255800305913,0.5044400000000007,25.36678146730011
2024-11-04 17:37:54,4.2042558003054875,0.504,24.9947353287605,4.204282087343616,0.5044400000000006,25.337931764865026
2024-11-04 17:37:54,4.204748682265299,0.504,26.437220450515156,4.204295230862555,0.5044400000000006,25.366781467300115
2024-11-04 17:37:55,4.2042558003054875,0.504,25.72571420883662,4.204295230862555,0.5044400000000006,25.35255134246655
2024-11-04 17:37:55,4.2035986243629315,0.504,24.9947353287605,4.204262372065401,0.5044000000000005,25.33793176486502
2024-11-04 17:37:55,4.2042558003054875,0.504,25.72571420883662,4.204249228546484,0.5043600000000005,25.383058116543097
2024-11-04 17:37:55,4.2039272123336575,0.504,27.80614130216054,4.2042360850276115,0.5043200000000003,25.439286236011093
2024-11-04 17:37:56,4.2042558003054875,0.503,24.9947353287605,4.204242656787052,0.5042400000000002,25.4392862360111
2024-11-04 17:37:56,4.204091506319434,0.503,25.72571420883662,4.204236085027611,0.5041600000000003,25.51680099378299
2024-11-04 17:37:56,4.2042558003054875,0.504,24.9947353287605,4.204236085027611,0.5041200000000002,25.516800993782986
2024-11-04 17:37:56,4.204748682265299,0.504,24.9947353287605,4.2042558003060035,0.5040800000000002,25.51680099378299
2024-11-04 17:37:57,4.2042558003054875,0.504,26.437220450515156,4.204282087343706,0.5040400000000002,25.531031118616564
2024-11-04 17:37:57,4.204420094291815,0.503,23.469396624933097,4.204295230862601,0.5039600000000002,25.485904766938496
2024-11-04 17:37:57,4.204091506319434,0.503,24.9947353287605,4.204295230862601,0.5038800000000001,25.429676647470487
2024-11-04 17:37:57,4.2034343303779815,0.503,23.469396624933097,4.204236085027622,0.5038,25.399169873393944
2024-11-04 17:37:58,4.204420094291815,0.503,24.9947353287605,4.204242656787074,0.50376,25.384550295792423
2024-11-04 17:37:58,4.204420094291815,0.503,23.469396624933097,4.204249228546527,0.50372,25.32519381928078
2024-11-04 17:37:58,4.2042558003054875,0.503,24.9947353287605,4.204249228546527,0.50368,25.325193819280777
2024-11-04 17:37:58,4.203762918348157,0.503,26.437220450515156,4.204236085027676,0.50364,25.325193819280777
2024-11-04 17:37:59,4.2042558003054875,0.503,24.9947353287605,4.204236085027676,0.5035999999999999,25.32519381928078
2024-11-04 17:37:59,4.2042558003054875,0.503,21.84997632024192,4.204242656787118,0.5035599999999999,25.233448936675313
2024-11-04 17:37:59,4.204748682265299,0.503,24.9947353287605,4.204255800306058,0.5035199999999999,25.24848218254208
2024-11-04 17:37:59,4.204420094291815,0.503,25.72571420883662,4.204268943824953,0.5034799999999999,25.27813500601038
2024-11-04 17:38:00,4.204748682265299,0.503,27.13035904417916,4.204288659103345,0.5034399999999999,25.251432281474703
2024-11-04 17:38:00,4.204420094291815,0.503,25.72571420883662,4.204288659103345,0.5034,25.25143228147471
2024-11-04 17:38:00,4.2042558003054875,0.503,25.72571420883662,4.204262372065467,0.50336,25.2514322814747
2024-11-04 17:38:00,4.2042558003054875,0.503,24.9947353287605,4.204262372065467,0.50332,25.281939055551252
2024-11-04 17:38:01,4.2042558003054875,0.503,25.72571420883662,4.204242656787074,0.5032800000000001,25.29655863315277
2024-11-04 17:38:01,4.204091506319434,0.503,24.9947353287605,4.204236085027632,0.50324,25.281939055551252
2024-11-04 17:38:01,4.2042558003054875,0.503,27.80614130216054,4.204262372065334,0.5032,25.30931747258416
2024-11-04 17:38:01,4.2042558003054875,0.503,26.437220450515156,4.204262372065334,0.50316,25.32354759741773
2024-11-04 17:38:02,4.204584388278419,0.502,25.72571420883662,4.204288659103125,0.50308,25.338167175019244
2024-11-04 17:38:02,4.2042558003054875,0.502,24.9947353287605,4.204288659103125,0.5030399999999999,25.368673949095797
2024-11-04 17:38:02,4.204091506319434,0.501,24.2430730354219,4.204288659103125,0.50296,25.3686739490958
2024-11-04 17:38:02,4.204420094291815,0.501,26.437220450515156,4.204295230862578,0.5028400000000001,25.382904073929367
2024-11-04 17:38:03,4.2039272123336575,0.501,23.469396624933097,4.204262372065313,0.5027200000000002,25.352397299852825
2024-11-04 17:38:03,4.204091506319434,0.501,25.72571420883662,4.204255800305871,0.5026000000000002,25.352397299852818
2024-11-04 17:38:03,4.2042558003054875,0.501,25.72571420883662,4.204249228546419,0.5025200000000002,25.352397299852818
2024-11-04 17:38:03,4.2039272123336575,0.499,23.469396624933097,4.204242656786987,0.5023600000000001,25.336923771643047
2024-11-04 17:38:04,4.2039272123336575,0.499,27.13035904417916,4.204262372065215,0.5022000000000001,25.350786543516325
2024-11-04 17:38:04,4.2042558003054875,0.499,25.72571420883662,4.204255800305762,0.50204,25.36540612111785
2024-11-04 17:38:04,4.203762918348157,0.498,24.2430730354219,4.204229513268015,0.5018400000000002,25.33575329764955
2024-11-04 17:38:04,4.2035986243629315,0.498,25.72571420883662,4.204203226230314,0.5016400000000002,25.321523172815986
2024-11-04 17:38:05,4.203105742408909,0.497,25.72571420883662,4.204176939192745,0.5014000000000002,25.307293047982412
2024-11-04 17:38:05,4.203105742408909,0.497,25.72571420883662,4.204130936876883,0.50116,25.3072930479824
2024-11-04 17:38:05,4.203105742408909,0.496,26.437220450515156,4.2040849345610205,0.50088,25.3361427504175
2024-11-04 17:38:05,4.203270036393308,0.496,25.72571420883662,4.204025788726141,0.5005999999999998,25.350762328019027
2024-11-04 17:38:06,4.203762918348157,0.496,26.437220450515156,4.203999501688395,0.5003199999999998,25.350762328019027
2024-11-04 17:38:06,4.2035986243629315,0.496,25.72571420883662,4.2039534993723,0.5000399999999998,25.36538190562054
2024-11-04 17:38:06,4.2035986243629315,0.496,23.469396624933097,4.203920640575145,0.49975999999999976,25.30602542910891
2024-11-04 17:38:06,4.2034343303779815,0.496,24.9947353287605,4.203887781778045,0.49947999999999965,25.35247535862005
2024-11-04 17:38:07,4.203270036393308,0.496,25.72571420883662,4.203848351221557,0.4991999999999996,25.367094936221573
2024-11-04 17:38:07,4.203105742408909,0.496,24.2430730354219,4.203802348905694,0.4989199999999996,25.32321198791971
2024-11-04 17:38:07,4.203270036393308,0.496,25.72571420883662,4.20376949010865,0.49863999999999953,25.323211987919713
2024-11-04 17:38:07,4.203105742408909,0.496,24.9947353287605,4.203723487792787,0.4983599999999996,25.323211987919716
2024-11-04 17:38:08,4.203270036393308,0.496,26.437220450515156,4.203684057236299,0.4980799999999996,25.33744211275328
2024-11-04 17:38:08,4.203762918348157,0.496,21.000806169342923,4.203651198439089,0.49783999999999956,25.201335410096927
2024-11-04 17:38:08,4.203762918348157,0.496,26.437220450515156,4.2036314831607955,0.49759999999999954,25.230185112532027
2024-11-04 17:38:08,4.2035986243629315,0.496,25.72571420883662,4.203611767882536,0.4973999999999996,25.230185112532027
2024-11-04 17:38:09,4.203270036393308,0.495,25.72571420883662,4.203565765566595,0.4971599999999997,25.24480469013354
2024-11-04 17:38:09,4.2034343303779815,0.495,27.13035904417916,4.203546050288368,0.49691999999999986,25.28751716444192
2024-11-04 17:38:09,4.203270036393308,0.495,24.9947353287605,4.203513191491322,0.49668,25.258667462006823
2024-11-04 17:38:09,4.202941448424786,0.495,25.72571420883662,4.203460617416095,0.49644000000000005,25.303793813684887
2024-11-04 17:38:10,4.203270036393308,0.495,25.72571420883662,4.20343433037848,0.49628000000000017,25.318413391286413
2024-11-04 17:38:10,4.204091506319434,0.496,27.13035904417916,4.203440902137911,0.4961600000000002,25.39163263967133
2024-11-04 17:38:10,4.203105742408909,0.496,24.9947353287605,4.203394899822047,0.4960400000000002,25.391632639671332
2024-11-04 17:38:10,4.2034343303779815,0.496,26.437220450515156,4.203381756303241,0.4959600000000002,25.450989116182974
2024-11-04 17:38:11,4.203270036393308,0.496,24.9947353287605,4.203368612784455,0.49588000000000015,25.450989116182978
2024-11-04 17:38:11,4.203762918348157,0.496,25.72571420883662,4.203394899822025,0.49584000000000006,25.436758991349407
2024-11-04 17:38:11,4.2034343303779815,0.496,24.2430730354219,4.203408043340787,0.4957999999999999,25.42172574548265
2024-11-04 17:38:11,4.2034343303779815,0.496,24.9947353287605,4.203421186859551,0.4957999999999998,25.484620925653008
2024-11-04 17:38:12,4.2035986243629315,0.496,25.72571420883662,4.203434330378336,0.49579999999999963,25.499240503254534
2024-11-04 17:38:12,4.2035986243629315,0.496,24.9947353287605,4.203427758618926,0.49579999999999946,25.48462092565301
2024-11-04 17:38:12,4.2034343303779815,0.496,27.80614130216054,4.2034211868595275,0.49579999999999946,25.498136570812633
2024-11-04 17:38:12,4.2034343303779815,0.496,25.72571420883662,4.203414615100129,0.49579999999999946,25.49813657081264
2024-11-04 17:38:13,4.203270036393308,0.496,26.437220450515156,4.203408043340742,0.49579999999999946,25.512366695646215
2024-11-04 17:38:13,4.2035986243629315,0.496,25.72571420883662,4.203421186859528,0.4957999999999996,25.52698627324773
2024-11-04 17:38:13,4.2035986243629315,0.496,25.72571420883662,4.203440902137689,0.4957999999999996,25.52698627324773
2024-11-04 17:38:13,4.2035986243629315,0.495,24.9947353287605,4.203454045656474,0.4957599999999997,25.526986273247726
2024-11-04 17:38:14,4.203762918348157,0.495,26.437220450515156,4.203480332694045,0.4957199999999998,25.499607856214816
2024-11-04 17:38:14,4.204420094291815,0.496,27.80614130216054,4.203526335009985,0.4957199999999999,25.52698627324773
2024-11-04 17:38:14,4.204091506319434,0.496,25.72571420883662,4.203539478528835,0.4957199999999999,25.526986273247722
2024-11-04 17:38:14,4.2035986243629315,0.496,24.9947353287605,4.203532906769427,0.4957199999999999,25.526986273247726
2024-11-04 17:38:15,4.203762918348157,0.495,25.72571420883662,4.203539478528836,0.49567999999999995,25.556639096716015
2024-11-04 17:38:15,4.2035986243629315,0.495,27.13035904417916,4.203552622047622,0.4956800000000001,25.570501868589293
2024-11-04 17:38:15,4.2039272123336575,0.496,27.13035904417916,4.2035723373258485,0.4957200000000001,25.64372111697422
2024-11-04 17:38:15,4.203762918348157,0.496,27.13035904417916,4.203592052604042,0.4957600000000001,25.67181401368107
2024-11-04 17:38:16,4.2035986243629315,0.496,24.9947353287605,4.203618339641567,0.4957999999999999,25.657194436079553
2024-11-04 17:38:16,4.2042558003054875,0.495,26.437220450515156,4.2036577701980535,0.4957999999999999,25.716550912591202
2024-11-04 17:38:16,4.204091506319434,0.495,24.2430730354219,4.203657770198054,0.49576,25.658805192416054
2024-11-04 17:38:16,4.203762918348157,0.496,27.13035904417916,4.203684057235624,0.49576,25.686898089122906
2024-11-04 17:38:17,4.2034343303779815,0.496,23.469396624933097,4.203684057235623,0.49576,25.671424560913135
2024-11-04 17:38:17,4.2039272123336575,0.495,24.9947353287605,4.2037103442732375,0.49571999999999994,25.656804983311602
2024-11-04 17:38:17,4.203762918348157,0.495,26.437220450515156,4.2037103442732375,0.4956799999999999,25.67103510814518
2024-11-04 17:38:17,4.204091506319434,0.495,24.2430730354219,4.203736631310895,0.49564,25.641382284676887
2024-11-04 17:38:18,4.203762918348157,0.495,25.72571420883662,4.203749774829702,0.49560000000000015,25.627152159843316
2024-11-04 17:38:18,4.204420094291815,0.495,26.437220450515156,4.203782633626857,0.4955600000000003,25.641382284676883
2024-11-04 17:38:18,4.2034343303779815,0.495,24.9947353287605,4.203776061867458,0.4955200000000002,25.612532582241798
2024-11-04 17:38:18,4.204091506319434,0.495,27.13035904417916,4.203802348905117,0.49548000000000014,25.640625478948643
2024-11-04 17:38:19,4.2035986243629315,0.495,25.72571420883662,4.203808920664515,0.49544000000000027,25.685751830626714
2024-11-04 17:38:19,4.2035986243629315,0.495,26.437220450515156,4.2038220641833,0.4954000000000004,25.714601533061806
2024-11-04 17:38:19,4.204748682265299,0.495,26.437220450515156,4.203868066499395,0.49536000000000036,25.72883165789538
2024-11-04 17:38:19,4.2035986243629315,0.495,26.437220450515156,4.203868066499395,0.4953200000000003,25.77271460619725
2024-11-04 17:38:20,4.2039272123336575,0.495,24.2430730354219,4.203881210018225,0.49532000000000026,25.74306178272895
2024-11-04 17:38:20,4.2034343303779815,0.495,26.437220450515156,4.2038680664994175,0.49532000000000026,25.771911485164036
2024-11-04 17:38:20,4.204091506319434,0.495,23.469396624933097,4.203854922980523,0.4952800000000003,25.712555008652394
2024-11-04 17:38:20,4.204091506319434,0.495,23.469396624933097,4.203854922980523,0.49524000000000024,25.7619268177642
2024-11-04 17:38:21,4.2042558003054875,0.495,26.437220450515156,4.203881210018225,0.4952000000000002,25.761926817764206
2024-11-04 17:38:21,4.2039272123336575,0.494,25.72571420883662,4.203887781777645,0.49516000000000004,25.761926817764206
2024-11-04 17:38:21,4.2035986243629315,0.494,25.72571420883662,4.203887781777645,0.49512,25.7619268177642
2024-11-04 17:38:21,4.2039272123336575,0.494,24.9947353287605,4.203887781777645,0.49504,25.719214343455818
2024-11-04 17:38:22,4.2042558003054875,0.494,22.672238853203226,4.203907497055938,0.49495999999999996,25.672764413944677
2024-11-04 17:38:22,4.203762918348157,0.494,25.72571420883662,4.2039140688153465,0.4948799999999999,25.672764413944677
2024-11-04 17:38:22,4.204091506319434,0.494,26.437220450515156,4.203907497055903,0.4948399999999998,25.686994538778244
2024-11-04 17:38:22,4.204091506319434,0.495,25.72571420883662,4.203907497055904,0.4948399999999998,25.658901642071395
2024-11-04 17:38:23,4.203762918348157,0.495,24.9947353287605,4.203907497055904,0.49479999999999985,25.658901642071392
2024-11-04 17:38:23,4.2042558003054875,0.495,24.2430730354219,4.203940355853004,0.49475999999999987,25.615018693769525
2024-11-04 17:38:23,4.203762918348157,0.495,24.9947353287605,4.203933784093585,0.4947599999999999,25.615018693769528
2024-11-04 17:38:23,4.2042558003054875,0.494,26.437220450515156,4.203953499371877,0.49471999999999994,25.629248818603102
2024-11-04 17:38:24,4.204091506319434,0.494,25.72571420883662,4.203953499371877,0.49467999999999995,25.658901642071395
2024-11-04 17:38:24,4.2042558003054875,0.494,24.9947353287605,4.203973214650169,0.49463999999999997,25.658901642071392
2024-11-04 17:38:24,4.2039272123336575,0.494,24.2430730354219,4.203953499371844,0.4946,25.629248818603102
2024-11-04 17:38:24,4.2039272123336575,0.494,27.13035904417916,4.2039732146500715,0.49456000000000006,25.67196129291148
2024-11-04 17:38:25,4.2042558003054875,0.495,24.9947353287605,4.203979786409513,0.49456000000000006,25.615733173443477
2024-11-04 17:38:25,4.204420094291815,0.495,26.437220450515156,4.204012645206667,0.49456000000000006,25.629963298277044
2024-11-04 17:38:25,4.204091506319434,0.494,25.72571420883662,4.204032360484928,0.4945199999999999,25.615733173443477
2024-11-04 17:38:25,4.2042558003054875,0.494,23.469396624933097,4.204012645206536,0.49447999999999986,25.5706068217654
2024-11-04 17:38:26,4.203762918348157,0.494,24.9947353287605,4.204019216965945,0.4944399999999999,25.55598724416388
2024-11-04 17:38:26,4.204091506319434,0.494,24.2430730354219,4.204025788725377,0.49439999999999984,25.540953998297113
2024-11-04 17:38:26,4.204091506319434,0.494,22.672238853203226,4.204052075763034,0.49435999999999986,25.465654366350872
2024-11-04 17:38:26,4.204091506319434,0.494,25.72571420883662,4.204052075763034,0.4943199999999998,25.42404582448439
2024-11-04 17:38:27,4.203762918348157,0.494,25.72571420883662,4.204038932244183,0.49427999999999983,25.42404582448439
2024-11-04 17:38:27,4.204091506319434,0.494,24.2430730354219,4.2040323604847405,0.4942399999999998,25.409012578617617
2024-11-04 17:38:27,4.2042558003054875,0.494,24.9947353287605,4.204045504003614,0.4942399999999998,25.3943930010161
2024-11-04 17:38:27,4.203762918348157,0.494,27.80614130216054,4.204052075763023,0.49423999999999985,25.407908646175727
2024-11-04 17:38:28,4.2035986243629315,0.494,24.2430730354219,4.2040389322441944,0.49423999999999985,25.35016292600059
2024-11-04 17:38:28,4.2042558003054875,0.494,23.469396624933097,4.2040389322441944,0.49423999999999985,25.276943677615662
2024-11-04 17:38:28,4.2039272123336575,0.494,27.13035904417916,4.2040455040036155,0.4942399999999998,25.31965615192404
2024-11-04 17:38:28,4.2042558003054875,0.494,26.437220450515156,4.204052075763057,0.4942399999999998,25.319656151924036
2024-11-04 17:38:29,4.204091506319434,0.494,24.9947353287605,4.204052075763057,0.4941999999999998,25.334689397790804
2024-11-04 17:38:29,4.204091506319434,0.494,25.72571420883662,4.204065219281908,0.4941599999999998,25.30659650108396
2024-11-04 17:38:29,4.203762918348157,0.494,25.72571420883662,4.204045504003615,0.49411999999999984,25.35172285276203
2024-11-04 17:38:29,4.2042558003054875,0.494,25.72571420883662,4.204065219281907,0.49407999999999985,25.36634243036355
2024-11-04 17:38:30,4.204091506319434,0.494,24.9947353287605,4.204058647522465,0.49407999999999985,25.33749272792846
2024-11-04 17:38:30,4.2042558003054875,0.494,25.72571420883662,4.204065219281906,0.49407999999999985,25.367145551396753
2024-11-04 17:38:30,4.2042558003054875,0.494,24.2430730354219,4.204065219281906,0.49407999999999985,25.33749272792846
2024-11-04 17:38:30,4.203762918348157,0.494,25.72571420883662,4.204058647522487,0.49407999999999985,25.32326260309489
2024-11-04 17:38:31,4.204420094291815,0.494,26.437220450515156,4.2040783628008125,0.4940799999999998,25.35211230552999
2024-11-04 17:38:31,4.2042558003054875,0.494,24.2430730354219,4.2040783628008125,0.4940399999999998,25.29436658535484
2024-11-04 17:38:31,4.2042558003054875,0.494,24.9947353287605,4.204071791041359,0.49399999999999983,25.279747007753322
2024-11-04 17:38:31,4.2042558003054875,0.494,29.10927472714519,4.204078362800801,0.49399999999999983,25.333188093285923
2024-11-04 17:38:32,4.204584388278419,0.494,26.437220450515156,4.204091506319718,0.49399999999999983,25.333188093285916
2024-11-04 17:38:32,4.2039272123336575,0.494,27.80614130216054,4.204098078079139,0.49399999999999983,25.360566510318833
2024-11-04 17:38:32,4.204091506319434,0.494,24.2430730354219,4.204098078079139,0.49399999999999983,25.360566510318826
2024-11-04 17:38:32,4.204584388278419,0.494,26.437220450515156,4.204117793357499,0.49399999999999983,25.360566510318822
2024-11-04 17:38:33,4.204584388278419,0.494,26.437220450515156,4.204137508635858,0.49399999999999983,25.41992298683046
2024-11-04 17:38:33,4.204091506319434,0.494,24.9947353287605,4.20415065215471,0.49399999999999983,25.450429760907014
2024-11-04 17:38:33,4.204748682265299,0.494,26.437220450515156,4.204176939192545,0.49399999999999983,25.45042976090701
2024-11-04 17:38:33,4.204584388278419,0.494,24.9947353287605,4.204190082711462,0.49399999999999983,25.435810183305488
2024-11-04 17:38:34,4.2042558003054875,0.494,23.469396624933097,4.204209797989756,0.49399999999999983,25.390683831627413
2024-11-04 17:38:34,4.204584388278419,0.494,24.9947353287605,4.204249228546376,0.49399999999999983,25.390683831627417
2024-11-04 17:38:34,4.204091506319434,0.494,23.469396624933097,4.204242656786934,0.49399999999999983,25.40662698706201
2024-11-04 17:38:34,4.205241564227593,0.494,26.437220450515156,4.204295230862691,0.49399999999999983,25.420857111895586
2024-11-04 17:38:35,4.199491274821859,0.494,27.80614130216054,4.204104649843345,0.49399999999999983,25.44823552892849
2024-11-04 17:38:35,4.204420094291815,0.494,26.437220450515156,4.20411779336224,0.49399999999999983,25.462465653762067
2024-11-04 17:38:35,4.2042558003054875,0.494,27.13035904417916,4.204124365121682,0.49399999999999983,25.505178128070444
2024-11-04 17:38:35,4.2042558003054875,0.494,27.80614130216054,4.204144080399974,0.49399999999999983,25.57643949340521
2024-11-04 17:38:36,4.204091506319434,0.494,24.9947353287605,4.204137508640533,0.49399999999999983,25.576439493405204
2024-11-04 17:38:36,4.204748682265299,0.494,25.72571420883662,4.204163795678367,0.49399999999999983,25.56220936857164
2024-11-04 17:38:36,4.2042558003054875,0.494,25.72571420883662,4.204163795678367,0.49399999999999983,25.56220936857163
2024-11-04 17:38:36,4.2042558003054875,0.494,25.72571420883662,4.204163795678367,0.49399999999999983,25.576828946173155
2024-11-04 17:38:37,4.2042558003054875,0.494,26.437220450515156,4.20418351095666,0.49399999999999983,25.620711894475015
2024-11-04 17:38:37,4.204748682265299,0.494,23.469396624933097,4.204196654475598,0.49399999999999983,25.5474926460901
2024-11-04 17:38:37,4.2042558003054875,0.494,24.2430730354219,4.204196654475598,0.49399999999999983,25.532459400223335
2024-11-04 17:38:37,4.204091506319434,0.494,24.2430730354219,4.204190082716155,0.49399999999999983,25.488576451921467
2024-11-04 17:38:38,4.204748682265299,0.494,25.72571420883662,4.204209797994548,0.49399999999999983,25.48857645192147
2024-11-04 17:38:38,4.204420094291815,0.494,26.437220450515156,4.204203226235084,0.49399999999999983,25.54793292843311
2024-11-04 17:38:38,4.204912976252455,0.494,24.9947353287605,4.204242656791835,0.49399999999999983,25.547932928433106
2024-11-04 17:38:38,4.2042558003054875,0.494,24.2430730354219,4.204249228551277,0.49399999999999983,25.54793292843311
2024-11-04 17:38:39,4.204584388278419,0.494,27.13035904417916,4.204249228551279,0.49399999999999983,25.637095332252635
2024-11-04 17:38:39,4.204420094291815,0.493,25.72571420883662,4.2042426567918145,0.4939599999999998,25.63709533225264
2024-11-04 17:38:39,4.204420094291815,0.493,25.72571420883662,4.20425580031071,0.49391999999999975,25.63709533225264
2024-11-04 17:38:39,4.204748682265299,0.493,25.72571420883662,4.20425580031071,0.4938799999999997,25.666748155720924
2024-11-04 17:38:40,4.2042558003054875,0.493,27.80614130216054,4.204242656791792,0.49383999999999967,25.72297627518892
2024-11-04 17:38:40,4.204912976252455,0.493,26.437220450515156,4.204268943829671,0.4937999999999996,25.695597858156017
2024-11-04 17:38:40,4.204584388278419,0.493,23.469396624933097,4.204268943829672,0.49375999999999953,25.680124329946242
2024-11-04 17:38:40,4.204584388278419,0.493,26.437220450515156,4.204288659108031,0.4937199999999995,25.739480806457877
2024-11-04 17:38:41,4.204584388278419,0.493,25.72571420883662,4.204262372070065,0.49367999999999945,25.71138790975102
2024-11-04 17:38:41,4.204584388278419,0.493,24.2430730354219,4.204466096608328,0.4936399999999994,25.66750496144916
2024-11-04 17:38:41,4.204420094291815,0.493,24.9947353287605,4.204466096608328,0.49359999999999943,25.667504961449158
2024-11-04 17:38:41,4.205241564227593,0.493,26.437220450515156,4.204505527165213,0.49355999999999944,25.681735086282732
2024-11-04 17:38:42,4.198998392888499,0.493,27.13035904417916,4.204295230868535,0.49351999999999946,25.709827982989587
2024-11-04 17:38:42,4.204748682265299,0.493,26.437220450515156,4.204321517906369,0.4934799999999995,25.724058107823158
2024-11-04 17:38:42,4.199326980843797,0.493,25.72571420883662,4.204104649849509,0.4934399999999995,25.738677685424673
2024-11-04 17:38:42,4.198834098911264,0.462,25.72571420883662,4.203887781793742,0.4921599999999996,25.738677685424673
2024-11-04 17:38:43,4.198998392888499,0.462,27.80614130216054,4.203677485497063,0.49087999999999965,25.80993905075945
2024-11-04 17:38:43,4.199326980843797,0.462,23.469396624933097,4.203480332718596,0.48959999999999965,25.764812699081382
2024-11-04 17:38:43,4.199162686866011,0.462,27.80614130216054,4.2032568929026235,0.4883199999999997,25.792191116114285
2024-11-04 17:38:43,4.199162686866011,0.462,24.2430730354219,4.203053168365044,0.4870399999999998,25.79219111611428
2024-11-04 17:38:44,4.198505510957618,0.462,26.437220450515156,4.202829728550571,0.48575999999999986,25.82104081854938
2024-11-04 17:38:44,4.198998392888499,0.462,21.84997632024192,4.2025997169755,0.4844799999999999,25.675854850411312
2024-11-04 17:38:44,4.198341216981209,0.462,26.437220450515156,4.202356561883075,0.4832,25.675854850411316
2024-11-04 17:38:44,4.198998392888499,0.462,26.437220450515156,4.202119978548518,0.48192000000000007,25.64847643337841
2024-11-04 17:38:45,4.198669804934304,0.462,24.9947353287605,4.201896538733671,0.48064,25.663509679245184
2024-11-04 17:38:45,4.198834098911264,0.462,24.2430730354219,4.201666527158984,0.47936,25.61962673094332
2024-11-04 17:38:45,4.199162686866011,0.462,24.9947353287605,4.201456230861951,0.47812,25.590777028508224
2024-11-04 17:38:45,4.198834098911264,0.462,22.672238853203226,4.201232791046729,0.47687999999999997,25.544327098997083
2024-11-04 17:38:46,4.199162686866011,0.462,25.72571420883662,4.2010093512307565,0.47563999999999995,25.530096974163506
2024-11-04 17:38:46,4.199326980843797,0.462,24.2430730354219,4.20081219845229,0.47439999999999993,25.51506372829673
2024-11-04 17:38:46,4.199162686866011,0.462,24.2430730354219,4.20058218687683,0.47315999999999986,25.530537256506513
2024-11-04 17:38:46,4.198834098911264,0.462,24.9947353287605,4.200352175302145,0.47191999999999984,25.53053725650652
2024-11-04 17:38:47,4.198834098911264,0.462,25.72571420883662,4.200122163727459,0.4706799999999998,25.575663608184588
2024-11-04 17:38:47,4.198998392888499,0.462,27.80614130216054,4.199898723911861,0.4694399999999998,25.60304202521749
2024-11-04 17:38:47,4.198834098911264,0.462,25.72571420883662,4.199668712337176,0.4681999999999998,25.56143348335101
2024-11-04 17:38:47,4.198998392888499,0.462,25.72571420883662,4.199451844281044,0.4669599999999998,25.547203358517436
2024-11-04 17:38:48,4.198834098911264,0.462,24.2430730354219,4.199195545668392,0.4657199999999998,25.489457638342298
2024-11-04 17:38:48,4.198998392888499,0.462,25.72571420883662,4.199195545668392,0.46447999999999984,25.44784909647582
2024-11-04 17:38:48,4.198998392888499,0.462,26.437220450515156,4.19896553409332,0.4632399999999998,25.47669879891091
2024-11-04 17:38:48,4.199326980843797,0.462,26.437220450515156,4.19896553409332,0.4619999999999998,25.490928923744477
2024-11-04 17:38:49,4.199162686866011,0.462,27.80614130216054,4.1989786776115094,0.4619999999999998,25.532537465610957
2024-11-04 17:38:49,4.199162686866011,0.462,24.9947353287605,4.198985249370609,0.4619999999999998,25.51791788800944
2024-11-04 17:38:49,4.198998392888499,0.462,24.2430730354219,4.198972105852397,0.4619999999999998,25.474034939707572
2024-11-04 17:38:49,4.198998392888499,0.462,25.72571420883662,4.198965534093297,0.4619999999999998,25.519161291385643
2024-11-04 17:38:50,4.198998392888499,0.462,26.437220450515156,4.198958962334197,0.4619999999999998,25.563044239687514
2024-11-04 17:38:50,4.198834098911264,0.462,24.9947353287605,4.198972105852343,0.4619999999999998,25.57807748555428
2024-11-04 17:38:50,4.198998392888499,0.462,24.9947353287605,4.198972105852343,0.4619999999999998,25.56345790795276
2024-11-04 17:38:50,4.199162686866011,0.462,24.2430730354219,4.1990049646477345,0.4619999999999998,25.519574959650885
2024-11-04 17:38:51,4.198834098911264,0.461,27.13035904417916,4.198998392888645,0.46195999999999976,25.562287433959263
2024-11-04 17:38:51,4.198998392888499,0.461,24.9947353287605,4.199011536406813,0.4619199999999997,25.577320679826038
2024-11-04 17:38:51,4.198998392888499,0.462,27.13035904417916,4.199018108165903,0.4619199999999997,25.577320679826045
2024-11-04 17:38:51,4.198998392888499,0.462,25.72571420883662,4.199011536406803,0.4619199999999997,25.577320679826034
2024-11-04 17:38:52,4.199162686866011,0.462,24.9947353287605,4.199024679924992,0.4619199999999997,25.562701102224516
2024-11-04 17:38:52,4.199326980843797,0.462,25.72571420883662,4.1990312516841035,0.4619199999999997,25.56270110222451
2024-11-04 17:38:52,4.198669804934304,0.462,25.72571420883662,4.199004964647723,0.4619199999999997,25.521092560358028
2024-11-04 17:38:52,4.198998392888499,0.461,28.465495270963004,4.1989983928886225,0.4618799999999997,25.56165805676699
2024-11-04 17:38:53,4.198341216981209,0.461,26.437220450515156,4.198978677611421,0.4618399999999997,25.62101453327863
2024-11-04 17:38:53,4.199162686866011,0.461,26.437220450515156,4.19899182112961,0.4617999999999997,25.62101453327864
2024-11-04 17:38:53,4.199162686866011,0.462,25.72571420883662,4.1989983928887105,0.4617999999999997,25.62101453327863
2024-11-04 17:38:53,4.199162686866011,0.462,26.437220450515156,4.199011536406899,0.4617999999999997,25.6648974815805
2024-11-04 17:38:54,4.199162686866011,0.462,27.13035904417916,4.1990181081659985,0.4617999999999997,25.70760995588887
2024-11-04 17:38:54,4.199655568800195,0.462,25.72571420883662,4.199050966961555,0.4617999999999997,25.6933798310553
2024-11-04 17:38:54,4.198998392888499,0.461,25.72571420883662,4.199050966961556,0.46175999999999967,25.66528693434845
2024-11-04 17:38:54,4.199326980843797,0.461,24.9947353287605,4.1990641104797675,0.4617199999999997,25.636437231913355
2024-11-04 17:38:55,4.198998392888499,0.461,25.72571420883662,4.199050966961556,0.4616799999999997,25.63643723191336
2024-11-04 17:38:55,4.198998392888499,0.461,25.72571420883662,4.199044395202455,0.4616399999999997,25.63643723191336
2024-11-04 17:38:55,4.199326980843797,0.461,24.2430730354219,4.199050966961567,0.4615999999999997,25.56517586657859
2024-11-04 17:38:55,4.198834098911264,0.461,25.72571420883662,4.1990443952024785,0.46155999999999964,25.610302218256656
2024-11-04 17:38:56,4.199491274821859,0.461,24.9947353287605,4.199064110479813,0.4615199999999996,25.554074098788657
2024-11-04 17:38:56,4.199162686866011,0.461,24.2430730354219,4.199070682238913,0.46147999999999956,25.55407409878866
2024-11-04 17:38:56,4.198998392888499,0.461,26.437220450515156,4.199077253998004,0.46143999999999946,25.55407409878866
2024-11-04 17:38:56,4.198998392888499,0.461,26.437220450515156,4.199077253998005,0.46139999999999953,25.64581898139412
2024-11-04 17:38:57,4.199162686866011,0.461,24.9947353287605,4.199077253998004,0.46135999999999955,25.616969278959026
2024-11-04 17:38:57,4.199655568800195,0.461,24.2430730354219,4.19911011279356,0.4613599999999996,25.57308633065717
2024-11-04 17:38:57,4.199162686866011,0.461,25.72571420883662,4.19911668455266,0.4613599999999996,25.587705908258684
2024-11-04 17:38:57,4.198834098911264,0.461,27.80614130216054,4.199110112793571,0.4613199999999996,25.65896727359346
2024-11-04 17:38:58,4.198998392888499,0.461,26.437220450515156,4.199110112793571,0.46127999999999963,25.687816976028554
2024-11-04 17:38:58,4.199491274821859,0.461,26.437220450515156,4.199123256311805,0.4612399999999996,25.763116607974798
2024-11-04 17:38:58,4.199326980843797,0.461,25.72571420883662,4.199123256311805,0.4611999999999996,25.76311660797479
2024-11-04 17:38:58,4.198998392888499,0.461,25.72571420883662,4.199136399829974,0.4611599999999996,25.792769431443084
2024-11-04 17:38:59,4.199162686866011,0.461,26.437220450515156,4.199142971589073,0.4611599999999996,25.836652379744947
2024-11-04 17:38:59,4.199326980843797,0.461,22.672238853203226,4.199182402143577,0.46115999999999974,25.790202450233807
2024-11-04 17:38:59,4.199655568800195,0.461,27.80614130216054,4.199202117420944,0.46115999999999974,25.831810992100277
2024-11-04 17:38:59,4.198998392888499,0.461,26.437220450515156,4.199195545661844,0.46111999999999964,25.804432575067377
2024-11-04 17:39:00,4.198998392888499,0.461,26.437220450515156,4.199188973902745,0.4610799999999997,25.81866269990094
2024-11-04 17:39:00,4.199162686866011,0.461,24.2430730354219,4.199188973902744,0.46103999999999973,25.78900987643265
2024-11-04 17:39:00,4.199162686866011,0.461,25.72571420883662,4.199169258625376,0.46099999999999963,25.81866269990094
2024-11-04 17:39:00,4.199491274821859,0.461,24.2430730354219,4.19918897390271,0.46099999999999963,25.78900987643265
2024-11-04 17:39:01,4.199326980843797,0.461,24.2430730354219,4.19918897390271,0.46099999999999963,25.745126928130784
2024-11-04 17:39:01,4.199162686866011,0.461,26.437220450515156,4.1991955456618095,0.46099999999999963,25.745126928130794
2024-11-04 17:39:01,4.199491274821859,0.461,24.2430730354219,4.199215260939145,0.46099999999999963,25.673865562796024
2024-11-04 17:39:01,4.198834098911264,0.461,25.72571420883662,4.199195545661843,0.46099999999999963,25.688485140397542
2024-11-04 17:39:02,4.199162686866011,0.461,27.13035904417916,4.1992086891800335,0.46099999999999963,25.74623086057269
2024-11-04 17:39:02,4.199326980843797,0.461,27.13035904417916,4.199202117420911,0.46099999999999963,25.774323757279543
2024-11-04 17:39:02,4.198998392888499,0.461,27.13035904417916,4.199195545661811,0.46099999999999963,25.788186529152814
2024-11-04 17:39:02,4.199326980843797,0.461,24.9947353287605,4.199208689180023,0.46099999999999963,25.788186529152817
2024-11-04 17:39:03,4.199655568800195,0.46,24.2430730354219,4.1992349762164904,0.46095999999999976,25.773153283286042
2024-11-04 17:39:03,4.198998392888499,0.46,24.2430730354219,4.19922840445739,0.46091999999999983,25.773153283286046
2024-11-04 17:39:03,4.199326980843797,0.461,25.72571420883662,4.199215260939135,0.46091999999999983,25.74506038657919
2024-11-04 17:39:03,4.199491274821859,0.461,27.13035904417916,4.199228404457369,0.46091999999999983,25.787772860887568
2024-11-04 17:39:04,4.199491274821859,0.461,24.9947353287605,4.199254691493793,0.46091999999999983,25.74506038657918
2024-11-04 17:39:04,4.199655568800195,0.461,25.72571420883662,4.199280978530259,0.46091999999999983,25.74506038657918
2024-11-04 17:39:04,4.199162686866011,0.461,27.13035904417916,4.199267835012026,0.46091999999999983,25.787772860887557
2024-11-04 17:39:04,4.199655568800195,0.461,25.72571420883662,4.19928097853028,0.46091999999999983,25.787772860887554
2024-11-04 17:39:05,4.199162686866011,0.461,28.465495270963004,4.19928755028938,0.4609199999999998,25.84256848213009
2024-11-04 17:39:05,4.198834098911264,0.461,27.80614130216054,4.19927440677119,0.4609199999999997,25.829381402754034
2024-11-04 17:39:05,4.199162686866011,0.461,28.465495270963004,4.19926783501208,0.4609199999999997,25.869946899162986
2024-11-04 17:39:05,4.199162686866011,0.461,27.80614130216054,4.199248119734712,0.4609199999999997,25.897325316195893
2024-11-04 17:39:06,4.199491274821859,0.461,25.72571420883662,4.199267835012046,0.4609199999999997,25.897325316195893
2024-11-04 17:39:06,4.199655568800195,0.461,26.437220450515156,4.199294122048513,0.4609199999999997,25.897325316195904
2024-11-04 17:39:06,4.198998392888499,0.461,25.72571420883662,4.199287550289412,0.4609199999999997,25.869232419489045
2024-11-04 17:39:06,4.199326980843797,0.461,25.72571420883662,4.199294122048525,0.4609199999999997,25.869232419489045
2024-11-04 17:39:07,4.199162686866011,0.461,24.9947353287605,4.199280978530291,0.4609199999999997,25.854612841887523
2024-11-04 17:39:07,4.199162686866011,0.461,27.13035904417916,4.19927440677118,0.4609199999999997,25.897325316195893
2024-11-04 17:39:07,4.199326980843797,0.46,27.13035904417916,4.199280978530291,0.46087999999999973,25.925418212902745
2024-11-04 17:39:07,4.199326980843797,0.46,25.72571420883662,4.19927440677117,0.4608399999999998,25.925418212902752
2024-11-04 17:39:08,4.199491274821859,0.46,25.72571420883662,4.199300693807594,0.46079999999999993,25.955071036371045
2024-11-04 17:39:08,4.199162686866011,0.461,26.437220450515156,4.199300693807594,0.4608,25.969301161204612
2024-11-04 17:39:08,4.199655568800195,0.461,26.437220450515156,4.199313837325849,0.4608,25.99815086363971
2024-11-04 17:39:08,4.199819862778808,0.461,27.13035904417916,4.199346696121461,0.4608,26.05589658381486
2024-11-04 17:39:09,4.199655568800195,0.46,24.9947353287605,4.199359839639716,0.46076000000000006,26.027046881379764
2024-11-04 17:39:09,4.198998392888499,0.46,24.9947353287605,4.199333552603249,0.46076000000000006,25.998197178944668
2024-11-04 17:39:09,4.199326980843797,0.46,27.13035904417916,4.199346696121461,0.46076000000000017,26.04090965325305
2024-11-04 17:39:09,4.199655568800195,0.46,24.9947353287605,4.199359839639717,0.4607200000000002,26.055942899119813
2024-11-04 17:39:10,4.198998392888499,0.46,25.72571420883662,4.199340124362382,0.4606800000000002,26.055942899119817
2024-11-04 17:39:10,4.199655568800195,0.46,28.465495270963004,4.199346696121515,0.46064000000000027,26.069129978495866
2024-11-04 17:39:10,4.199819862778808,0.46,27.13035904417916,4.199353267880659,0.4606000000000004,26.082992750369144
2024-11-04 17:39:10,4.199819862778808,0.46,24.9947353287605,4.199379554917171,0.46056000000000047,26.054143047934048
2024-11-04 17:39:11,4.199162686866011,0.46,26.437220450515156,4.199359839639804,0.4605200000000005,26.068373172767625
2024-11-04 17:39:11,4.199326980843797,0.46,25.72571420883662,4.199366411398916,0.4604800000000005,26.068373172767615
2024-11-04 17:39:11,4.199162686866011,0.46,25.72571420883662,4.1993795549171065,0.4604400000000005,26.054143047934048
2024-11-04 17:39:11,4.199162686866011,0.46,25.72571420883662,4.1993795549171065,0.4604000000000005,26.11521255504671
2024-11-04 17:39:12,4.199655568800195,0.46,26.437220450515156,4.199399270194473,0.4603600000000005,26.087834138013804
2024-11-04 17:39:12,4.198998392888499,0.46,26.437220450515156,4.19937955491714,0.46032000000000045,26.087834138013804
2024-11-04 17:39:12,4.198998392888499,0.46,24.9947353287605,4.199353267880673,0.46028000000000047,26.05898443557872
2024-11-04 17:39:12,4.199162686866011,0.46,26.437220450515156,4.199359839639772,0.4602400000000006,26.102867383880575
2024-11-04 17:39:13,4.199326980843797,0.46,22.672238853203226,4.199359839639772,0.4602000000000006,26.04179787676791
2024-11-04 17:39:13,4.199655568800195,0.46,24.9947353287605,4.19937955491714,0.46016000000000057,26.056831122634684
2024-11-04 17:39:13,4.198998392888499,0.46,24.9947353287605,4.19937298315804,0.4601200000000006,26.07186436850145
2024-11-04 17:39:13,4.199326980843797,0.46,24.9947353287605,4.19937298315804,0.46012000000000053,26.043014666066366
2024-11-04 17:39:14,4.20014845073686,0.46,24.9947353287605,4.199405841953763,0.46012000000000053,26.05804791193314
2024-11-04 17:39:14,4.198669804934304,0.46,27.13035904417916,4.19937298315826,0.46012000000000053,26.086140808639986
2024-11-04 17:39:14,4.199491274821859,0.46,27.80614130216054,4.199386126676495,0.46008000000000054,26.099656453799618
2024-11-04 17:39:14,4.199326980843797,0.46,25.72571420883662,4.199372983158239,0.46004000000000056,26.07156355709276
2024-11-04 17:39:15,4.199326980843797,0.46,24.9947353287605,4.199353267880838,0.4600000000000006,26.02885108278439
2024-11-04 17:39:15,4.199655568800195,0.46,25.72571420883662,4.199353267880838,0.4600000000000006,26.04347066038591
2024-11-04 17:39:15,4.199326980843797,0.46,24.9947353287605,4.199366411399049,0.4600000000000006,26.058503906252696
2024-11-04 17:39:15,4.199655568800195,0.46,21.84997632024192,4.199379554917306,0.4600000000000006,26.010641971949088
2024-11-04 17:39:16,4.199162686866011,0.46,23.469396624933097,4.199359839639938,0.4600000000000006,25.96551562027102
2024-11-04 17:39:16,4.199491274821859,0.46,26.437220450515156,4.1993795549172726,0.4600000000000006,25.951652848397735
2024-11-04 17:39:16,4.199162686866011,0.459,24.2430730354219,4.199359839639905,0.45996000000000054,25.936619602530968
2024-11-04 17:39:16,4.198998392888499,0.459,25.72571420883662,4.199326980844293,0.4599200000000005,25.936619602530964
2024-11-04 17:39:17,4.199326980843797,0.46,25.72571420883662,4.199307265566892,0.4599200000000005,25.908526705824116
2024-11-04 17:39:17,4.199491274821859,0.46,24.9947353287605,4.199320409085126,0.4599200000000005,25.893907128222587
2024-11-04 17:39:17,4.198998392888499,0.46,24.9947353287605,4.199307265566914,0.4599200000000005,25.82449192937854
2024-11-04 17:39:17,4.199491274821859,0.46,24.2430730354219,4.199320409085149,0.4599200000000005,25.753230564043765
2024-11-04 17:39:18,4.199491274821859,0.46,26.437220450515156,4.199333552603383,0.4599200000000005,25.712665067634816
2024-11-04 17:39:18,4.199984156757696,0.46,26.437220450515156,4.199346696121683,0.4599200000000005,25.685286650601903
2024-11-04 17:39:18,4.199655568800195,0.46,25.72571420883662,4.199372983158151,0.4599200000000005,25.685286650601903
2024-11-04 17:39:18,4.199491274821859,0.46,26.437220450515156,4.199392698435485,0.4599200000000005,25.685286650601903
2024-11-04 17:39:19,4.199491274821859,0.459,25.72571420883662,4.19940584195372,0.4598800000000004,25.685286650601903
2024-11-04 17:39:19,4.199655568800195,0.459,24.2430730354219,4.199418985471975,0.45984000000000036,25.65563382713361
2024-11-04 17:39:19,4.199819862778808,0.46,26.437220450515156,4.199425557231119,0.45984000000000036,25.6844835295687
2024-11-04 17:39:19,4.199984156757696,0.46,25.72571420883662,4.199464987785887,0.45984000000000036,25.65639063286185
2024-11-04 17:39:20,4.199984156757696,0.459,25.72571420883662,4.199491274822441,0.4598000000000003,25.628297736155
2024-11-04 17:39:20,4.199491274821859,0.459,26.437220450515156,4.199464987785841,0.4597600000000003,25.642527860988565
2024-11-04 17:39:20,4.198998392888499,0.459,23.469396624933097,4.1994781313040095,0.45972000000000024,25.597401509310497
2024-11-04 17:39:20,4.199491274821859,0.459,26.437220450515156,4.19947813130401,0.45968000000000026,25.597401509310494
2024-11-04 17:39:21,4.199984156757696,0.459,23.469396624933097,4.199504418340566,0.4596400000000002,25.53804503279885
2024-11-04 17:39:21,4.199491274821859,0.459,27.13035904417916,4.1995109900996885,0.4596000000000002,25.538045032798856
2024-11-04 17:39:21,4.199162686866011,0.459,25.72571420883662,4.1994912748223205,0.4595600000000001,25.55266461040037
2024-11-04 17:39:21,4.199162686866011,0.459,26.437220450515156,4.199484703063209,0.45952000000000004,25.58151431283547
2024-11-04 17:39:22,4.199326980843797,0.459,23.469396624933097,4.199471559544954,0.45948,25.508295064450554
2024-11-04 17:39:22,4.199984156757696,0.459,26.437220450515156,4.199504418340622,0.45943999999999996,25.53714476688565
2024-11-04 17:39:22,4.199819862778808,0.459,25.72571420883662,4.1995175618589,0.4593999999999999,25.53714476688564
2024-11-04 17:39:22,4.198669804934304,0.459,26.437220450515156,4.199497846581631,0.4593999999999999,25.496579270476687
2024-11-04 17:39:23,4.199491274821859,0.458,28.465495270963004,4.199517561858965,0.4593599999999999,25.52328199501237
2024-11-04 17:39:23,4.199491274821859,0.458,25.72571420883662,4.1995241336180875,0.45927999999999974,25.53790157261389
2024-11-04 17:39:23,4.199655568800195,0.458,26.437220450515156,4.199530705377221,0.45919999999999966,25.537901572613883
2024-11-04 17:39:23,4.198998392888499,0.458,24.9947353287605,4.199530705377221,0.4591199999999996,25.52328199501236
2024-11-04 17:39:24,4.199984156757696,0.458,27.13035904417916,4.199550420654655,0.45903999999999956,25.551374891719217
2024-11-04 17:39:24,4.199326980843797,0.459,26.437220450515156,4.199543848895532,0.45899999999999946,25.56560501655279
2024-11-04 17:39:24,4.20014845073686,0.459,26.437220450515156,4.199550420654698,0.45895999999999954,25.56560501655279
2024-11-04 17:39:24,4.198998392888499,0.458,25.72571420883662,4.199524133618231,0.4588799999999994,25.551374891719224
2024-11-04 17:39:25,4.199655568800195,0.458,24.2430730354219,4.199530705377365,0.45879999999999943,25.53634164585245
2024-11-04 17:39:25,4.199655568800195,0.458,24.2430730354219,4.199537277136497,0.4587599999999995,25.492458697550582
2024-11-04 17:39:25,4.199491274821859,0.458,25.72571420883662,4.199530705377364,0.4587199999999995,25.55352820466325
2024-11-04 17:39:25,4.199491274821859,0.458,26.437220450515156,4.199517561859086,0.45863999999999955,25.582377907098344
2024-11-04 17:39:26,4.199655568800195,0.458,23.469396624933097,4.199504418340785,0.4585599999999995,25.55187113302179
2024-11-04 17:39:26,4.199491274821859,0.458,24.9947353287605,4.199484703063352,0.4585199999999995,25.551871133021795
2024-11-04 17:39:26,4.199655568800195,0.458,25.72571420883662,4.199491274822486,0.45847999999999944,25.566490710623313
2024-11-04 17:39:26,4.199491274821859,0.458,24.9947353287605,4.199510990099819,0.45843999999999946,25.523778236314943
2024-11-04 17:39:27,4.199655568800195,0.458,25.72571420883662,4.199517561858952,0.4583999999999995,25.482169694448466
2024-11-04 17:39:27,4.199819862778808,0.458,26.437220450515156,4.199510990099797,0.4583599999999995,25.496399819282043
2024-11-04 17:39:27,4.199326980843797,0.458,25.72571420883662,4.199504418340676,0.4583199999999995,25.511019396883558
2024-11-04 17:39:27,4.199819862778808,0.458,24.9947353287605,4.199530705377188,0.4582799999999995,25.496399819282036
2024-11-04 17:39:28,4.199491274821859,0.458,24.2430730354219,4.199543848895422,0.45823999999999954,25.481366573415272
2024-11-04 17:39:28,4.199326980843797,0.458,26.437220450515156,4.199543848895422,0.45819999999999955,25.573111456020733
2024-11-04 17:39:28,4.199819862778808,0.458,24.9947353287605,4.199537277136267,0.4581599999999996,25.603618230097286
2024-11-04 17:39:28,4.199162686866011,0.458,24.9947353287605,4.199510990099754,0.4581199999999995,25.57476852766219
2024-11-04 17:39:29,4.199491274821859,0.457,26.437220450515156,4.1995438488952574,0.45803999999999967,25.618651475964054
2024-11-04 17:39:29,4.199819862778808,0.457,26.437220450515156,4.199556992413535,0.45799999999999974,25.632881600797628
2024-11-04 17:39:29,4.199491274821859,0.457,25.72571420883662,4.199556992413536,0.45795999999999987,25.632881600797617
2024-11-04 17:39:29,4.199491274821859,0.457,27.13035904417916,4.199550420654403,0.45791999999999994,25.675594075105995
2024-11-04 17:39:30,4.199984156757696,0.457,25.72571420883662,4.19958985120917,0.45788000000000006,25.690213652707516
2024-11-04 17:39:30,4.199655568800195,0.457,26.437220450515156,4.19957670769087,0.45784000000000014,25.734096601009387
2024-11-04 17:39:30,4.199326980843797,0.457,26.437220450515156,4.19957670769087,0.4577600000000002,25.734096601009387
2024-11-04 17:39:30,4.199162686866011,0.458,24.9947353287605,4.199537277136034,0.4577200000000002,25.705246898574302
2024-11-04 17:39:31,4.199819862778808,0.458,24.9947353287605,4.199570135931648,0.4577200000000001,25.690627320972773
2024-11-04 17:39:31,4.199819862778808,0.457,25.72571420883662,4.199576707690793,0.45768000000000014,25.676397196139195
2024-11-04 17:39:31,4.199819862778808,0.457,24.2430730354219,4.199583279449937,0.45764000000000016,25.646744372670906
2024-11-04 17:39:31,4.199491274821859,0.457,26.437220450515156,4.199583279449937,0.4576000000000002,25.690627320972773
2024-11-04 17:39:32,4.199819862778808,0.457,27.13035904417916,4.199596422968214,0.4575600000000002,25.70449009284605
2024-11-04 17:39:32,4.199491274821859,0.457,24.9947353287605,4.199589851209081,0.45752000000000026,25.68987051524453
2024-11-04 17:39:32,4.199326980843797,0.457,24.9947353287605,4.199583279449959,0.45748000000000033,25.675250937643
2024-11-04 17:39:32,4.199819862778808,0.457,24.9947353287605,4.1995898512091046,0.4574400000000004,25.646401235207904
2024-11-04 17:39:33,4.199819862778808,0.458,24.9947353287605,4.199602994727382,0.45744000000000035,25.676908009284446
2024-11-04 17:39:33,4.199326980843797,0.458,26.437220450515156,4.199589851209127,0.4574400000000003,25.676908009284453
2024-11-04 17:39:33,4.199326980843797,0.458,24.9947353287605,4.199570135931726,0.4574400000000001,25.707414783360996
2024-11-04 17:39:33,4.20014845073686,0.458,25.72571420883662,4.199602994727449,0.45744000000000007,25.67932188665415
2024-11-04 17:39:34,4.199491274821859,0.458,28.465495270963004,4.199589851209172,0.4574399999999999,25.73411750789668
2024-11-04 17:39:34,4.199984156757696,0.457,23.469396624933097,4.199609566486605,0.4574,25.67476103138504
2024-11-04 17:39:34,4.199655568800195,0.457,24.2430730354219,4.19962271000486,0.4573599999999999,25.69023455959482
2024-11-04 17:39:34,4.199984156757696,0.457,23.469396624933097,4.1996292817640155,0.45732,25.630878083083175
2024-11-04 17:39:35,4.199655568800195,0.457,24.9947353287605,4.199648997041382,0.4572800000000001,25.616258505481657
2024-11-04 17:39:35,4.199984156757696,0.457,25.72571420883662,4.199668712318815,0.45728000000000013,25.60202838064808
2024-11-04 17:39:35,4.199655568800195,0.458,26.437220450515156,4.19966214055967,0.4573200000000001,25.561462884239127
2024-11-04 17:39:35,4.199491274821859,0.458,26.437220450515156,4.19966214055967,0.4573600000000001,25.575693009072694
2024-11-04 17:39:36,4.199819862778808,0.457,24.9947353287605,4.199675284077947,0.4573600000000002,25.546843306637598
2024-11-04 17:39:36,4.20014845073686,0.457,25.72571420883662,4.199681855837114,0.4573600000000002,25.561462884239127
2024-11-04 17:39:36,4.199819862778808,0.457,27.13035904417916,4.199688427596258,0.4573600000000001,25.56146288423913
2024-11-04 17:39:36,4.199819862778808,0.457,23.469396624933097,4.199708142873659,0.4573600000000001,25.50210640772749
2024-11-04 17:39:37,4.20014845073686,0.457,25.72571420883662,4.1997475734284935,0.4573200000000001,25.48787628289392
2024-11-04 17:39:37,4.199655568800195,0.457,25.72571420883662,4.199741001669349,0.45728000000000024,25.48787628289391
2024-11-04 17:39:37,4.199655568800195,0.457,26.437220450515156,4.199734429910205,0.4572800000000003,25.53175923119578
2024-11-04 17:39:37,4.199819862778808,0.458,26.437220450515156,4.199734429910205,0.4573200000000003,25.575642179497645
2024-11-04 17:39:38,4.199819862778808,0.458,24.9947353287605,4.199747573428483,0.45736000000000027,25.561022601896124
2024-11-04 17:39:38,4.199819862778808,0.458,24.9947353287605,4.199747573428483,0.45740000000000014,25.53217289946102
2024-11-04 17:39:38,4.199819862778808,0.457,25.72571420883662,4.19976071694676,0.45740000000000014,25.57729925113909
2024-11-04 17:39:38,4.199819862778808,0.457,24.2430730354219,4.19978043222416,0.45740000000000014,25.562266005272328
2024-11-04 17:39:39,4.200477038696013,0.457,24.9947353287605,4.19980671926085,0.45740000000000014,25.547646427670806
2024-11-04 17:39:39,4.199819862778808,0.457,27.80614130216054,4.19980671926085,0.4573600000000001,25.6038745471388
2024-11-04 17:39:39,4.200477038696013,0.457,24.9947353287605,4.199852721574938,0.4573200000000001,25.589254969537283
2024-11-04 17:39:39,4.199819862778808,0.457,23.469396624933097,4.19987243685234,0.4572800000000003,25.52989849302564
2024-11-04 17:39:40,4.199984156757696,0.457,25.72571420883662,4.199865865093174,0.4572400000000003,25.52989849302564
2024-11-04 17:39:40,4.20014845073686,0.457,24.2430730354219,4.199892152129774,0.45720000000000044,25.514865247158863
2024-11-04 17:39:40,4.200312744716299,0.457,23.469396624933097,4.199905295648117,0.45720000000000044,25.49939171894909
2024-11-04 17:39:40,4.199655568800195,0.458,24.9947353287605,4.199905295648117,0.4572400000000003,25.470542016513996
2024-11-04 17:39:41,4.20014845073686,0.458,24.2430730354219,4.199911867407283,0.45728000000000024,25.455508770647228
2024-11-04 17:39:41,4.199819862778808,0.457,25.72571420883662,4.199918439166428,0.45728000000000013,25.470128348248746
2024-11-04 17:39:41,4.200477038696013,0.457,26.437220450515156,4.19993815444396,0.45728000000000013,25.470128348248746
2024-11-04 17:39:41,4.20014845073686,0.457,25.72571420883662,4.199957869721427,0.4572400000000002,25.45589822341518
2024-11-04 17:39:42,4.199984156757696,0.457,24.2430730354219,4.19997758499886,0.4572000000000002,25.42624539994688
2024-11-04 17:39:42,4.199326980843797,0.457,24.2430730354219,4.19995786972146,0.4572000000000003,25.36849967977174
2024-11-04 17:39:42,4.200312744716299,0.457,24.9947353287605,4.1999644414806365,0.45720000000000033,25.35388010217022
2024-11-04 17:39:42,4.199984156757696,0.457,26.437220450515156,4.199971013239792,0.45720000000000044,25.353880102170216
2024-11-04 17:39:43,4.200312744716299,0.457,25.72571420883662,4.1999907285172915,0.45720000000000044,25.339649977336638
2024-11-04 17:39:43,4.20014845073686,0.457,25.72571420883662,4.199990728517292,0.45720000000000044,25.354269554938163
2024-11-04 17:39:43,4.199984156757696,0.457,25.72571420883662,4.200003872035592,0.45720000000000044,25.368889132539678
2024-11-04 17:39:43,4.20014845073686,0.457,27.13035904417916,4.2000235873130585,0.45720000000000044,25.396982029246534
2024-11-04 17:39:44,4.200312744716299,0.457,25.72571420883662,4.200043302590557,0.45716000000000034,25.426634852714834
2024-11-04 17:39:44,4.199655568800195,0.457,26.437220450515156,4.200036730831413,0.4571200000000004,25.426634852714834
2024-11-04 17:39:44,4.20014845073686,0.457,24.9947353287605,4.200049874349734,0.45708000000000043,25.383922378406456
2024-11-04 17:39:44,4.20014845073686,0.457,25.72571420883662,4.2000630178680565,0.45708000000000043,25.398541956007985
2024-11-04 17:39:45,4.200312744716299,0.457,26.437220450515156,4.200082733145556,0.45708000000000043,25.427391658443074
2024-11-04 17:39:45,4.199984156757696,0.457,25.72571420883662,4.200063017868024,0.4570800000000005,25.4420112360446
2024-11-04 17:39:45,4.200641332676002,0.457,24.9947353287605,4.200095876663911,0.4570800000000005,25.442011236044603
2024-11-04 17:39:45,4.20014845073686,0.457,24.2430730354219,4.200082733145546,0.4570800000000005,25.39812828774274
2024-11-04 17:39:46,4.199819862778808,0.457,25.72571420883662,4.200082733145546,0.4570800000000005,25.41274786534426
2024-11-04 17:39:46,4.199655568800195,0.457,25.72571420883662,4.200069589627246,0.4570800000000005,25.412747865344254
2024-11-04 17:39:46,4.20014845073686,0.456,24.2430730354219,4.200069589627247,0.45704000000000033,25.328299420633435
2024-11-04 17:39:46,4.200312744716299,0.456,27.13035904417916,4.200069589627246,0.4570000000000003,25.40151866901835
2024-11-04 17:39:47,4.199984156757696,0.456,25.72571420883662,4.200082733145546,0.45692000000000027,25.431171492486648
2024-11-04 17:39:47,4.20014845073686,0.457,24.9947353287605,4.200082733145546,0.4568800000000003,25.461678266563197
2024-11-04 17:39:47,4.20014845073686,0.457,25.72571420883662,4.200095876663869,0.4568800000000003,25.47629784416472
2024-11-04 17:39:47,4.199819862778808,0.457,24.9947353287605,4.20006958962718,0.4568800000000003,25.461678266563197
2024-11-04 17:39:48,4.199819862778808,0.456,26.437220450515156,4.200056446108857,0.45684000000000025,25.461678266563194
2024-11-04 17:39:48,4.201134214617624,0.456,27.13035904417916,4.200102448423254,0.4568000000000002,25.47554103843647
2024-11-04 17:39:48,4.200477038696013,0.456,26.437220450515156,4.200148450737344,0.45676000000000017,25.504390740871568
2024-11-04 17:39:48,4.199491274821859,0.456,24.9947353287605,4.200115591941567,0.4567200000000001,25.48977116327005
2024-11-04 17:39:49,4.200312744716299,0.456,24.2430730354219,4.20012873545991,0.4566800000000001,25.432025443094908
2024-11-04 17:39:49,4.199984156757696,0.456,25.72571420883662,4.200115591941567,0.45664,25.477151794772972
2024-11-04 17:39:49,4.20014845073686,0.456,26.437220450515156,4.200115591941567,0.45659999999999995,25.49138191960654
2024-11-04 17:39:49,4.200312744716299,0.456,25.72571420883662,4.20012873545991,0.4565599999999999,25.49138191960654
2024-11-04 17:39:50,4.200312744716299,0.456,25.72571420883662,4.200135307219087,0.45651999999999987,25.477151794772972
2024-11-04 17:39:50,4.20014845073686,0.456,25.72571420883662,4.200128735459909,0.45647999999999983,25.462921669939398
2024-11-04 17:39:50,4.200312744716299,0.456,26.437220450515156,4.200155022496554,0.45643999999999985,25.491771372374497
2024-11-04 17:39:50,4.199984156757696,0.456,25.72571420883662,4.200148450737387,0.45639999999999986,25.506390949976012
2024-11-04 17:39:51,4.200312744716299,0.456,24.9947353287605,4.200155022496563,0.4563599999999999,25.49177137237449
2024-11-04 17:39:51,4.200312744716299,0.456,27.13035904417916,4.200155022496563,0.45631999999999984,25.54951709254964
2024-11-04 17:39:51,4.199819862778808,0.456,27.13035904417916,4.200148450737408,0.4562799999999998,25.59222956685801
2024-11-04 17:39:51,4.200477038696013,0.456,23.469396624933097,4.200141878978208,0.45623999999999976,25.50549467331346
2024-11-04 17:39:52,4.199984156757696,0.456,27.80614130216054,4.200135307219042,0.4561999999999997,25.561722792781467
2024-11-04 17:39:52,4.200477038696013,0.456,25.72571420883662,4.200161594255731,0.45615999999999973,25.606849144459538
2024-11-04 17:39:52,4.20014845073686,0.456,23.469396624933097,4.200181309533198,0.45611999999999975,25.56172279278147
2024-11-04 17:39:52,4.200641332676002,0.456,24.2430730354219,4.200201024810765,0.45611999999999975,25.561722792781467
2024-11-04 17:39:53,4.200312744716299,0.456,26.437220450515156,4.200201024810765,0.45611999999999975,25.621079269293112
2024-11-04 17:39:53,4.199819862778808,0.456,26.437220450515156,4.200194453051609,0.4561199999999998,25.649928971728205
2024-11-04 17:39:53,4.200312744716299,0.456,25.72571420883662,4.200201024810787,0.45607999999999976,25.6795817951965
2024-11-04 17:39:53,4.20014845073686,0.456,24.2430730354219,4.200201024810787,0.4560399999999998,25.649928971728208
2024-11-04 17:39:54,4.200641332676002,0.456,26.437220450515156,4.200233883606675,0.4559999999999998,25.649928971728205
2024-11-04 17:39:54,4.200641332676002,0.456,27.80614130216054,4.2002667424025635,0.4559999999999998,25.691537513594675
2024-11-04 17:39:54,4.200312744716299,0.456,24.9947353287605,4.20023388360651,0.4559999999999998,25.706570759461453
2024-11-04 17:39:54,4.20014845073686,0.456,24.9947353287605,4.200220740088143,0.4559999999999998,25.721604005328228
2024-11-04 17:39:55,4.199984156757696,0.456,24.9947353287605,4.200240455365576,0.4559999999999998,25.72160400532822
2024-11-04 17:39:55,4.20014845073686,0.456,24.2430730354219,4.200233883606399,0.4559999999999998,25.677721057026357
2024-11-04 17:39:55,4.200641332676002,0.456,23.469396624933097,4.200260170643131,0.4559999999999998,25.63259470534829
2024-11-04 17:39:55,4.200312744716299,0.456,26.437220450515156,4.200266742402309,0.4559999999999998,25.64682483018186
2024-11-04 17:39:56,4.200312744716299,0.456,28.465495270963004,4.200266742402309,0.4559999999999998,25.701620451424386
2024-11-04 17:39:56,4.200312744716299,0.455,25.72571420883662,4.200266742402309,0.45595999999999975,25.67352755471753
2024-11-04 17:39:56,4.200312744716299,0.455,24.9947353287605,4.200273314161485,0.4559199999999997,25.65890797711601
2024-11-04 17:39:56,4.200312744716299,0.456,24.9947353287605,4.200273314161484,0.4559199999999997,25.630058274680913
2024-11-04 17:39:57,4.200312744716299,0.456,23.469396624933097,4.2002864576798284,0.4559199999999997,25.59955150060437
2024-11-04 17:39:57,4.20014845073686,0.455,24.9947353287605,4.200279885920651,0.4558799999999997,25.58493192300284
2024-11-04 17:39:57,4.200477038696013,0.455,24.9947353287605,4.20028645767984,0.4558399999999996,25.556082220567756
2024-11-04 17:39:57,4.200805626656267,0.455,26.437220450515156,4.2003258882349375,0.45579999999999954,25.570312345401316
2024-11-04 17:39:58,4.200641332676002,0.456,23.469396624933097,4.200332459994137,0.45579999999999954,25.539805571324774
2024-11-04 17:39:58,4.200641332676002,0.456,24.9947353287605,4.2003587470308705,0.45579999999999965,25.554838817191538
2024-11-04 17:39:58,4.200641332676002,0.455,24.2430730354219,4.200365318790071,0.45575999999999967,25.52518599372326
2024-11-04 17:39:58,4.200312744716299,0.455,25.72571420883662,4.200371890549248,0.4557199999999996,25.52518599372325
2024-11-04 17:39:59,4.200969920636808,0.455,27.13035904417916,4.200385034067681,0.45567999999999953,25.5829317138984
2024-11-04 17:39:59,4.200805626656267,0.455,24.9947353287605,4.20040474934528,0.4556399999999996,25.540219239590023
2024-11-04 17:39:59,4.20014845073686,0.455,24.9947353287605,4.200417892863603,0.4555999999999996,25.52559966198851
2024-11-04 17:39:59,4.200477038696013,0.455,24.9947353287605,4.200424464622792,0.45555999999999963,25.525599661988508
2024-11-04 17:40:00,4.200312744716299,0.455,22.672238853203226,4.200431036381969,0.4555199999999996,25.464530154875842
2024-11-04 17:40:00,4.200477038696013,0.456,27.13035904417916,4.200424464622769,0.4555199999999996,25.507242629184212
2024-11-04 17:40:00,4.200477038696013,0.456,25.72571420883662,4.200417892863569,0.4555199999999996,25.493012504350634
2024-11-04 17:40:00,4.200477038696013,0.455,26.437220450515156,4.200424464622757,0.4554799999999996,25.479149732477364
2024-11-04 17:40:01,4.200477038696013,0.455,24.9947353287605,4.200437608141124,0.4554399999999996,25.450300030042268
2024-11-04 17:40:01,4.199655568800195,0.455,27.13035904417916,4.200424464622824,0.45539999999999964,25.493012504350645
2024-11-04 17:40:01,4.200805626656267,0.455,26.437220450515156,4.2004507516595995,0.4553599999999996,25.536895452652505
2024-11-04 17:40:01,4.200312744716299,0.455,24.9947353287605,4.200437608141211,0.4553199999999996,25.522275875050994
2024-11-04 17:40:02,4.20014845073686,0.455,24.9947353287605,4.200431036382033,0.45527999999999963,25.49342617261589
2024-11-04 17:40:02,4.200477038696013,0.456,24.2430730354219,4.200437608141223,0.45527999999999963,25.46377334914761
2024-11-04 17:40:02,4.200641332676002,0.456,21.84997632024192,4.200450751659612,0.4553199999999996,25.386258591375707
2024-11-04 17:40:02,4.200312744716299,0.455,25.72571420883662,4.200450751659611,0.4553199999999996,25.386258591375707
2024-11-04 17:40:03,4.200477038696013,0.455,24.2430730354219,4.2004573234187985,0.45527999999999963,25.342375643073844
2024-11-04 17:40:03,4.200641332676002,0.455,25.72571420883662,4.200470466937187,0.4552399999999996,25.342375643073836
2024-11-04 17:40:03,4.200312744716299,0.455,25.72571420883662,4.200477038696364,0.4552399999999996,25.356995220675362
2024-11-04 17:40:03,4.201134214617624,0.455,27.13035904417916,4.200503325733228,0.4552399999999996,25.35699522067536
2024-11-04 17:40:04,4.200641332676002,0.455,26.437220450515156,4.200496753974019,0.4552399999999996,25.34313244880208
2024-11-04 17:40:04,4.20014845073686,0.455,25.72571420883662,4.200477038696453,0.45519999999999955,25.388258800480145
2024-11-04 17:40:04,4.200477038696013,0.454,24.9947353287605,4.200470466937254,0.4551199999999996,25.332030681012142
2024-11-04 17:40:04,4.200477038696013,0.454,24.2430730354219,4.200463895178055,0.45507999999999965,25.302377857543853
2024-11-04 17:40:05,4.200312744716299,0.455,24.9947353287605,4.2004638951780535,0.45507999999999965,25.332884631620406
2024-11-04 17:40:05,4.200312744716299,0.455,26.437220450515156,4.200437608141233,0.45507999999999965,25.376767579922262
2024-11-04 17:40:05,4.200805626656267,0.455,25.72571420883662,4.2004376081412325,0.45507999999999965,25.362537455088685
2024-11-04 17:40:05,4.199819862778808,0.455,26.437220450515156,4.200424464622911,0.45507999999999965,25.362537455088695
2024-11-04 17:40:06,4.200805626656267,0.455,26.437220450515156,4.200437608141321,0.45507999999999965,25.376767579922262
2024-11-04 17:40:06,4.200805626656267,0.455,24.9947353287605,4.20045732341892,0.45507999999999965,25.391800825789037
2024-11-04 17:40:06,4.200805626656267,0.455,29.73826698279845,4.20047046693733,0.4550399999999996,25.45782175643471
2024-11-04 17:40:06,4.20014845073686,0.455,26.437220450515156,4.200457323418964,0.45499999999999957,25.4304433394018
2024-11-04 17:40:07,4.200641332676002,0.455,24.2430730354219,4.200463895178163,0.45499999999999957,25.415410093535023
2024-11-04 17:40:07,4.200477038696013,0.455,25.72571420883662,4.200463895178163,0.45499999999999957,25.430029671136552
2024-11-04 17:40:07,4.200969920636808,0.455,25.72571420883662,4.200516469251628,0.45499999999999957,25.44464924873807
2024-11-04 17:40:07,4.200805626656267,0.455,25.72571420883662,4.200516469251628,0.45499999999999957,25.474302072206363
2024-11-04 17:40:08,4.201462802580083,0.455,25.72571420883662,4.2005624715661805,0.45499999999999957,25.519428423884428
2024-11-04 17:40:08,4.200312744716299,0.455,25.72571420883662,4.200569043325357,0.45499999999999957,25.50519829905086
2024-11-04 17:40:08,4.200969920636808,0.454,23.469396624933097,4.200588758602988,0.4549199999999997,25.405276326130256
2024-11-04 17:40:08,4.200805626656267,0.454,27.13035904417916,4.2005953303622,0.45483999999999974,25.433369222837108
2024-11-04 17:40:09,4.200805626656267,0.454,25.72571420883662,4.200615045639797,0.45479999999999976,25.447988800438633
2024-11-04 17:40:09,4.200641332676002,0.454,26.437220450515156,4.200621617398998,0.45475999999999983,25.476838502873726
2024-11-04 17:40:09,4.200477038696013,0.454,24.9947353287605,4.200615045639799,0.45472,25.507345276950268
2024-11-04 17:40:09,4.200969920636808,0.454,26.437220450515156,4.200641332676618,0.4546800000000001,25.536194979385364
2024-11-04 17:40:10,4.200805626656267,0.454,26.437220450515156,4.200628189158164,0.4546400000000002,25.565044681820464
2024-11-04 17:40:10,4.200805626656267,0.454,25.72571420883662,4.2006347609173735,0.4546000000000002,25.550814556986897
2024-11-04 17:40:10,4.200312744716299,0.454,25.72571420883662,4.20064133267655,0.45456000000000024,25.59594090866496
2024-11-04 17:40:10,4.200969920636808,0.454,24.2430730354219,4.200661047954182,0.45456000000000024,25.580907662798197
2024-11-04 17:40:11,4.200805626656267,0.454,24.9947353287605,4.200674191472594,0.45456000000000024,25.59594090866496
2024-11-04 17:40:11,4.200969920636808,0.454,26.437220450515156,4.200700478509414,0.45452000000000026,25.610171033498535
2024-11-04 17:40:11,4.200641332676002,0.454,24.9947353287605,4.200713622027802,0.4544800000000003,25.567458559190158
2024-11-04 17:40:11,4.200641332676002,0.454,24.9947353287605,4.2007070502685915,0.4544400000000003,25.567458559190165
2024-11-04 17:40:12,4.200312744716299,0.454,27.13035904417916,4.20072676554609,0.45440000000000036,25.61017103349853
2024-11-04 17:40:12,4.200641332676002,0.455,26.437220450515156,4.200720193786881,0.45440000000000025,25.639020735933627
2024-11-04 17:40:12,4.201298508598716,0.455,25.72571420883662,4.200739909064579,0.4544000000000002,25.700090243046297
2024-11-04 17:40:12,4.200969920636808,0.454,24.9947353287605,4.200746480823799,0.4543600000000002,25.65737776873792
2024-11-04 17:40:13,4.200312744716299,0.454,24.2430730354219,4.200753052582977,0.45432000000000017,25.62772494526963
2024-11-04 17:40:13,4.201134214617624,0.454,24.9947353287605,4.200772767860642,0.4542800000000002,25.598875242834534
2024-11-04 17:40:13,4.200312744716299,0.454,24.9947353287605,4.200766196101454,0.45424000000000014,25.598875242834527
2024-11-04 17:40:13,4.200312744716299,0.454,24.9947353287605,4.200739909064634,0.45420000000000016,25.55616276852616
2024-11-04 17:40:14,4.200641332676002,0.453,26.437220450515156,4.200733337305422,0.4541200000000002,25.556162768526157
2024-11-04 17:40:14,4.200805626656267,0.453,24.9947353287605,4.200707050268469,0.4540400000000002,25.55616276852616
2024-11-04 17:40:14,4.200641332676002,0.454,21.84997632024192,4.200720193786858,0.4540000000000002,25.493267588355792
2024-11-04 17:40:14,4.200805626656267,0.454,24.2430730354219,4.200713622027637,0.4540000000000002,25.4932675883558
2024-11-04 17:40:15,4.201134214617624,0.454,23.469396624933097,4.20072676554609,0.4540000000000002,25.525655994449618
2024-11-04 17:40:15,4.200641332676002,0.454,23.469396624933097,4.20072019378688,0.4540000000000002,25.480529642771547
2024-11-04 17:40:15,4.200805626656267,0.454,25.72571420883662,4.200726765546091,0.4540000000000002,25.51018246623984
2024-11-04 17:40:15,4.201298508598716,0.454,24.9947353287605,4.2007596243422,0.4540000000000003,25.495562888638318
2024-11-04 17:40:16,4.200805626656267,0.454,25.72571420883662,4.200753052582979,0.4540000000000003,25.495562888638325
2024-11-04 17:40:16,4.200969920636808,0.454,27.13035904417916,4.2007596243422,0.4540000000000002,25.495562888638318
2024-11-04 17:40:16,4.200641332676002,0.454,24.9947353287605,4.200753052582989,0.4540000000000003,25.466713186203233
2024-11-04 17:40:16,4.200969920636808,0.454,24.9947353287605,4.20077933961981,0.4540000000000003,25.452093608601704
2024-11-04 17:40:17,4.200969920636808,0.454,26.437220450515156,4.2007793396198085,0.4540000000000003,25.48094331103679
2024-11-04 17:40:17,4.201462802580083,0.454,25.72571420883662,4.200805626656762,0.4540000000000003,25.510596134505086
2024-11-04 17:40:17,4.201134214617624,0.454,27.80614130216054,4.200812198415995,0.4540000000000003,25.566824253973092
2024-11-04 17:40:17,4.201134214617624,0.454,25.72571420883662,4.2008319136936585,0.4540000000000003,25.552594129139514
2024-11-04 17:40:18,4.200969920636808,0.453,25.72571420883662,4.2008450572120895,0.4539600000000003,25.552594129139507
2024-11-04 17:40:18,4.201134214617624,0.453,25.72571420883662,4.200877916008142,0.4539200000000003,25.53836400430594
2024-11-04 17:40:18,4.201298508598716,0.453,25.72571420883662,4.2009042030450505,0.4538400000000003,25.524133879472366
2024-11-04 17:40:18,4.200805626656267,0.453,25.72571420883662,4.200884487767353,0.45376000000000016,25.53875345707389
2024-11-04 17:40:19,4.200641332676002,0.453,26.437220450515156,4.200871344248921,0.4537200000000001,25.472732526428228
2024-11-04 17:40:19,4.200805626656267,0.453,28.465495270963004,4.200891059526521,0.4536800000000001,25.51329802283718
2024-11-04 17:40:19,4.200969920636808,0.453,24.9947353287605,4.200884487767288,0.45364,25.528331268703955
2024-11-04 17:40:19,4.20014845073686,0.453,27.13035904417916,4.20087791600811,0.4536,25.556424165410807
2024-11-04 17:40:20,4.200805626656267,0.453,24.9947353287605,4.200897631285709,0.45355999999999996,25.54180458780929
2024-11-04 17:40:20,4.200969920636808,0.453,25.72571420883662,4.200910774804142,0.45355999999999985,25.541804587809292
2024-11-04 17:40:20,4.200969920636808,0.454,24.9947353287605,4.200917346563363,0.45359999999999995,25.527185010207774
2024-11-04 17:40:20,4.200969920636808,0.454,26.437220450515156,4.200930490081796,0.45359999999999995,25.541415135041344
2024-11-04 17:40:21,4.200969920636808,0.453,26.437220450515156,4.2009370618410165,0.45355999999999985,25.600771611552982
2024-11-04 17:40:21,4.201134214617624,0.453,26.437220450515156,4.2009370618410165,0.4535199999999998,25.5869088396797
2024-11-04 17:40:21,4.201134214617624,0.453,26.437220450515156,4.20095677711868,0.45347999999999977,25.601138964513275
2024-11-04 17:40:21,4.200969920636808,0.453,23.469396624933097,4.2009633488779015,0.45343999999999973,25.54178248800163
2024-11-04 17:40:22,4.201298508598716,0.453,27.13035904417916,4.2009633488779015,0.4533999999999997,25.58449496231001
2024-11-04 17:40:22,4.201134214617624,0.453,24.9947353287605,4.2009764923963555,0.4533599999999997,25.555645259874915
2024-11-04 17:40:22,4.200969920636808,0.453,24.9947353287605,4.200976492396354,0.4533199999999997,25.52679555743982
2024-11-04 17:40:22,4.201134214617624,0.453,24.9947353287605,4.20099620767402,0.45327999999999974,25.512175979838307
2024-11-04 17:40:23,4.201462802580083,0.453,27.13035904417916,4.201015922951752,0.45323999999999975,25.540268876545152
2024-11-04 17:40:23,4.201627096561725,0.453,26.437220450515156,4.20104220998875,0.45319999999999977,25.584151824847023
2024-11-04 17:40:23,4.200969920636808,0.453,24.9947353287605,4.201022494711019,0.45315999999999973,25.584151824847016
2024-11-04 17:40:23,4.200805626656267,0.452,25.72571420883662,4.201009351192565,0.45307999999999987,25.569921700013445
2024-11-04 17:40:24,4.201134214617624,0.452,24.9947353287605,4.201009351192565,0.45299999999999996,25.569921700013442
2024-11-04 17:40:24,4.201134214617624,0.452,24.9947353287605,4.201015922951798,0.4529600000000001,25.569921700013445
2024-11-04 17:40:24,4.201462802580083,0.453,24.9947353287605,4.201029066470297,0.45296,25.527209225705068
2024-11-04 17:40:24,4.200641332676002,0.453,26.437220450515156,4.20100277943339,0.4529599999999999,25.527209225705075
2024-11-04 17:40:25,4.201134214617624,0.452,24.2430730354219,4.201015922951843,0.45292,25.497556402236775
2024-11-04 17:40:25,4.201462802580083,0.452,26.437220450515156,4.201048781748008,0.4528800000000001,25.526406104671867
2024-11-04 17:40:25,4.200805626656267,0.452,25.72571420883662,4.201048781748007,0.45284000000000013,25.556058928140157
2024-11-04 17:40:25,4.201298508598716,0.452,26.437220450515156,4.201061925266482,0.45280000000000015,25.584908630575246
2024-11-04 17:40:26,4.200969920636808,0.452,24.9947353287605,4.20109478406248,0.4527600000000003,25.58490863057525
2024-11-04 17:40:26,4.201134214617624,0.452,26.437220450515156,4.201107927580934,0.45272000000000034,25.613758333010338
2024-11-04 17:40:26,4.200969920636808,0.452,24.2430730354219,4.201107927580934,0.45268000000000036,25.56987538470848
2024-11-04 17:40:26,4.200969920636808,0.452,23.469396624933097,4.201107927580934,0.4526000000000004,25.539368610631936
2024-11-04 17:40:27,4.200969920636808,0.452,27.13035904417916,4.201107927580933,0.4525200000000005,25.644976265110678
2024-11-04 17:40:27,4.201462802580083,0.452,24.9947353287605,4.201127642858665,0.4524800000000005,25.660009510977453
2024-11-04 17:40:27,4.201627096561725,0.452,24.9947353287605,4.20114735813643,0.4524400000000005,25.690516285053995
2024-11-04 17:40:27,4.201134214617624,0.452,24.9947353287605,4.201147358136428,0.4524000000000005,25.721023059130548
2024-11-04 17:40:28,4.200477038696013,0.452,26.437220450515156,4.201127642858797,0.4523600000000005,25.735253183964115
2024-11-04 17:40:28,4.200641332676002,0.452,25.72571420883662,4.20110135582189,0.4523200000000005,25.74987276156564
2024-11-04 17:40:28,4.200805626656267,0.452,24.9947353287605,4.201088212303436,0.45228000000000046,25.73525318396412
2024-11-04 17:40:28,4.201134214617624,0.451,26.437220450515156,4.2010947840626685,0.45220000000000043,25.72139041209083
2024-11-04 17:40:29,4.201134214617624,0.451,24.9947353287605,4.2010947840626685,0.4521200000000004,25.721390412090837
2024-11-04 17:40:29,4.200805626656267,0.452,24.2430730354219,4.201068497025716,0.4520800000000004,25.706357166224063
2024-11-04 17:40:29,4.201134214617624,0.452,26.437220450515156,4.201048781747951,0.45204000000000044,25.706357166224063
2024-11-04 17:40:29,4.201298508598716,0.452,22.672238853203226,4.201061925266427,0.4520000000000004,25.645287659111396
2024-11-04 17:40:30,4.200641332676002,0.452,24.2430730354219,4.201055353507217,0.4520000000000004,25.574026293776623
2024-11-04 17:40:30,4.201791390543644,0.452,27.80614130216054,4.201081640544257,0.4520000000000004,25.615634835643103
2024-11-04 17:40:30,4.200969920636808,0.452,24.2430730354219,4.201075068785023,0.45200000000000046,25.585982012174814
2024-11-04 17:40:30,4.201134214617624,0.452,24.9947353287605,4.201061925266524,0.4519600000000005,25.57136243457329
2024-11-04 17:40:31,4.201462802580083,0.451,27.13035904417916,4.201094784062689,0.4518800000000005,25.599455331280147
2024-11-04 17:40:31,4.201134214617624,0.451,27.13035904417916,4.201094784062689,0.45184000000000046,25.627548227986992
2024-11-04 17:40:31,4.201298508598716,0.452,26.437220450515156,4.201088212303435,0.45184000000000046,25.627548227986992
2024-11-04 17:40:31,4.201134214617624,0.452,26.437220450515156,4.201101355821888,0.45184000000000046,25.586982731578036
2024-11-04 17:40:32,4.201298508598716,0.452,26.437220450515156,4.201101355821888,0.45184000000000046,25.61583243401313
2024-11-04 17:40:32,4.201298508598716,0.452,25.72571420883662,4.201114499340364,0.45184000000000046,25.58773953730628
2024-11-04 17:40:32,4.201298508598716,0.452,25.72571420883662,4.201121071099608,0.45184000000000046,25.602359114907795
2024-11-04 17:40:32,4.200805626656267,0.452,24.9947353287605,4.201114499340386,0.45184000000000046,25.587739537306273
2024-11-04 17:40:33,4.200969920636808,0.451,26.437220450515156,4.201114499340386,0.4518000000000004,25.616589239741362
2024-11-04 17:40:33,4.200969920636808,0.451,24.2430730354219,4.201114499340386,0.45176000000000044,25.572706291439495
2024-11-04 17:40:33,4.201462802580083,0.452,27.80614130216054,4.201114499340386,0.45176000000000044,25.60008470847241
2024-11-04 17:40:33,4.201298508598716,0.452,24.9947353287605,4.201101355821867,0.45176000000000044,25.571235006037313
2024-11-04 17:40:34,4.201627096561725,0.451,24.9947353287605,4.201121071099632,0.4517200000000004,25.542385303602217
2024-11-04 17:40:34,4.201134214617624,0.451,24.9947353287605,4.201147358136496,0.45168000000000036,25.572892077678762
2024-11-04 17:40:34,4.201134214617624,0.451,26.437220450515156,4.20116707341416,0.4516400000000003,25.55902930580549
2024-11-04 17:40:34,4.201791390543644,0.451,26.437220450515156,4.201206503969655,0.4516000000000002,25.587879008240588
2024-11-04 17:40:35,4.201134214617624,0.451,24.9947353287605,4.2012065039696544,0.4516000000000002,25.58787900824059
2024-11-04 17:40:35,4.200641332676002,0.451,26.437220450515156,4.20118678869199,0.4516000000000002,25.61672871067568
2024-11-04 17:40:35,4.201134214617624,0.451,24.2430730354219,4.201199932210444,0.4515600000000002,25.55898299050053
2024-11-04 17:40:35,4.201791390543644,0.451,25.72571420883662,4.201226219247484,0.45152000000000014,25.54475286566697
2024-11-04 17:40:36,4.200805626656267,0.451,25.72571420883662,4.201206503969787,0.45148000000000016,25.559372443268487
2024-11-04 17:40:36,4.201627096561725,0.451,25.72571420883662,4.2012459345252156,0.4514400000000002,25.559372443268487
2024-11-04 17:40:36,4.200969920636808,0.451,25.72571420883662,4.201213075728942,0.45140000000000025,25.57399202087
2024-11-04 17:40:36,4.200969920636808,0.451,24.2430730354219,4.201213075728942,0.45136000000000026,25.558958775003234
2024-11-04 17:40:37,4.201134214617624,0.451,27.13035904417916,4.201213075728942,0.4513200000000003,25.60167124931161
2024-11-04 17:40:37,4.201134214617624,0.451,24.9947353287605,4.201199932210444,0.4513200000000003,25.572821546876515
2024-11-04 17:40:37,4.201298508598716,0.451,25.72571420883662,4.201206503969688,0.4513200000000003,25.602474370344808
2024-11-04 17:40:37,4.201462802580083,0.451,24.9947353287605,4.201213075728942,0.4512800000000003,25.573624667909712
2024-11-04 17:40:38,4.200805626656267,0.451,25.72571420883662,4.201199932210488,0.4512400000000003,25.573624667909716
2024-11-04 17:40:38,4.201134214617624,0.451,27.13035904417916,4.201193360451246,0.45120000000000027,25.587487439782993
2024-11-04 17:40:38,4.201462802580083,0.451,24.2430730354219,4.2011999322105,0.4511600000000003,25.57245419391623
2024-11-04 17:40:38,4.200805626656267,0.451,25.72571420883662,4.201180216932801,0.45112000000000024,25.55822406908265
2024-11-04 17:40:39,4.201298508598716,0.451,25.72571420883662,4.2011999322105,0.45108000000000026,25.58787689255095
2024-11-04 17:40:39,4.201298508598716,0.451,27.80614130216054,4.201213075728976,0.45108000000000026,25.674611786095493
2024-11-04 17:40:39,4.201298508598716,0.451,26.437220450515156,4.201226219247453,0.45108000000000026,25.66074901422222
2024-11-04 17:40:39,4.201955684525837,0.451,25.72571420883662,4.201245934525284,0.4510400000000003,25.675368591823734
2024-11-04 17:40:40,4.200969920636808,0.45,24.9947353287605,4.201232791006808,0.4509600000000002,25.67536859182374
2024-11-04 17:40:40,4.201298508598716,0.45,24.2430730354219,4.201219647488286,0.45092000000000015,25.660335345956966
2024-11-04 17:40:40,4.201462802580083,0.45,24.9947353287605,4.2012327910067855,0.45088000000000006,25.631485643521877
2024-11-04 17:40:40,4.201298508598716,0.45,25.72571420883662,4.201239362766029,0.45084,25.631485643521874
2024-11-04 17:40:41,4.201462802580083,0.451,24.2430730354219,4.201226219247487,0.45084,25.616452397655106
2024-11-04 17:40:41,4.201627096561725,0.451,23.469396624933097,4.201245934525251,0.45084,25.557095921143464
2024-11-04 17:40:41,4.201627096561725,0.45,24.2430730354219,4.201285365080682,0.4508,25.542062675276696
2024-11-04 17:40:41,4.201134214617624,0.45,25.72571420883662,4.20128536508068,0.45076,25.57171549874499
2024-11-04 17:40:42,4.200969920636808,0.45,24.2430730354219,4.201252506284407,0.45071999999999995,25.527832550443133
2024-11-04 17:40:42,4.201298508598716,0.45,27.13035904417916,4.201272221562104,0.4506799999999999,25.616994954262644
2024-11-04 17:40:42,4.201298508598716,0.45,27.13035904417916,4.201259078043584,0.4506399999999999,25.674740674437793
2024-11-04 17:40:42,4.201134214617624,0.45,26.437220450515156,4.201265649802816,0.4505999999999997,25.647362257404883
2024-11-04 17:40:43,4.201298508598716,0.45,27.13035904417916,4.201278793321292,0.4505599999999997,25.705107977580024
2024-11-04 17:40:43,4.201134214617624,0.45,27.13035904417916,4.201278793321292,0.4505199999999997,25.7478204518884
2024-11-04 17:40:43,4.201134214617624,0.45,24.9947353287605,4.201278793321291,0.45047999999999966,25.705107977580024
2024-11-04 17:40:43,4.201791390543644,0.45,25.72571420883662,4.201298508599088,0.4504399999999996,25.677015080873172
2024-11-04 17:40:44,4.201462802580083,0.45,24.2430730354219,4.201298508599088,0.45039999999999963,25.633132132571305
2024-11-04 17:40:44,4.201298508598716,0.45,25.72571420883662,4.201318223876785,0.45035999999999965,25.61890200773774
2024-11-04 17:40:44,4.201627096561725,0.45,27.13035904417916,4.20133793915455,0.45031999999999966,25.63276477961102
2024-11-04 17:40:44,4.201462802580083,0.45,27.13035904417916,4.201337939154551,0.4502799999999997,25.660857676317875
2024-11-04 17:40:45,4.201791390543644,0.45,27.13035904417916,4.201377369710046,0.45023999999999964,25.688950573024716
2024-11-04 17:40:45,4.201298508598716,0.449,27.13035904417916,4.2013773697100465,0.4501599999999996,25.731663047333086
2024-11-04 17:40:45,4.201134214617624,0.449,25.72571420883662,4.201370797950802,0.45007999999999976,25.71743292249952
2024-11-04 17:40:45,4.201134214617624,0.449,24.2430730354219,4.201364226191559,0.44999999999999984,25.717432922499526
2024-11-04 17:40:46,4.201627096561725,0.45,25.72571420883662,4.2013510826729945,0.4499599999999998,25.67582438063304
2024-11-04 17:40:46,4.201298508598716,0.45,24.2430730354219,4.201364226191472,0.44995999999999986,25.660791134766274
2024-11-04 17:40:46,4.201627096561725,0.449,24.9947353287605,4.201377369709991,0.44992,25.660791134766267
2024-11-04 17:40:46,4.201627096561725,0.449,24.2430730354219,4.201383941469258,0.44988000000000006,25.645757888899503
2024-11-04 17:40:47,4.201462802580083,0.449,25.72571420883662,4.201390513228513,0.4498400000000001,25.631527764065932
2024-11-04 17:40:47,4.201627096561725,0.449,24.9947353287605,4.201397084987779,0.44976000000000016,25.602678061630836
2024-11-04 17:40:47,4.201462802580083,0.449,23.469396624933097,4.201390513228515,0.4496800000000001,25.572171287554294
2024-11-04 17:40:47,4.201627096561725,0.449,27.13035904417916,4.201390513228515,0.4496400000000002,25.586034059427572
2024-11-04 17:40:48,4.201462802580083,0.449,27.80614130216054,4.201403656747014,0.4496000000000003,25.65729542476234
2024-11-04 17:40:48,4.201462802580083,0.45,27.13035904417916,4.201423372024746,0.4496000000000002,25.68538832146919
2024-11-04 17:40:48,4.201134214617624,0.45,26.437220450515156,4.201416800265502,0.44960000000000017,25.699618446302765
2024-11-04 17:40:48,4.201627096561725,0.449,25.72571420883662,4.201429943784022,0.4495600000000002,25.699618446302757
2024-11-04 17:40:49,4.201627096561725,0.449,23.469396624933097,4.201449659061786,0.4495200000000002,25.65449209462469
2024-11-04 17:40:49,4.201462802580083,0.45,26.437220450515156,4.201456230821041,0.44952000000000014,25.698375042926553
2024-11-04 17:40:49,4.201791390543644,0.45,28.465495270963004,4.20148251785808,0.44952000000000003,25.725077767462224
2024-11-04 17:40:49,4.201791390543644,0.45,24.2430730354219,4.20150880489512,0.4495199999999999,25.71004452159545
2024-11-04 17:40:50,4.201462802580083,0.45,27.13035904417916,4.201495661376578,0.4495199999999999,25.738137418302305
2024-11-04 17:40:50,4.201627096561725,0.45,27.13035904417916,4.201502233135844,0.4495199999999999,25.78084989261067
2024-11-04 17:40:50,4.201462802580083,0.449,25.72571420883662,4.201508804895098,0.44947999999999994,25.780849892610675
2024-11-04 17:40:50,4.201791390543644,0.449,26.437220450515156,4.201515376654374,0.4494399999999999,25.766987120737404
2024-11-04 17:40:51,4.201955684525837,0.449,26.437220450515156,4.201535091932205,0.44939999999999997,25.810870069039275
2024-11-04 17:40:51,4.201627096561725,0.449,26.437220450515156,4.201528520172928,0.4493600000000001,25.825100193872842
2024-11-04 17:40:51,4.201134214617624,0.449,24.9947353287605,4.201521948413683,0.44936000000000015,25.81048061627132
2024-11-04 17:40:51,4.202119978508306,0.449,26.437220450515156,4.201561378969311,0.44936000000000015,25.78310219923841
2024-11-04 17:40:52,4.201462802580083,0.449,26.437220450515156,4.20157452248781,0.4493600000000002,25.78310219923841
2024-11-04 17:40:52,4.201462802580083,0.449,27.13035904417916,4.2015679507285455,0.4493200000000002,25.811195095945262
2024-11-04 17:40:52,4.201791390543644,0.449,27.13035904417916,4.201587666006342,0.44928000000000023,25.853907570253632
2024-11-04 17:40:52,4.201462802580083,0.449,25.72571420883662,4.201581094247076,0.44928000000000035,25.88356039372193
2024-11-04 17:40:53,4.201955684525837,0.449,24.9947353287605,4.20159423776564,0.44928000000000035,25.883560393721933
2024-11-04 17:40:53,4.201955684525837,0.449,25.72571420883662,4.201613953043471,0.44928000000000035,25.88356039372193
2024-11-04 17:40:53,4.201298508598716,0.449,25.72571420883662,4.20160080952495,0.44928000000000035,25.913213217190222
2024-11-04 17:40:53,4.201298508598716,0.449,25.72571420883662,4.201594237765695,0.4492800000000004,25.958339568868286
2024-11-04 17:40:54,4.201627096561725,0.448,24.9947353287605,4.201594237765696,0.44924000000000036,25.97337281473506
2024-11-04 17:40:54,4.201462802580083,0.448,27.80614130216054,4.201594237765697,0.4492000000000003,26.014981356601535
2024-11-04 17:40:54,4.201955684525837,0.448,25.72571420883662,4.201613953043527,0.4491200000000003,26.044634180069835
2024-11-04 17:40:54,4.201791390543644,0.449,24.2430730354219,4.201640240080566,0.4490800000000003,25.986888459894693
2024-11-04 17:40:55,4.202119978508306,0.449,25.72571420883662,4.20165995535843,0.4490800000000003,25.95879556318784
2024-11-04 17:40:55,4.201791390543644,0.449,24.9947353287605,4.201666527117705,0.4490800000000003,25.929945860752746
2024-11-04 17:40:55,4.201462802580083,0.449,26.437220450515156,4.201666527117706,0.4490400000000003,25.91608308887946
2024-11-04 17:40:55,4.201627096561725,0.449,24.9947353287605,4.20165995535843,0.4490000000000003,25.87337061457109
2024-11-04 17:40:56,4.201627096561725,0.448,24.9947353287605,4.201653383599154,0.4489200000000003,25.873370614571094
2024-11-04 17:40:56,4.201462802580083,0.448,24.9947353287605,4.201653383599154,0.4488400000000003,25.858751036969576
2024-11-04 17:40:56,4.201791390543644,0.448,23.469396624933097,4.20165995535843,0.4487600000000003,25.843277508759794
2024-11-04 17:40:56,4.201298508598716,0.448,25.72571420883662,4.201653383599174,0.4487200000000003,25.843277508759794
2024-11-04 17:40:57,4.201791390543644,0.448,24.2430730354219,4.201653383599174,0.44868000000000025,25.785531788584645
2024-11-04 17:40:57,4.201627096561725,0.448,26.437220450515156,4.20164024008061,0.4486400000000002,25.771669016711357
2024-11-04 17:40:57,4.201134214617624,0.448,24.9947353287605,4.201620524802846,0.4486000000000001,25.72895654240299
2024-11-04 17:40:57,4.201627096561725,0.448,25.72571420883662,4.201640240080611,0.44856000000000007,25.700863645696145
2024-11-04 17:40:58,4.201955684525837,0.448,23.469396624933097,4.201633668321312,0.4485200000000001,25.655737294018078
2024-11-04 17:40:58,4.201791390543644,0.448,24.9947353287605,4.201646811839853,0.44848000000000016,25.670770539884842
2024-11-04 17:40:58,4.201955684525837,0.448,24.9947353287605,4.201666527117683,0.44844000000000017,25.656150962283323
2024-11-04 17:40:58,4.201627096561725,0.448,24.9947353287605,4.201659955358406,0.4484000000000002,25.6711842081501
2024-11-04 17:40:59,4.201462802580083,0.448,24.2430730354219,4.201659955358407,0.4483600000000002,25.656150962283323
2024-11-04 17:40:59,4.201791390543644,0.448,26.437220450515156,4.201653383599119,0.4483200000000002,25.70003391058519
2024-11-04 17:40:59,4.201627096561725,0.448,25.72571420883662,4.201640240080556,0.44828000000000023,25.70003391058519
2024-11-04 17:40:59,4.201955684525837,0.448,24.9947353287605,4.2016665271176405,0.4482400000000002,25.700033910585184
2024-11-04 17:41:00,4.201627096561725,0.448,25.72571420883662,4.201679670636161,0.4482000000000002,25.74516026226325
2024-11-04 17:41:00,4.202448566474072,0.448,27.13035904417916,4.201712529432654,0.4482000000000002,25.74516026226326
2024-11-04 17:41:00,4.201791390543644,0.448,24.9947353287605,4.201725672951196,0.44820000000000026,25.688932142795256
2024-11-04 17:41:00,4.202119978508306,0.448,24.2430730354219,4.201732244710495,0.44820000000000026,25.631186422620118
2024-11-04 17:41:01,4.201791390543644,0.448,25.72571420883662,4.201732244710495,0.44816000000000034,25.616956297786547
2024-11-04 17:41:01,4.201791390543644,0.448,23.469396624933097,4.201719101191908,0.44812000000000035,25.57182994610848
2024-11-04 17:41:01,4.202448566474072,0.448,26.437220450515156,4.201745388229124,0.44808000000000026,25.63118642262011
2024-11-04 17:41:01,4.201955684525837,0.448,26.437220450515156,4.201765103506955,0.4480400000000003,25.63118642262011
2024-11-04 17:41:02,4.201462802580083,0.448,25.72571420883662,4.201758531747689,0.44800000000000034,25.576390801377585
2024-11-04 17:41:02,4.201627096561725,0.448,24.9947353287605,4.201758531747689,0.44800000000000034,25.59142404724436
2024-11-04 17:41:02,4.201955684525837,0.448,22.672238853203226,4.201778247025519,0.44800000000000034,25.502261643424834
2024-11-04 17:41:02,4.201791390543644,0.448,24.9947353287605,4.201778247025519,0.44800000000000034,25.459549169116467
2024-11-04 17:41:03,4.202119978508306,0.447,27.13035904417916,4.201811105821903,0.4479600000000003,25.487642065823312
2024-11-04 17:41:03,4.202119978508306,0.447,24.9947353287605,4.201824249340491,0.4479200000000002,25.458792363388216
2024-11-04 17:41:03,4.201791390543644,0.447,25.72571420883662,4.201830821099767,0.44788000000000017,25.444562238554653
2024-11-04 17:41:03,4.201791390543644,0.448,24.9947353287605,4.2018571081368075,0.44788000000000017,25.415712536119557
2024-11-04 17:41:04,4.202119978508306,0.448,24.9947353287605,4.201876823414671,0.44788000000000017,25.415712536119553
2024-11-04 17:41:04,4.202119978508306,0.448,24.9947353287605,4.2018833951739705,0.44788000000000017,25.386862833684468
2024-11-04 17:41:04,4.201955684525837,0.448,24.9947353287605,4.2018899669332574,0.44788000000000017,25.358013131249372
2024-11-04 17:41:04,4.202119978508306,0.447,23.469396624933097,4.201896538692555,0.4478400000000001,25.284793882864445
2024-11-04 17:41:05,4.201627096561725,0.447,25.72571420883662,4.201896538692557,0.4478000000000001,25.256700986157604
2024-11-04 17:41:05,4.201791390543644,0.447,25.72571420883662,4.201909682211099,0.44776000000000005,25.256700986157604
2024-11-04 17:41:05,4.202284272491052,0.447,24.2430730354219,4.201929397488995,0.44772,25.241667740290826
2024-11-04 17:41:05,4.201791390543644,0.447,25.72571420883662,4.201935969248272,0.4476799999999999,25.241667740290833
2024-11-04 17:41:06,4.201791390543644,0.447,24.9947353287605,4.201929397488984,0.44763999999999987,25.227048162689304
2024-11-04 17:41:06,4.201627096561725,0.447,23.469396624933097,4.201929397488985,0.44759999999999983,25.181921811011236
2024-11-04 17:41:06,4.202448566474072,0.447,25.72571420883662,4.201929397488984,0.4475599999999998,25.196541388612758
2024-11-04 17:41:06,4.201791390543644,0.447,24.2430730354219,4.201929397488983,0.44751999999999975,25.125280023277988
2024-11-04 17:41:07,4.202119978508306,0.447,27.80614130216054,4.201929397488983,0.44747999999999977,25.166888565144458
2024-11-04 17:41:07,4.201955684525837,0.447,26.437220450515156,4.201935969248271,0.4474399999999997,25.210771513446325
2024-11-04 17:41:07,4.202119978508306,0.447,27.80614130216054,4.201949112766857,0.44739999999999974,25.252380055312805
2024-11-04 17:41:07,4.201791390543644,0.447,25.72571420883662,4.20192282572964,0.4473599999999997,25.26699963291432
2024-11-04 17:41:08,4.201627096561725,0.447,25.72571420883662,4.201909682211077,0.44731999999999966,25.252769508080746
2024-11-04 17:41:08,4.201627096561725,0.447,25.72571420883662,4.201916253970343,0.44727999999999957,25.26738908568228
2024-11-04 17:41:08,4.202119978508306,0.447,26.437220450515156,4.201935969248207,0.4472399999999995,25.29623878811737
2024-11-04 17:41:08,4.201627096561725,0.447,24.9947353287605,4.201922825729642,0.44719999999999954,25.296238788117368
2024-11-04 17:41:09,4.202284272491052,0.447,24.9947353287605,4.201942541007539,0.4471599999999995,25.32674556219392
2024-11-04 17:41:09,4.201791390543644,0.447,25.72571420883662,4.201929397488953,0.4471599999999995,25.32674556219392
2024-11-04 17:41:09,4.202119978508306,0.447,28.465495270963004,4.201929397488953,0.4471599999999995,25.411194006904733
2024-11-04 17:41:09,4.201627096561725,0.447,25.72571420883662,4.2019228257296755,0.4471599999999995,25.39696388207117
2024-11-04 17:41:10,4.201955684525837,0.447,27.13035904417916,4.201929397488964,0.44711999999999946,25.439676356379547
2024-11-04 17:41:10,4.201791390543644,0.447,24.2430730354219,4.201916253970378,0.4470799999999995,25.410023532911246
2024-11-04 17:41:10,4.202941448424786,0.447,25.72571420883662,4.201949112767036,0.4470399999999995,25.455149884589318
2024-11-04 17:41:10,4.201955684525837,0.446,25.72571420883662,4.201949112767036,0.4469599999999996,25.469769462190833
2024-11-04 17:41:11,4.202119978508306,0.446,25.72571420883662,4.201949112767036,0.44691999999999965,25.484389039792358
2024-11-04 17:41:11,4.201791390543644,0.446,24.9947353287605,4.201955684526311,0.4468799999999997,25.484389039792354
2024-11-04 17:41:11,4.201791390543644,0.446,25.72571420883662,4.20195568452631,0.44683999999999985,25.514041863260662
2024-11-04 17:41:11,4.201627096561725,0.446,25.72571420883662,4.201929397489138,0.4467999999999999,25.499811738427088
2024-11-04 17:41:12,4.201955684525837,0.447,26.437220450515156,4.201935969248426,0.4467999999999999,25.514041863260662
2024-11-04 17:41:12,4.201791390543644,0.447,25.72571420883662,4.201935969248425,0.4467999999999999,25.52866144086218
2024-11-04 17:41:12,4.202284272491052,0.446,23.469396624933097,4.201962256285598,0.44675999999999993,25.483535089184112
2024-11-04 17:41:12,4.201955684525837,0.446,26.437220450515156,4.20194254100767,0.44671999999999995,25.469672317310824
2024-11-04 17:41:13,4.202119978508306,0.446,23.469396624933097,4.201955684526256,0.44667999999999997,25.43916554323428
2024-11-04 17:41:13,4.201955684525837,0.446,26.437220450515156,4.2019491127669575,0.44664000000000004,25.483048491536145
2024-11-04 17:41:13,4.201627096561725,0.446,23.469396624933097,4.201935969248393,0.44660000000000005,25.43792213985807
2024-11-04 17:41:13,4.202612860457368,0.446,24.9947353287605,4.201955684526357,0.4465600000000001,25.468428913934623
2024-11-04 17:41:14,4.202119978508306,0.446,22.672238853203226,4.201968828044944,0.44652000000000025,25.39312928198838
2024-11-04 17:41:14,4.201791390543644,0.446,25.72571420883662,4.201975399804219,0.44648000000000027,25.37889915715482
2024-11-04 17:41:14,4.201791390543644,0.446,25.72571420883662,4.201981971563495,0.4464400000000003,25.37889915715481
2024-11-04 17:41:14,4.201627096561725,0.446,25.72571420883662,4.201962256285634,0.4464000000000003,25.393518734756334
2024-11-04 17:41:15,4.202119978508306,0.446,24.9947353287605,4.201981971563497,0.4463600000000003,25.439968664267486
2024-11-04 17:41:15,4.202119978508306,0.446,24.9947353287605,4.201975399804187,0.44632000000000027,25.439968664267482
2024-11-04 17:41:15,4.201791390543644,0.446,27.13035904417916,4.201975399804186,0.4462800000000003,25.439968664267486
2024-11-04 17:41:15,4.202119978508306,0.446,25.72571420883662,4.201975399804186,0.44624000000000025,25.454588241869004
2024-11-04 17:41:16,4.202284272491052,0.446,26.437220450515156,4.202001686841359,0.44620000000000026,25.468818366702582
2024-11-04 17:41:16,4.202284272491052,0.446,26.437220450515156,4.202014830359968,0.44616000000000033,25.49766806913767
2024-11-04 17:41:16,4.202448566474072,0.446,27.13035904417916,4.202041117397184,0.44612000000000035,25.540380543446048
2024-11-04 17:41:16,4.202119978508306,0.446,26.437220450515156,4.202008258600525,0.4460800000000003,25.569230245881144
2024-11-04 17:41:17,4.202119978508306,0.446,27.13035904417916,4.202014830359824,0.4460800000000003,25.611942720189514
2024-11-04 17:41:17,4.202448566474072,0.446,27.13035904417916,4.202027973878454,0.4460800000000003,25.685161968574437
2024-11-04 17:41:17,4.201955684525837,0.446,26.437220450515156,4.2020345456377415,0.4460800000000003,25.699392093408015
2024-11-04 17:41:17,4.202284272491052,0.446,24.2430730354219,4.202054260915638,0.4460800000000003,25.669739269939715
2024-11-04 17:41:18,4.202284272491052,0.446,25.72571420883662,4.202080547952812,0.4460800000000003,25.699392093408015
2024-11-04 17:41:18,4.201955684525837,0.446,25.72571420883662,4.202080547952812,0.4460400000000003,25.699392093408004
2024-11-04 17:41:18,4.202284272491052,0.446,27.13035904417916,4.202100263230708,0.4460000000000003,25.742104567716382
2024-11-04 17:41:18,4.202612860457368,0.446,24.9947353287605,4.202113406749362,0.4460000000000003,25.772611341792928
2024-11-04 17:41:19,4.202284272491052,0.446,26.437220450515156,4.202126550267971,0.4460000000000003,25.786841466626502
2024-11-04 17:41:19,4.202284272491052,0.446,24.9947353287605,4.202133122027281,0.4460000000000003,25.801874712493277
2024-11-04 17:41:19,4.202284272491052,0.446,25.72571420883662,4.202146265545889,0.4460000000000003,25.760266170626792
2024-11-04 17:41:19,4.202119978508306,0.446,25.72571420883662,4.202165980823753,0.4460000000000003,25.746036045793225
2024-11-04 17:41:20,4.202448566474072,0.446,25.72571420883662,4.2021594090644205,0.4460000000000003,25.704427503926745
2024-11-04 17:41:20,4.202448566474072,0.446,26.437220450515156,4.202172552583051,0.4460000000000003,25.71865762876031
2024-11-04 17:41:20,4.202448566474072,0.446,24.2430730354219,4.202198839620268,0.4460000000000003,25.68900480529202
2024-11-04 17:41:20,4.202448566474072,0.445,25.72571420883662,4.202225126657484,0.44596000000000025,25.689004805292026
2024-11-04 17:41:21,4.201955684525837,0.445,24.9947353287605,4.202238270176048,0.4459200000000002,25.66015510285693
2024-11-04 17:41:21,4.201955684525837,0.446,26.437220450515156,4.20223169841675,0.4459200000000002,25.689004805292015
2024-11-04 17:41:21,4.202284272491052,0.446,26.437220450515156,4.20223827017606,0.4459200000000002,25.717854507727115
2024-11-04 17:41:21,4.202448566474072,0.445,27.80614130216054,4.202264557213276,0.44588000000000017,25.759463049593588
2024-11-04 17:41:22,4.202284272491052,0.445,26.437220450515156,4.202271128972586,0.4458400000000001,25.718897553184632
2024-11-04 17:41:22,4.202448566474072,0.445,25.72571420883662,4.202277700731906,0.44580000000000003,25.718897553184632
2024-11-04 17:41:22,4.201627096561725,0.445,27.13035904417916,4.202251413694734,0.4457600000000001,25.71889755318464
2024-11-04 17:41:22,4.202284272491052,0.445,28.465495270963004,4.202244841935413,0.4457200000000001,25.803345997895452
2024-11-04 17:41:23,4.201955684525837,0.445,26.437220450515156,4.202238270176116,0.4456800000000001,25.817576122729022
2024-11-04 17:41:23,4.202119978508306,0.445,27.13035904417916,4.202238270176116,0.44564,25.845669019435867
2024-11-04 17:41:23,4.202119978508306,0.445,24.9947353287605,4.202225126657485,0.4456,25.831049441834356
2024-11-04 17:41:23,4.202612860457368,0.445,26.437220450515156,4.202251413694746,0.44556000000000007,25.85989914426945
2024-11-04 17:41:24,4.202612860457368,0.445,24.2430730354219,4.202264557213399,0.4455200000000001,25.830246320801148
2024-11-04 17:41:24,4.202119978508306,0.445,22.672238853203226,4.20225798545409,0.4454800000000001,25.769176813688482
2024-11-04 17:41:24,4.202284272491052,0.445,26.437220450515156,4.2022711289727,0.4454400000000001,25.769176813688482
2024-11-04 17:41:24,4.202119978508306,0.445,26.437220450515156,4.20226455721339,0.4454000000000001,25.783406938522056
2024-11-04 17:41:25,4.202119978508306,0.445,24.9947353287605,4.2022448419354275,0.4453600000000001,25.81391371259861
2024-11-04 17:41:25,4.202448566474072,0.445,25.72571420883662,4.202251413694746,0.44532000000000016,25.79968358776504
2024-11-04 17:41:25,4.202612860457368,0.444,27.13035904417916,4.202264557213399,0.44524000000000014,25.872902836149965
2024-11-04 17:41:25,4.202777154440939,0.444,23.469396624933097,4.2022842724913945,0.44516000000000006,25.813546359638323
2024-11-04 17:41:26,4.202119978508306,0.445,27.80614130216054,4.2022842724913945,0.44512000000000007,25.900281253182875
2024-11-04 17:41:26,4.202284272491052,0.445,27.13035904417916,4.202277700732074,0.4450800000000001,25.942993727491242
2024-11-04 17:41:26,4.201627096561725,0.445,26.437220450515156,4.202244841935579,0.4450400000000001,26.018293359437475
2024-11-04 17:41:26,4.202777154440939,0.445,26.437220450515156,4.202257985454255,0.4450000000000001,26.03252348427105
2024-11-04 17:41:27,4.201791390543644,0.445,23.469396624933097,4.2022316984170365,0.4450000000000001,25.98739713259298
2024-11-04 17:41:27,4.202612860457368,0.444,26.437220450515156,4.202257985454298,0.4449600000000001,26.001627257426545
2024-11-04 17:41:27,4.202448566474072,0.444,24.2430730354219,4.202277700732227,0.44488000000000016,25.98659401155977
2024-11-04 17:41:27,4.202119978508306,0.444,23.469396624933097,4.202271128972918,0.4448000000000001,25.956087237483224
2024-11-04 17:41:28,4.202284272491052,0.445,24.9947353287605,4.2022645572135975,0.4448000000000001,25.913374763174858
2024-11-04 17:41:28,4.202284272491052,0.445,25.72571420883662,4.202264557213597,0.4448000000000001,25.91337476317485
2024-11-04 17:41:28,4.202777154440939,0.445,25.72571420883662,4.202277700732272,0.4448000000000001,25.899144638341276
2024-11-04 17:41:28,4.202448566474072,0.445,26.437220450515156,4.202310559528765,0.4448000000000001,25.899144638341287
2024-11-04 17:41:29,4.202612860457368,0.445,27.13035904417916,4.202323703047417,0.4448000000000002,25.89914463834128
2024-11-04 17:41:29,4.202119978508306,0.445,25.72571420883662,4.202330274806716,0.44480000000000025,25.88491451350771
2024-11-04 17:41:29,4.202119978508306,0.445,24.9947353287605,4.202330274806717,0.4448000000000003,25.842202039199343
2024-11-04 17:41:29,4.202448566474072,0.444,25.72571420883662,4.202343418325347,0.4447600000000002,25.814109142492487
2024-11-04 17:41:30,4.202284272491052,0.444,26.437220450515156,4.202330274806695,0.44472000000000017,25.814109142492498
2024-11-04 17:41:30,4.202284272491052,0.444,25.72571420883662,4.202317131288042,0.44468000000000013,25.843761965960784
2024-11-04 17:41:30,4.202777154440939,0.444,26.437220450515156,4.202343418325348,0.44464000000000004,25.857992090794358
2024-11-04 17:41:30,4.202284272491052,0.444,25.72571420883662,4.202343418325348,0.4446,25.857992090794358
2024-11-04 17:41:31,4.202777154440939,0.444,26.437220450515156,4.202369705362654,0.44455999999999996,25.844129318921077
2024-11-04 17:41:31,4.202119978508306,0.444,26.437220450515156,4.202369705362654,0.4445199999999999,25.872979021356176
2024-11-04 17:41:31,4.202448566474072,0.444,24.9947353287605,4.202369705362653,0.4444799999999999,25.844129318921073
2024-11-04 17:41:31,4.202612860457368,0.444,24.9947353287605,4.202369705362654,0.4444799999999999,25.844129318921077
2024-11-04 17:41:32,4.202448566474072,0.444,25.72571420883662,4.202356561843978,0.4444799999999999,25.84412931892107
2024-11-04 17:41:32,4.202777154440939,0.444,27.13035904417916,4.202382848881284,0.4444399999999999,25.87222221562792
2024-11-04 17:41:32,4.202284272491052,0.444,25.72571420883662,4.202382848881284,0.44439999999999996,25.872222215627925
2024-11-04 17:41:32,4.202612860457368,0.444,24.2430730354219,4.20242227943711,0.44436,25.828339267326058
2024-11-04 17:41:33,4.202777154440939,0.444,23.469396624933097,4.20242227943711,0.44432000000000005,25.812865739116287
2024-11-04 17:41:33,4.202284272491052,0.444,24.9947353287605,4.202441994715007,0.44428000000000006,25.79824616151477
2024-11-04 17:41:33,4.202448566474072,0.444,25.72571420883662,4.202435422955674,0.4442800000000001,25.812865739116287
2024-11-04 17:41:33,4.202612860457368,0.443,27.13035904417916,4.202441994715007,0.4442400000000002,25.826728510989565
2024-11-04 17:41:34,4.201955684525837,0.443,24.9947353287605,4.202435422955708,0.4442000000000003,25.79787880855448
2024-11-04 17:41:34,4.202119978508306,0.443,23.469396624933097,4.202428851196398,0.44412000000000035,25.71114391500992
2024-11-04 17:41:34,4.202284272491052,0.443,27.13035904417916,4.202428851196398,0.44404000000000043,25.725006686883198
2024-11-04 17:41:34,4.202612860457368,0.443,25.72571420883662,4.202422279437055,0.4439600000000005,25.725006686883198
2024-11-04 17:41:35,4.202777154440939,0.444,24.2430730354219,4.2024354229557295,0.44392000000000054,25.66726096670806
2024-11-04 17:41:35,4.202284272491052,0.444,24.9947353287605,4.2024222794370765,0.4438800000000005,25.597845767864
2024-11-04 17:41:35,4.202612860457368,0.444,26.437220450515156,4.2024419947150395,0.44384000000000035,25.597845767864
2024-11-04 17:41:35,4.202777154440939,0.444,26.437220450515156,4.2024682817523455,0.4438000000000002,25.583982995990727
2024-11-04 17:41:36,4.202448566474072,0.444,27.13035904417916,4.2024682817523455,0.44380000000000003,25.626695470299104
2024-11-04 17:41:36,4.202448566474072,0.443,27.13035904417916,4.202474853511665,0.44376,25.640558242172382
2024-11-04 17:41:36,4.202941448424786,0.443,26.437220450515156,4.202501140549015,0.44372,25.684441190474246
2024-11-04 17:41:36,4.202777154440939,0.443,25.72571420883662,4.202501140549015,0.4436800000000001,25.745510697586916
2024-11-04 17:41:37,4.201955684525837,0.443,25.72571420883662,4.202487997030406,0.4436400000000002,25.731280572753338
2024-11-04 17:41:37,4.202448566474072,0.443,22.672238853203226,4.20247485351173,0.44360000000000027,25.655980940807098
2024-11-04 17:41:37,4.202612860457368,0.444,24.2430730354219,4.202494568789692,0.44360000000000027,25.640947694940333
2024-11-04 17:41:37,4.202612860457368,0.444,24.2430730354219,4.202501140549025,0.44360000000000027,25.61129487147204
2024-11-04 17:41:38,4.202941448424786,0.443,26.437220450515156,4.202514284067721,0.4435600000000003,25.597432099598745
2024-11-04 17:41:38,4.202612860457368,0.443,26.437220450515156,4.202520855827053,0.44352000000000025,25.656788576110394
2024-11-04 17:41:38,4.202448566474072,0.443,26.437220450515156,4.202507712308378,0.44348000000000026,25.629410159077487
2024-11-04 17:41:38,4.202284272491052,0.443,25.72571420883662,4.202507712308378,0.4434400000000002,25.60131726237064
2024-11-04 17:41:39,4.202777154440939,0.443,26.437220450515156,4.202514284067722,0.44340000000000024,25.60131726237064
2024-11-04 17:41:39,4.202612860457368,0.442,25.72571420883662,4.202507712308379,0.44332000000000027,25.587087137537065
2024-11-04 17:41:39,4.202941448424786,0.442,26.437220450515156,4.202533999345729,0.44324000000000036,25.646443614048714
2024-11-04 17:41:39,4.202777154440939,0.443,25.72571420883662,4.202547142864404,0.44320000000000026,25.632213489215136
2024-11-04 17:41:40,4.202448566474072,0.443,24.9947353287605,4.202540571105072,0.4432000000000002,25.64724673508191
2024-11-04 17:41:40,4.202119978508306,0.443,26.437220450515156,4.20254714286437,0.4432000000000002,25.706603211593546
2024-11-04 17:41:40,4.202777154440939,0.443,23.469396624933097,4.202573429901675,0.4432000000000002,25.676096437517003
2024-11-04 17:41:40,4.202284272491052,0.443,25.72571420883662,4.202573429901675,0.4432000000000002,25.676096437517
2024-11-04 17:41:41,4.202448566474072,0.443,24.2430730354219,4.202566858142344,0.44320000000000026,25.646443614048707
2024-11-04 17:41:41,4.202941448424786,0.443,24.9947353287605,4.202573429901697,0.44316000000000033,25.61759391161361
2024-11-04 17:41:41,4.2034343303779815,0.443,26.437220450515156,4.2026194322171735,0.44312000000000024,25.60373113974033
2024-11-04 17:41:41,4.202284272491052,0.443,26.437220450515156,4.2026062886985205,0.4430800000000003,25.617961264573907
2024-11-04 17:41:42,4.202612860457368,0.443,26.437220450515156,4.2025997169391776,0.4430400000000002,25.646810967009007
2024-11-04 17:41:42,4.202777154440939,0.443,24.9947353287605,4.202612860457853,0.4430000000000003,25.632191389407485
2024-11-04 17:41:42,4.202612860457368,0.443,27.13035904417916,4.202619432217185,0.4430000000000003,25.646054161280762
2024-11-04 17:41:42,4.202612860457368,0.443,24.2430730354219,4.202606288698489,0.4430000000000003,25.616401337812473
2024-11-04 17:41:43,4.202284272491052,0.443,25.72571420883662,4.2025865734204935,0.44300000000000017,25.602171212978902
2024-11-04 17:41:43,4.202284272491052,0.442,24.2430730354219,4.202599716939102,0.44296000000000013,25.57251838951061
2024-11-04 17:41:43,4.202612860457368,0.442,26.437220450515156,4.202606288698435,0.44292000000000015,25.572518389510606
2024-11-04 17:41:43,4.202777154440939,0.442,27.13035904417916,4.202612860457779,0.44284000000000007,25.586381161383883
2024-11-04 17:41:44,4.202612860457368,0.442,25.72571420883662,4.202612860457779,0.44276000000000004,25.601000738985405
2024-11-04 17:41:44,4.202284272491052,0.442,24.9947353287605,4.20258657342043,0.44272,25.60100073898541
2024-11-04 17:41:44,4.202777154440939,0.443,27.13035904417916,4.202593145179773,0.4427199999999999,25.629093635692254
2024-11-04 17:41:44,4.202448566474072,0.443,26.437220450515156,4.2025931451797724,0.4427199999999999,25.61523086381898
2024-11-04 17:41:45,4.203105742408909,0.443,25.72571420883662,4.202626003976486,0.44272,25.61523086381897
2024-11-04 17:41:45,4.203270036393308,0.443,26.437220450515156,4.202645719254581,0.44272000000000006,25.659113812120832
2024-11-04 17:41:45,4.203105742408909,0.442,25.72571420883662,4.202665434532643,0.4427200000000001,25.704240163798904
2024-11-04 17:41:45,4.202448566474072,0.442,24.9947353287605,4.202645719254614,0.4427200000000001,25.704240163798907
2024-11-04 17:41:46,4.203270036393308,0.442,25.72571420883662,4.202665434532708,0.44268000000000013,25.704240163798904
2024-11-04 17:41:46,4.202612860457368,0.442,24.2430730354219,4.20267200629204,0.4426400000000001,25.646494443623755
2024-11-04 17:41:46,4.202941448424786,0.442,25.72571420883662,4.202704865088698,0.44260000000000005,25.661114021225284
2024-11-04 17:41:46,4.202284272491052,0.442,24.2430730354219,4.202685149810703,0.44256,25.67658754943506
2024-11-04 17:41:47,4.202777154440939,0.442,25.72571420883662,4.202704865088699,0.44251999999999997,25.648494652728214
2024-11-04 17:41:47,4.202777154440939,0.442,25.72571420883662,4.202718008607374,0.44248,25.648494652728214
2024-11-04 17:41:47,4.202941448424786,0.442,24.9947353287605,4.202718008607373,0.44244,25.663527898594978
2024-11-04 17:41:47,4.202612860457368,0.442,25.72571420883662,4.202685149810549,0.4424,25.67814747619651
2024-11-04 17:41:48,4.202777154440939,0.442,24.2430730354219,4.202704865088545,0.44236000000000003,25.634264527894643
2024-11-04 17:41:48,4.202777154440939,0.442,26.437220450515156,4.202711436847888,0.44232000000000005,25.63426452789464
2024-11-04 17:41:48,4.203105742408909,0.442,23.469396624933097,4.202724580366607,0.44228,25.56104527950972
2024-11-04 17:41:48,4.202777154440939,0.442,24.2430730354219,4.20273115212595,0.44224,25.50329955933457
2024-11-04 17:41:49,4.202941448424786,0.442,27.80614130216054,4.202744295644647,0.44220000000000004,25.53067797636747
2024-11-04 17:41:49,4.2034343303779815,0.442,25.72571420883662,4.2027902979601235,0.44216,25.53067797636747
2024-11-04 17:41:49,4.202612860457368,0.442,26.437220450515156,4.202803441478776,0.4421600000000001,25.544908101201045
2024-11-04 17:41:49,4.203105742408909,0.442,25.72571420883662,4.202823156756838,0.4421600000000001,25.605977608313715
2024-11-04 17:41:50,4.202941448424786,0.442,24.9947353287605,4.202829728516191,0.4421600000000001,25.621010854180483
2024-11-04 17:41:50,4.202941448424786,0.441,25.72571420883662,4.202842872034887,0.44212,25.65066367764878
2024-11-04 17:41:50,4.202777154440939,0.441,25.72571420883662,4.202862587312882,0.44208,25.636433552815205
2024-11-04 17:41:50,4.203270036393308,0.441,25.72571420883662,4.202882302590978,0.44199999999999995,25.62220342798163
2024-11-04 17:41:51,4.2035986243629315,0.441,27.13035904417916,4.202928304906532,0.4419199999999999,25.636066199854916
2024-11-04 17:41:51,4.202448566474072,0.441,25.72571420883662,4.202902017869137,0.4418399999999999,25.636066199854923
2024-11-04 17:41:51,4.202941448424786,0.442,25.72571420883662,4.202888874350396,0.44179999999999986,25.621836075021346
2024-11-04 17:41:51,4.202777154440939,0.442,25.72571420883662,4.202875730831678,0.4417999999999999,25.62183607502134
2024-11-04 17:41:52,4.203105742408909,0.442,24.9947353287605,4.202902017869072,0.44179999999999997,25.592986372586253
2024-11-04 17:41:52,4.203105742408909,0.442,25.72571420883662,4.202895446109697,0.4418000000000001,25.592986372586246
2024-11-04 17:41:52,4.2034343303779815,0.442,24.9947353287605,4.2029283049065205,0.44180000000000014,25.592986372586253
2024-11-04 17:41:52,4.202941448424786,0.441,24.2430730354219,4.2029283049065205,0.44176000000000015,25.549103424284386
2024-11-04 17:41:53,4.202612860457368,0.441,26.437220450515156,4.2029414484251735,0.4417200000000001,25.608459900796035
2024-11-04 17:41:53,4.202941448424786,0.441,27.80614130216054,4.202948020184526,0.4416800000000001,25.650068442662505
2024-11-04 17:41:53,4.2034343303779815,0.441,25.72571420883662,4.202974307222007,0.44164000000000003,25.6797212661308
2024-11-04 17:41:53,4.203105742408909,0.441,24.2430730354219,4.202980878981373,0.4416,25.664688020264034
2024-11-04 17:41:54,4.2034343303779815,0.441,25.72571420883662,4.203013737778197,0.4415599999999999,25.650457895430474
2024-11-04 17:41:54,4.2034343303779815,0.441,27.13035904417916,4.203040024815679,0.44151999999999986,25.664320667303752
2024-11-04 17:41:54,4.202612860457368,0.441,24.9947353287605,4.203033453056336,0.4414799999999999,25.635470964868656
2024-11-04 17:41:54,4.203270036393308,0.441,24.2430730354219,4.203040024815712,0.44143999999999983,25.62043771900188
2024-11-04 17:41:55,4.203105742408909,0.441,25.72571420883662,4.203053168334432,0.44139999999999985,25.592344822295036
2024-11-04 17:41:55,4.203270036393308,0.441,26.437220450515156,4.203066311853173,0.4413599999999998,25.636227770596896
2024-11-04 17:41:55,4.2034343303779815,0.441,26.437220450515156,4.203066311853172,0.4413199999999998,25.650457895430474
2024-11-04 17:41:55,4.202612860457368,0.441,25.72571420883662,4.203066311853173,0.44127999999999995,25.680110718898767
2024-11-04 17:41:56,4.202777154440939,0.441,25.72571420883662,4.2030531683344545,0.44123999999999997,25.665880594065193
2024-11-04 17:41:56,4.202941448424786,0.441,26.437220450515156,4.2030531683344545,0.4412,25.65201782219191
2024-11-04 17:41:56,4.203270036393308,0.441,25.72571420883662,4.203066311853196,0.4412,25.65201782219191
2024-11-04 17:41:56,4.202612860457368,0.441,25.72571420883662,4.203059740093854,0.4412,25.666637399793427
2024-11-04 17:41:57,4.202777154440939,0.441,26.437220450515156,4.20304002481576,0.4412,25.652774627920152
2024-11-04 17:41:57,4.202612860457368,0.441,25.72571420883662,4.203000594259537,0.4412,25.638544503086578
2024-11-04 17:41:57,4.202941448424786,0.441,24.2430730354219,4.203020309537565,0.4412,25.608891679618278
2024-11-04 17:41:57,4.2034343303779815,0.441,26.437220450515156,4.203040024815692,0.44115999999999994,25.608891679618274
2024-11-04 17:41:58,4.202941448424786,0.441,26.437220450515156,4.203046596575046,0.44111999999999996,25.623121804451856
2024-11-04 17:41:58,4.203105742408909,0.441,25.72571420883662,4.203046596575046,0.44107999999999997,25.637741382053374
2024-11-04 17:41:58,4.202941448424786,0.441,24.9947353287605,4.203040024815681,0.44103999999999993,25.623121804451852
2024-11-04 17:41:58,4.203105742408909,0.441,26.437220450515156,4.203026881296918,0.44099999999999995,25.66700475275372
2024-11-04 17:41:59,4.202612860457368,0.441,27.13035904417916,4.20301373777822,0.44099999999999995,25.695097649460564
2024-11-04 17:41:59,4.202777154440939,0.441,25.72571420883662,4.203020309537563,0.44099999999999995,25.724750472928864
2024-11-04 17:41:59,4.202941448424786,0.441,25.72571420883662,4.203020309537563,0.44099999999999995,25.724750472928864
2024-11-04 17:41:59,4.202941448424786,0.441,25.72571420883662,4.203000594259434,0.44099999999999995,25.724750472928864
2024-11-04 17:42:00,4.202777154440939,0.441,24.9947353287605,4.202987450740716,0.44099999999999995,25.724750472928857
2024-11-04 17:42:00,4.202941448424786,0.441,27.13035904417916,4.202967735462589,0.44099999999999995,25.752843369635713
2024-11-04 17:42:00,4.202777154440939,0.44,26.437220450515156,4.202941448425107,0.44096,25.796726317937583
2024-11-04 17:42:00,4.203105742408909,0.44,25.72571420883662,4.202961163703169,0.44092000000000015,25.782496193104006
2024-11-04 17:42:01,4.2034343303779815,0.44,24.9947353287605,4.202967735462556,0.4408800000000002,25.81300296718056
2024-11-04 17:42:01,4.2034343303779815,0.44,24.2430730354219,4.202980878981318,0.44084000000000034,25.813002967180555
2024-11-04 17:42:01,4.202777154440939,0.44,27.13035904417916,4.202961163703223,0.4408000000000004,25.799487322020926
2024-11-04 17:42:01,4.203105742408909,0.44,23.469396624933097,4.202948020184461,0.4407600000000005,25.75436097034286
2024-11-04 17:42:02,4.202941448424786,0.44,27.80614130216054,4.202961163703157,0.4407200000000005,25.781739387375772
2024-11-04 17:42:02,4.202941448424786,0.44,26.437220450515156,4.202967735462511,0.44068000000000046,25.79596951220934
2024-11-04 17:42:02,4.202777154440939,0.44,26.437220450515156,4.202961163703158,0.4406400000000004,25.82481921464443
2024-11-04 17:42:02,4.202941448424786,0.44,26.437220450515156,4.202948020184416,0.4406000000000004,25.839049339478017
2024-11-04 17:42:03,4.202941448424786,0.44,27.13035904417916,4.202961163703112,0.44056000000000034,25.867142236184858
2024-11-04 17:42:03,4.202941448424786,0.44,26.437220450515156,4.202967735462465,0.4405200000000003,25.88137236101843
2024-11-04 17:42:03,4.203105742408909,0.44,25.72571420883662,4.202987450740528,0.4404800000000002,25.853279464311573
2024-11-04 17:42:03,4.202777154440939,0.44,25.72571420883662,4.202980878981176,0.44044000000000016,25.853279464311573
2024-11-04 17:42:04,4.202941448424786,0.439,24.9947353287605,4.202961163703048,0.4403600000000001,25.838659886710044
2024-11-04 17:42:04,4.202777154440939,0.439,25.72571420883662,4.202954591943693,0.44028000000000006,25.838659886710047
2024-11-04 17:42:04,4.202941448424786,0.439,23.469396624933097,4.202948020184328,0.44020000000000004,25.808153112633505
2024-11-04 17:42:04,4.202612860457368,0.439,24.9947353287605,4.2029348766656325,0.44012,25.793533535031983
2024-11-04 17:42:05,4.202777154440939,0.439,24.2430730354219,4.202921733146914,0.44004,25.77850028916521
2024-11-04 17:42:05,4.203270036393308,0.439,26.437220450515156,4.202948020184351,0.43995999999999996,25.822383237467065
2024-11-04 17:42:05,4.203105742408909,0.439,25.72571420883662,4.202961163703071,0.4398799999999998,25.808153112633498
2024-11-04 17:42:05,4.203105742408909,0.44,25.72571420883662,4.202967735462436,0.43983999999999995,25.766544570767017
2024-11-04 17:42:06,4.2035986243629315,0.44,24.2430730354219,4.202994022499961,0.4398,25.736891747298728
2024-11-04 17:42:06,4.202941448424786,0.439,25.72571420883662,4.203000594259315,0.4397200000000001,25.766544570767017
2024-11-04 17:42:06,4.203105742408909,0.439,24.9947353287605,4.20300716601868,0.43964000000000003,25.7519249931655
2024-11-04 17:42:06,4.203105742408909,0.439,27.13035904417916,4.2030203095374,0.4396000000000001,25.751924993165503
2024-11-04 17:42:07,4.2035986243629315,0.44,27.80614130216054,4.203040024815561,0.43960000000000016,25.80815311263351
2024-11-04 17:42:07,4.203105742408909,0.44,25.72571420883662,4.203026881296798,0.4396000000000002,25.837805936101795
2024-11-04 17:42:07,4.203270036393308,0.439,25.72571420883662,4.203020309537411,0.4395600000000002,25.837805936101795
2024-11-04 17:42:07,4.202941448424786,0.439,25.72571420883662,4.203026881296764,0.43952000000000013,25.82357581126822
2024-11-04 17:42:08,4.2034343303779815,0.439,24.9947353287605,4.203040024815526,0.43948000000000015,25.794726108833125
2024-11-04 17:42:08,4.202941448424786,0.439,23.469396624933097,4.203040024815525,0.4394400000000001,25.749599757155057
2024-11-04 17:42:08,4.203270036393308,0.439,25.72571420883662,4.203053168334267,0.4394000000000001,25.749599757155057
2024-11-04 17:42:08,4.203105742408909,0.439,26.437220450515156,4.203066311852986,0.43936,25.749599757155057
2024-11-04 17:42:09,4.203270036393308,0.439,24.9947353287605,4.203079455371727,0.43931999999999993,25.734980179553535
2024-11-04 17:42:09,4.203105742408909,0.439,25.72571420883662,4.203086027131092,0.4392799999999999,25.73498017955353
2024-11-04 17:42:09,4.203270036393308,0.439,25.72571420883662,4.203099170649833,0.4392399999999999,25.720750054719964
2024-11-04 17:42:09,4.2035986243629315,0.439,25.72571420883662,4.203118885927993,0.43920000000000003,25.720750054719964
2024-11-04 17:42:10,4.203270036393308,0.439,24.9947353287605,4.2031386012060885,0.43916,25.735783300586732
2024-11-04 17:42:10,4.202941448424786,0.439,25.72571420883662,4.2031386012060885,0.43916,25.72155317575317
2024-11-04 17:42:10,4.203270036393308,0.438,24.9947353287605,4.203158316484185,0.4391199999999999,25.692703473318083
2024-11-04 17:42:10,4.202941448424786,0.438,24.9947353287605,4.203158316484184,0.4390799999999999,25.678083895716554
2024-11-04 17:42:11,4.203270036393308,0.439,26.437220450515156,4.203184603521621,0.4390799999999999,25.706933598151654
2024-11-04 17:42:11,4.203105742408909,0.439,24.9947353287605,4.20319774704034,0.4390799999999999,25.67808389571655
2024-11-04 17:42:11,4.203105742408909,0.439,26.437220450515156,4.203191175280964,0.4390799999999999,25.664221123843273
2024-11-04 17:42:11,4.203270036393308,0.439,25.72571420883662,4.20319774704034,0.4390799999999999,25.664221123843273
2024-11-04 17:42:12,4.2035986243629315,0.439,25.72571420883662,4.203217462318501,0.43904,25.664221123843273
2024-11-04 17:42:12,4.203105742408909,0.439,24.9947353287605,4.20319774704034,0.43900000000000006,25.64960154624175
2024-11-04 17:42:12,4.203270036393308,0.439,25.72571420883662,4.203210890559081,0.43900000000000006,25.664221123843273
2024-11-04 17:42:12,4.202777154440939,0.439,26.437220450515156,4.203197747040363,0.43900000000000006,25.650358351969988
2024-11-04 17:42:13,4.2034343303779815,0.439,24.9947353287605,4.2032108905591254,0.43900000000000006,25.621508649534903
2024-11-04 17:42:13,4.2034343303779815,0.439,27.13035904417916,4.2032043187997274,0.4389600000000001,25.649601546241747
2024-11-04 17:42:13,4.2034343303779815,0.438,27.13035904417916,4.203217462318489,0.43888,25.692314020550125
2024-11-04 17:42:13,4.2034343303779815,0.438,23.469396624933097,4.203224034077874,0.43883999999999995,25.676840492340354
2024-11-04 17:42:14,4.2034343303779815,0.438,24.2430730354219,4.203243749356002,0.43879999999999986,25.619094772165205
2024-11-04 17:42:14,4.203105742408909,0.438,24.2430730354219,4.2032306058372395,0.4387599999999998,25.634568300374987
2024-11-04 17:42:14,4.203270036393308,0.438,25.72571420883662,4.20324374935598,0.4387199999999998,25.592959758508506
2024-11-04 17:42:14,4.2035986243629315,0.438,23.469396624933097,4.203256892874765,0.4386799999999997,25.53360328199686
2024-11-04 17:42:15,4.203270036393308,0.438,26.437220450515156,4.203263464634141,0.4386399999999997,25.533603281996857
2024-11-04 17:42:15,4.203105742408909,0.439,24.2430730354219,4.203256892874766,0.43863999999999975,25.489720333695
2024-11-04 17:42:15,4.202941448424786,0.439,25.72571420883662,4.2032503211154015,0.4386399999999998,25.461627436988145
2024-11-04 17:42:15,4.203270036393308,0.438,24.2430730354219,4.203250321115402,0.4385999999999999,25.41774448868629
2024-11-04 17:42:16,4.202777154440939,0.438,25.72571420883662,4.2032174623185234,0.4385599999999999,25.417744488686285
2024-11-04 17:42:16,4.203270036393308,0.438,22.672238853203226,4.203217462318525,0.4385199999999999,25.35667498157362
2024-11-04 17:42:16,4.203270036393308,0.438,26.437220450515156,4.203230605837266,0.4384799999999999,25.385524684008704
2024-11-04 17:42:16,4.2035986243629315,0.438,26.437220450515156,4.2032437493560515,0.4384799999999999,25.39975480884228
2024-11-04 17:42:17,4.2035986243629315,0.438,23.469396624933097,4.203270036393577,0.43847999999999987,25.399754808842285
2024-11-04 17:42:17,4.203270036393308,0.438,27.13035904417916,4.203270036393577,0.4384399999999999,25.442467283150656
2024-11-04 17:42:17,4.203270036393308,0.438,27.13035904417916,4.203276608152953,0.43839999999999985,25.500213003325804
2024-11-04 17:42:17,4.2035986243629315,0.438,25.72571420883662,4.203296323431113,0.43835999999999986,25.485982878492234
2024-11-04 17:42:18,4.2034343303779815,0.438,24.2430730354219,4.2033028951904985,0.4383199999999998,25.456330055023933
2024-11-04 17:42:18,4.203270036393308,0.438,24.9947353287605,4.203289751671714,0.43827999999999984,25.44171047742241
2024-11-04 17:42:18,4.2034343303779815,0.438,25.72571420883662,4.203302895190476,0.43823999999999985,25.471363300890708
2024-11-04 17:42:18,4.2035986243629315,0.438,26.437220450515156,4.203316038709261,0.4381999999999998,25.485593425724275
2024-11-04 17:42:19,4.202777154440939,0.438,24.2430730354219,4.203316038709261,0.4381599999999998,25.470560179857507
2024-11-04 17:42:19,4.203105742408909,0.438,27.80614130216054,4.2033028951904985,0.43811999999999984,25.48407582501713
2024-11-04 17:42:19,4.203762918348157,0.438,27.13035904417916,4.203316038709304,0.4380799999999999,25.470560179857504
2024-11-04 17:42:19,4.2034343303779815,0.438,27.13035904417916,4.203316038709304,0.4380799999999999,25.498653076564356
2024-11-04 17:42:20,4.2034343303779815,0.438,25.72571420883662,4.203316038709303,0.4380799999999999,25.49865307656436
2024-11-04 17:42:20,4.203105742408909,0.438,26.437220450515156,4.203302895190541,0.43807999999999986,25.512883201397937
2024-11-04 17:42:20,4.203105742408909,0.438,24.2430730354219,4.203302895190541,0.43807999999999986,25.49784995553116
2024-11-04 17:42:20,4.203270036393308,0.438,26.437220450515156,4.203302895190541,0.43807999999999986,25.557206432042804
2024-11-04 17:42:21,4.202777154440939,0.438,28.465495270963004,4.203270036393663,0.43807999999999986,25.612002053285323
2024-11-04 17:42:21,4.203105742408909,0.438,27.13035904417916,4.203263464634287,0.43807999999999986,25.6258648251586
2024-11-04 17:42:21,4.2035986243629315,0.438,26.437220450515156,4.2032831799124475,0.4380399999999999,25.654714527593686
2024-11-04 17:42:21,4.203762918348157,0.438,22.672238853203226,4.203316038709382,0.4379999999999999,25.59364502048102
2024-11-04 17:42:22,4.203762918348157,0.438,27.13035904417916,4.203335753987577,0.4379999999999999,25.621737917187875
2024-11-04 17:42:22,4.203105742408909,0.437,27.80614130216054,4.203348897506297,0.43796,25.663346459054356
2024-11-04 17:42:22,4.203270036393308,0.437,24.9947353287605,4.203348897506298,0.4379200000000001,25.663346459054353
2024-11-04 17:42:22,4.2035986243629315,0.437,24.2430730354219,4.203362041025082,0.43788000000000016,25.63369363558606
2024-11-04 17:42:23,4.203762918348157,0.437,26.437220450515156,4.203368612784491,0.4378400000000003,25.662543338021152
2024-11-04 17:42:23,4.203270036393308,0.437,27.13035904417916,4.203355469265706,0.43780000000000036,25.70525581232953
2024-11-04 17:42:23,4.2035986243629315,0.437,27.13035904417916,4.203368612784491,0.4377600000000005,25.719118584202814
2024-11-04 17:42:23,4.203270036393308,0.437,25.72571420883662,4.20336861278449,0.4377200000000005,25.733738161804332
2024-11-04 17:42:24,4.2034343303779815,0.437,24.9947353287605,4.203362041025091,0.43768000000000046,25.704888459369236
2024-11-04 17:42:24,4.2034343303779815,0.437,24.9947353287605,4.203362041025091,0.43764000000000036,25.690268881767715
2024-11-04 17:42:24,4.203762918348157,0.437,25.72571420883662,4.203381756303284,0.4376000000000003,25.690268881767715
2024-11-04 17:42:24,4.203105742408909,0.437,25.72571420883662,4.203368612784522,0.4375600000000003,25.70488845936923
2024-11-04 17:42:25,4.203762918348157,0.437,26.437220450515156,4.203375184543931,0.43752000000000024,25.719118584202807
2024-11-04 17:42:25,4.2035986243629315,0.437,26.437220450515156,4.2034080433408105,0.4374800000000002,25.719118584202807
2024-11-04 17:42:25,4.203762918348157,0.437,25.72571420883662,4.20343433037838,0.43744000000000016,25.73373816180432
2024-11-04 17:42:25,4.2034343303779815,0.437,24.9947353287605,4.203421186859573,0.43740000000000007,25.69102568749595
2024-11-04 17:42:26,4.2035986243629315,0.437,24.9947353287605,4.203427758618971,0.43736,25.648313213187574
2024-11-04 17:42:26,4.203762918348157,0.437,27.80614130216054,4.2034409021377765,0.43732000000000004,25.73504810673213
2024-11-04 17:42:26,4.203762918348157,0.437,25.72571420883662,4.203467189175347,0.4372800000000001,25.764700930200423
2024-11-04 17:42:26,4.203105742408909,0.437,24.2430730354219,4.203467189175349,0.43724000000000013,25.76470093020042
2024-11-04 17:42:27,4.2035986243629315,0.436,27.80614130216054,4.203480332694134,0.4371600000000001,25.8063094720669
2024-11-04 17:42:27,4.2035986243629315,0.436,26.437220450515156,4.203513191491013,0.4370800000000001,25.865665948578545
2024-11-04 17:42:27,4.2035986243629315,0.436,28.465495270963004,4.2035329067691745,0.43699999999999994,25.906231444987498
2024-11-04 17:42:27,4.2034343303779815,0.436,26.437220450515156,4.2035263350097765,0.4369199999999999,25.95011439328937
2024-11-04 17:42:28,4.203105742408909,0.436,26.437220450515156,4.2035000479722076,0.4368399999999999,25.964344518122935
2024-11-04 17:42:28,4.203270036393308,0.436,25.72571420883662,4.2034803326940136,0.4367599999999998,25.99399734159123
2024-11-04 17:42:28,4.2034343303779815,0.436,25.72571420883662,4.203493476212776,0.43671999999999983,25.99399734159123
2024-11-04 17:42:28,4.2034343303779815,0.435,26.437220450515156,4.203500047972161,0.4366399999999998,26.069296973537465
2024-11-04 17:42:29,4.203270036393308,0.435,25.72571420883662,4.203486904453378,0.4365599999999998,26.055066848703902
2024-11-04 17:42:29,4.202941448424786,0.435,24.9947353287605,4.203454045656442,0.43647999999999976,26.026217146268806
2024-11-04 17:42:29,4.202777154440939,0.435,25.72571420883662,4.203434330378347,0.43639999999999973,26.07134349794688
2024-11-04 17:42:29,4.2034343303779815,0.435,25.72571420883662,4.203427758618948,0.4363199999999997,26.043250601240025
2024-11-04 17:42:30,4.202777154440939,0.433,27.13035904417916,4.203408043340853,0.4361599999999997,26.04325060124003
2024-11-04 17:42:30,4.202284272491052,0.433,24.2430730354219,4.203362041025377,0.4359999999999997,26.01359777777173
2024-11-04 17:42:30,4.202941448424786,0.433,24.9947353287605,4.203342325747248,0.43583999999999984,26.028631023638503
2024-11-04 17:42:30,4.202612860457368,0.432,24.9947353287605,4.2032963234316165,0.43563999999999986,26.0286310236385
2024-11-04 17:42:31,4.201955684525837,0.432,24.9947353287605,4.203250321116294,0.4354399999999998,26.014011446036978
2024-11-04 17:42:31,4.202448566474072,0.431,27.13035904417916,4.20319774704133,0.4352,26.027874217910256
2024-11-04 17:42:31,4.202448566474072,0.431,27.13035904417916,4.203151744725776,0.43496,26.085619938085404
2024-11-04 17:42:31,4.202612860457368,0.431,25.72571420883662,4.203105742410146,0.4347200000000001,26.04401139621893
2024-11-04 17:42:32,4.202119978508306,0.431,25.72571420883662,4.203053168335358,0.43448000000000014,26.015918499512072
2024-11-04 17:42:32,4.202448566474072,0.431,24.9947353287605,4.203007166019803,0.4342400000000001,25.973206025203705
2024-11-04 17:42:32,4.202612860457368,0.431,26.437220450515156,4.202961163704171,0.4340000000000003,25.987436150037276
2024-11-04 17:42:32,4.202448566474072,0.431,23.469396624933097,4.2029085896292075,0.4337600000000003,25.92807967352563
2024-11-04 17:42:33,4.202284272491052,0.43,26.437220450515156,4.202875730832493,0.4334800000000002,25.971962621827497
2024-11-04 17:42:33,4.202284272491052,0.43,26.437220450515156,4.202823156757617,0.43324000000000007,25.971962621827497
2024-11-04 17:42:33,4.202284272491052,0.429,25.72571420883662,4.202770582682743,0.4329599999999999,25.917167000584968
2024-11-04 17:42:33,4.202119978508306,0.429,25.72571420883662,4.202711436848559,0.4326799999999998,25.889074103878112
2024-11-04 17:42:34,4.202119978508306,0.429,24.9947353287605,4.202658862773771,0.4323999999999997,25.860224401443023
2024-11-04 17:42:34,4.202612860457368,0.429,27.13035904417916,4.202639147495709,0.43211999999999956,25.949386805262538
2024-11-04 17:42:34,4.202777154440939,0.429,26.437220450515156,4.202619432217616,0.4318399999999995,25.935524033389264
2024-11-04 17:42:34,4.202284272491052,0.429,24.2430730354219,4.202573429902139,0.43155999999999944,25.864262668054494
2024-11-04 17:42:35,4.202777154440939,0.429,26.437220450515156,4.202547142864657,0.4313199999999994,25.89311237048958
2024-11-04 17:42:35,4.202284272491052,0.429,24.9947353287605,4.2025077123085675,0.43107999999999946,25.908145616356354
2024-11-04 17:42:35,4.202284272491052,0.429,27.80614130216054,4.202481425271219,0.43083999999999945,25.93552403338926
2024-11-04 17:42:35,4.202119978508306,0.429,27.13035904417916,4.202455138233913,0.43059999999999954,25.935524033389264
2024-11-04 17:42:36,4.202119978508306,0.429,26.437220450515156,4.202402564159127,0.4303599999999996,25.921661261515993
2024-11-04 17:42:36,4.202941448424786,0.429,25.72571420883662,4.202409135918479,0.4301999999999996,25.921661261515982
2024-11-04 17:42:36,4.202448566474072,0.428,25.72571420883662,4.2024157076778,0.4299999999999997,25.936280839117497
2024-11-04 17:42:36,4.202941448424786,0.428,27.80614130216054,4.202415707677799,0.4297999999999999,25.992508958585503
2024-11-04 17:42:37,4.202284272491052,0.428,26.437220450515156,4.202402564159146,0.42963999999999997,26.006739083419077
2024-11-04 17:42:37,4.202777154440939,0.429,24.2430730354219,4.202435422955751,0.42951999999999996,25.977086259950788
2024-11-04 17:42:37,4.202612860457368,0.429,27.13035904417916,4.202441994715082,0.42943999999999993,25.990949031824066
2024-11-04 17:42:37,4.202119978508306,0.429,24.9947353287605,4.202428851196451,0.42936,25.96209932938897
2024-11-04 17:42:38,4.202612860457368,0.429,25.72571420883662,4.202428851196451,0.42928,25.962099329388977
2024-11-04 17:42:38,4.202612860457368,0.428,24.2430730354219,4.2024485664744144,0.42916,25.94706608352221
2024-11-04 17:42:38,4.202448566474072,0.428,27.13035904417916,4.2024485664744144,0.42904000000000003,25.989778557830576
2024-11-04 17:42:38,4.202448566474072,0.428,24.2430730354219,4.202441994715082,0.4289200000000001,25.918517192495806
2024-11-04 17:42:39,4.202612860457368,0.429,24.9947353287605,4.202448566474415,0.42884000000000005,25.903897614894287
2024-11-04 17:42:39,4.202284272491052,0.429,23.469396624933097,4.202448566474415,0.42880000000000007,25.888424086684505
2024-11-04 17:42:39,4.202284272491052,0.429,23.469396624933097,4.202448566474415,0.42876000000000014,25.801689193139953
2024-11-04 17:42:39,4.202284272491052,0.429,25.72571420883662,4.2024485664744144,0.42876000000000003,25.78745906830638
2024-11-04 17:42:40,4.202119978508306,0.429,25.72571420883662,4.202448566474414,0.42876,25.73266344706385
2024-11-04 17:42:40,4.202119978508306,0.429,26.437220450515156,4.202448566474414,0.4287599999999999,25.73266344706385
2024-11-04 17:42:40,4.202612860457368,0.429,24.9947353287605,4.202448566474414,0.4287599999999998,25.703813744628764
2024-11-04 17:42:40,4.202777154440939,0.429,26.437220450515156,4.2024485664744144,0.4287599999999998,25.718043869462328
2024-11-04 17:42:41,4.202284272491052,0.429,28.465495270963004,4.202448566474415,0.42875999999999975,25.772839490704854
2024-11-04 17:42:41,4.202284272491052,0.429,25.72571420883662,4.202428851196419,0.42875999999999975,25.75860936587128
2024-11-04 17:42:41,4.202284272491052,0.429,26.437220450515156,4.202428851196419,0.42875999999999975,25.772839490704854
2024-11-04 17:42:41,4.202448566474072,0.429,27.13035904417916,4.20243542295574,0.4287599999999998,25.815551965013224
2024-11-04 17:42:42,4.202777154440939,0.429,26.437220450515156,4.202461709993046,0.4287599999999998,25.829782089846795
2024-11-04 17:42:42,4.202284272491052,0.429,24.9947353287605,4.202468281752356,0.42875999999999975,25.815162512245273
2024-11-04 17:42:42,4.202284272491052,0.428,24.9947353287605,4.202441994715007,0.4287199999999999,25.772450037936906
2024-11-04 17:42:42,4.202941448424786,0.428,25.72571420883662,4.202461709993035,0.42871999999999993,25.802102861405192
2024-11-04 17:42:43,4.202448566474072,0.428,26.437220450515156,4.202441994715006,0.42872,25.83095256384029
2024-11-04 17:42:43,4.202448566474072,0.428,24.9947353287605,4.202448566474326,0.42872000000000005,25.830952563840295
2024-11-04 17:42:43,4.202448566474072,0.428,25.72571420883662,4.20243542295565,0.4286800000000002,25.845572141441817
2024-11-04 17:42:43,4.202612860457368,0.428,22.672238853203226,4.20243542295565,0.42864000000000035,25.756409737622302
2024-11-04 17:42:44,4.202448566474072,0.428,25.72571420883662,4.20244856647428,0.42860000000000037,25.72831684091545
2024-11-04 17:42:44,4.202119978508306,0.429,26.437220450515156,4.202428851196318,0.42860000000000026,25.742546965749025
2024-11-04 17:42:44,4.202284272491052,0.429,23.469396624933097,4.202415707677665,0.4286400000000002,25.697420614070957
2024-11-04 17:42:44,4.202777154440939,0.428,24.2430730354219,4.202428851196341,0.4286400000000002,25.68238736820419
2024-11-04 17:42:45,4.202448566474072,0.428,27.13035904417916,4.202428851196341,0.42864000000000024,25.696250140077467
2024-11-04 17:42:45,4.202448566474072,0.428,25.72571420883662,4.202422279437008,0.42860000000000026,25.741376491755535
2024-11-04 17:42:45,4.202612860457368,0.428,25.72571420883662,4.202435422955662,0.4285600000000003,25.72714636692196
2024-11-04 17:42:45,4.202941448424786,0.428,24.2430730354219,4.2024617099930115,0.4285200000000004,25.683263418620093
2024-11-04 17:42:46,4.202612860457368,0.428,25.72571420883662,4.202474853511664,0.42848000000000047,25.6832634186201
2024-11-04 17:42:46,4.202284272491052,0.428,24.9947353287605,4.202481425270974,0.4284400000000005,25.66864384101858
2024-11-04 17:42:46,4.202612860457368,0.428,24.2430730354219,4.202501140548937,0.42840000000000045,25.653610595151804
2024-11-04 17:42:46,4.201955684525837,0.428,27.13035904417916,4.202474853511676,0.42836000000000046,25.6536105951518
2024-11-04 17:42:47,4.202119978508306,0.428,25.72571420883662,4.202448566474371,0.4283200000000004,25.63938047031823
2024-11-04 17:42:47,4.202612860457368,0.428,22.672238853203226,4.202461709993024,0.42828000000000044,25.60796378667386
2024-11-04 17:42:47,4.202612860457368,0.428,25.72571420883662,4.202474853511677,0.4282400000000004,25.59373366184029
2024-11-04 17:42:47,4.202612860457368,0.428,24.9947353287605,4.202487997030331,0.4282000000000004,25.593733661840293
2024-11-04 17:42:48,4.202448566474072,0.428,27.13035904417916,4.20248799703033,0.42816000000000043,25.580218016680664
2024-11-04 17:42:48,4.202284272491052,0.428,25.72571420883662,4.202468281752334,0.4281200000000005,25.55212511997381
2024-11-04 17:42:48,4.202448566474072,0.428,24.2430730354219,4.202474853511654,0.4280800000000005,25.50824217167194
2024-11-04 17:42:48,4.202777154440939,0.428,24.9947353287605,4.20249456878965,0.4280800000000005,25.49362259407042
2024-11-04 17:42:49,4.202612860457368,0.428,24.9947353287605,4.202481425270953,0.4280800000000005,25.47900301646889
2024-11-04 17:42:49,4.202612860457368,0.428,25.72571420883662,4.2024879970302855,0.4280800000000005,25.437394474602414
2024-11-04 17:42:49,4.202284272491052,0.428,27.13035904417916,4.202481425270964,0.4280800000000005,25.45125724647569
2024-11-04 17:42:49,4.202941448424786,0.428,26.437220450515156,4.202501140548992,0.4280800000000005,25.49514019477756
2024-11-04 17:42:50,4.201955684525837,0.428,24.9947353287605,4.202474853511731,0.4280800000000005,25.452427720469192
2024-11-04 17:42:50,4.202777154440939,0.428,24.9947353287605,4.202487997030405,0.4280800000000005,25.452427720469185
2024-11-04 17:42:50,4.202284272491052,0.428,25.72571420883662,4.2024945687897155,0.42804000000000053,25.452427720469185
2024-11-04 17:42:50,4.202284272491052,0.427,25.72571420883662,4.202494568789716,0.4279600000000004,25.48208054393747
2024-11-04 17:42:51,4.203105742408909,0.427,24.9947353287605,4.202507712308435,0.42792000000000036,25.439368069629104
2024-11-04 17:42:51,4.202777154440939,0.427,28.465495270963004,4.20252085582711,0.4278800000000003,25.52381651433992
2024-11-04 17:42:51,4.202612860457368,0.428,24.2430730354219,4.202527427586443,0.4278800000000003,25.508783268473152
2024-11-04 17:42:51,4.202448566474072,0.428,25.72571420883662,4.202520855827109,0.4278800000000003,25.553909620151227
2024-11-04 17:42:52,4.202448566474072,0.427,25.72571420883662,4.202501140549081,0.4278400000000003,25.599035971829288
2024-11-04 17:42:52,4.202284272491052,0.427,24.2430730354219,4.202487997030428,0.4278000000000003,25.569383148361
2024-11-04 17:42:52,4.202448566474072,0.428,24.9947353287605,4.202494568789748,0.4278000000000003,25.554763570759476
2024-11-04 17:42:52,4.202777154440939,0.428,24.2430730354219,4.202501140549091,0.4278000000000003,25.510880622457613
2024-11-04 17:42:53,4.202777154440939,0.427,24.2430730354219,4.202533999345696,0.4277600000000002,25.495847376590845
2024-11-04 17:42:53,4.202941448424786,0.427,24.2430730354219,4.2025668581423545,0.4277200000000001,25.451964428288978
2024-11-04 17:42:53,4.202941448424786,0.427,26.437220450515156,4.202580001661051,0.42768000000000017,25.411398931880022
2024-11-04 17:42:53,4.202941448424786,0.428,26.437220450515156,4.202593145179747,0.42768000000000017,25.425629056713596
2024-11-04 17:42:54,4.202119978508306,0.428,25.72571420883662,4.2025734299017845,0.42768000000000006,25.411398931880022
2024-11-04 17:42:54,4.202777154440939,0.427,26.437220450515156,4.20258657342046,0.42764,25.397536160006748
2024-11-04 17:42:54,4.202448566474072,0.427,25.72571420883662,4.20259314517978,0.42760000000000004,25.38330603517318
2024-11-04 17:42:54,4.202612860457368,0.427,24.9947353287605,4.202599716939113,0.42756000000000005,25.383306035173177
2024-11-04 17:42:55,4.202777154440939,0.427,23.469396624933097,4.202599716939114,0.42752,25.352799261096624
2024-11-04 17:42:55,4.203105742408909,0.427,26.437220450515156,4.202619432217175,0.42747999999999997,25.3670293859302
2024-11-04 17:42:55,4.202612860457368,0.427,27.13035904417916,4.202619432217175,0.42743999999999993,25.380892157803487
2024-11-04 17:42:55,4.202777154440939,0.427,25.72571420883662,4.202639147495171,0.42739999999999995,25.39551173540501
2024-11-04 17:42:56,4.202941448424786,0.427,25.72571420883662,4.202639147495171,0.4273599999999999,25.39551173540501
2024-11-04 17:42:56,4.202941448424786,0.427,24.2430730354219,4.202678578051129,0.4273199999999999,25.42692841904938
2024-11-04 17:42:56,4.202119978508306,0.427,24.2430730354219,4.202652291013823,0.4272799999999999,25.397275595581085
2024-11-04 17:42:56,4.202941448424786,0.427,24.9947353287605,4.202678578051172,0.42723999999999984,25.36842589314599
2024-11-04 17:42:57,4.202941448424786,0.427,26.437220450515156,4.2027048650885215,0.42723999999999984,25.427782369657624
2024-11-04 17:42:57,4.202941448424786,0.427,24.9947353287605,4.2026982933291555,0.42723999999999984,25.4428156155244
2024-11-04 17:42:57,4.202941448424786,0.427,22.672238853203226,4.202704865088509,0.42723999999999984,25.353653211704877
2024-11-04 17:42:57,4.202941448424786,0.427,26.437220450515156,4.202718008607206,0.4271999999999998,25.36788333653845
2024-11-04 17:42:58,4.202941448424786,0.427,25.72571420883662,4.202737723885233,0.4271599999999997,25.36788333653845
2024-11-04 17:42:58,4.202612860457368,0.427,25.72571420883662,4.202744295644565,0.4271599999999997,25.397536160006748
2024-11-04 17:42:58,4.203270036393308,0.427,26.437220450515156,4.202783726200656,0.4271599999999997,25.411766284840322
2024-11-04 17:42:58,4.203105742408909,0.427,25.72571420883662,4.202810013238049,0.4271199999999997,25.42638586244184
2024-11-04 17:42:59,4.202612860457368,0.426,24.2430730354219,4.202803441478708,0.42703999999999964,25.426385862441844
2024-11-04 17:42:59,4.203270036393308,0.426,25.72571420883662,4.202823156756803,0.4269999999999996,25.398292965734992
2024-11-04 17:42:59,4.203105742408909,0.427,24.9947353287605,4.202829728516168,0.4269999999999996,25.38367338813346
2024-11-04 17:42:59,4.202448566474072,0.427,25.72571420883662,4.202810013238139,0.4269999999999996,25.444742895246137
2024-11-04 17:43:00,4.202777154440939,0.427,26.437220450515156,4.202803441478785,0.4269599999999996,25.45897302007971
2024-11-04 17:43:00,4.203105742408909,0.427,27.13035904417916,4.202842872034811,0.4269199999999996,25.50168549438808
2024-11-04 17:43:00,4.202612860457368,0.427,25.72571420883662,4.202836300275468,0.42691999999999963,25.473592597681236
2024-11-04 17:43:00,4.203105742408909,0.427,24.9947353287605,4.202862587312862,0.42691999999999974,25.458973020079707
2024-11-04 17:43:01,4.202941448424786,0.427,28.465495270963004,4.2028757308315585,0.42691999999999974,25.54342146479053
2024-11-04 17:43:01,4.203105742408909,0.427,24.2430730354219,4.202888874350277,0.42691999999999974,25.528388218923766
2024-11-04 17:43:01,4.202941448424786,0.427,24.9947353287605,4.202882302590911,0.42691999999999974,25.52838821892376
2024-11-04 17:43:01,4.202941448424786,0.427,25.72571420883662,4.202895446109609,0.42691999999999974,25.528388218923755
2024-11-04 17:43:02,4.202777154440939,0.427,28.465495270963004,4.202895446109609,0.42691999999999974,25.555090943459437
2024-11-04 17:43:02,4.202941448424786,0.427,24.2430730354219,4.202895446109609,0.42691999999999974,25.51120799515757
2024-11-04 17:43:02,4.202941448424786,0.427,25.72571420883662,4.202895446109609,0.42691999999999974,25.52582757275909
2024-11-04 17:43:02,4.203105742408909,0.427,26.437220450515156,4.2029348766656325,0.42691999999999974,25.55467727519419
2024-11-04 17:43:03,4.203270036393308,0.427,24.9947353287605,4.2029480201843725,0.42691999999999974,25.540057697592662
2024-11-04 17:43:03,4.202941448424786,0.427,26.437220450515156,4.2029480201843725,0.42691999999999974,25.554287822426232
2024-11-04 17:43:03,4.2034343303779815,0.427,24.2430730354219,4.202967735462499,0.42691999999999974,25.539254576559465
2024-11-04 17:43:03,4.203105742408909,0.427,26.437220450515156,4.202974307221864,0.42691999999999974,25.4986890801505
2024-11-04 17:43:04,4.202777154440939,0.427,27.80614130216054,4.2029677354625115,0.42691999999999974,25.569950445485276
2024-11-04 17:43:04,4.203270036393308,0.427,24.2430730354219,4.202980878981252,0.42691999999999974,25.540297622016983
2024-11-04 17:43:04,4.202941448424786,0.427,24.9947353287605,4.202994022499949,0.42691999999999974,25.525678044415454
2024-11-04 17:43:04,4.202612860457368,0.427,25.72571420883662,4.2029677354625115,0.42691999999999974,25.55533086788375
2024-11-04 17:43:05,4.203105742408909,0.427,21.84997632024192,4.2029677354625115,0.42691999999999974,25.49243568771338
2024-11-04 17:43:05,4.202941448424786,0.427,25.72571420883662,4.202980878981208,0.4269599999999997,25.522088511181675
2024-11-04 17:43:05,4.202941448424786,0.427,24.9947353287605,4.202967735462467,0.42699999999999966,25.53712175704845
2024-11-04 17:43:05,4.203105742408909,0.427,25.72571420883662,4.202967735462468,0.42699999999999966,25.56677458051674
2024-11-04 17:43:06,4.203762918348157,0.427,26.437220450515156,4.2030203095374326,0.42699999999999966,25.56677458051675
2024-11-04 17:43:06,4.203270036393308,0.426,23.469396624933097,4.203040024815527,0.4269599999999996,25.507418104005104
2024-11-04 17:43:06,4.203270036393308,0.426,27.80614130216054,4.203046596574903,0.4269199999999996,25.549026645871585
2024-11-04 17:43:06,4.202941448424786,0.426,26.437220450515156,4.203059740093599,0.42687999999999954,25.54902664587158
2024-11-04 17:43:07,4.202941448424786,0.426,25.72571420883662,4.203053168334233,0.4268399999999995,25.54902664587158
2024-11-04 17:43:07,4.202941448424786,0.426,26.437220450515156,4.203053168334233,0.4267999999999994,25.577876348306674
2024-11-04 17:43:07,4.202612860457368,0.426,24.9947353287605,4.203033453056172,0.42675999999999936,25.608383122383216
2024-11-04 17:43:07,4.202777154440939,0.426,23.469396624933097,4.203026881296818,0.4267199999999994,25.54902664587157
2024-11-04 17:43:08,4.2034343303779815,0.426,24.9947353287605,4.2030465965749455,0.42667999999999945,25.506314171563204
2024-11-04 17:43:08,4.202941448424786,0.426,24.2430730354219,4.203053168334298,0.42663999999999946,25.47666134809491
2024-11-04 17:43:08,4.202941448424786,0.426,24.2430730354219,4.203053168334298,0.4265999999999995,25.44700852462661
2024-11-04 17:43:08,4.203105742408909,0.426,22.672238853203226,4.203059740093663,0.4265599999999995,25.41559184098224
2024-11-04 17:43:09,4.203270036393308,0.426,26.437220450515156,4.203066311853039,0.4265199999999995,25.459474789284105
2024-11-04 17:43:09,4.202941448424786,0.426,23.469396624933097,4.203053168334298,0.4264799999999995,25.42896801520756
2024-11-04 17:43:09,4.203105742408909,0.426,25.72571420883662,4.203059740093664,0.42643999999999954,25.41473789037399
2024-11-04 17:43:09,4.2035986243629315,0.426,27.80614130216054,4.203066311853063,0.42639999999999956,25.470966009841995
2024-11-04 17:43:10,4.202941448424786,0.426,24.9947353287605,4.203059740093697,0.42635999999999963,25.517415939353135
2024-11-04 17:43:10,4.203105742408909,0.426,27.13035904417916,4.203072883612416,0.42631999999999964,25.531278711226413
2024-11-04 17:43:10,4.202941448424786,0.426,27.13035904417916,4.203059740093675,0.42627999999999966,25.55937160793327
2024-11-04 17:43:10,4.2035986243629315,0.426,23.469396624933097,4.203086027131201,0.4262399999999997,25.514245256255197
2024-11-04 17:43:11,4.203105742408909,0.426,25.72571420883662,4.203105742409264,0.4261999999999997,25.500015131421623
2024-11-04 17:43:11,4.2034343303779815,0.426,27.80614130216054,4.203118885928026,0.42615999999999965,25.541623673288104
2024-11-04 17:43:11,4.202941448424786,0.426,24.2430730354219,4.203118885928026,0.42611999999999967,25.5416236732881
2024-11-04 17:43:11,4.203270036393308,0.426,22.672238853203226,4.203132029446767,0.4260799999999997,25.480554166175434
2024-11-04 17:43:12,4.202941448424786,0.426,24.9947353287605,4.203125457687401,0.4260399999999997,25.480554166175438
2024-11-04 17:43:12,4.2034343303779815,0.425,25.72571420883662,4.203112314168593,0.4259599999999997,25.480554166175434
2024-11-04 17:43:12,4.203270036393308,0.425,26.437220450515156,4.203112314168593,0.42591999999999985,25.480554166175445
2024-11-04 17:43:12,4.202777154440939,0.425,24.9947353287605,4.2030925988905,0.4258799999999999,25.437841691867064
2024-11-04 17:43:13,4.203105742408909,0.425,24.9947353287605,4.203099170649865,0.42584000000000005,25.423222114265545
2024-11-04 17:43:13,4.203105742408909,0.425,24.2430730354219,4.20310574240923,0.4258000000000001,25.40818886839877
2024-11-04 17:43:13,4.2035986243629315,0.425,24.2430730354219,4.203132029446755,0.4257600000000002,25.32374042368795
2024-11-04 17:43:13,4.202777154440939,0.425,26.437220450515156,4.203138601206099,0.42572000000000026,25.36762337198981
2024-11-04 17:43:14,4.203105742408909,0.425,28.465495270963004,4.203151744724819,0.4256800000000003,25.437038570833867
2024-11-04 17:43:14,4.203105742408909,0.425,24.2430730354219,4.2031386012060565,0.4256400000000003,25.407385747365574
2024-11-04 17:43:14,4.203105742408909,0.425,25.72571420883662,4.203145172965422,0.4256000000000003,25.35259012612305
2024-11-04 17:43:14,4.203105742408909,0.425,24.9947353287605,4.203151744724789,0.4255600000000003,25.367623371989815
2024-11-04 17:43:15,4.203105742408909,0.425,24.2430730354219,4.203151744724789,0.42552000000000034,25.337970548521515
2024-11-04 17:43:15,4.202941448424786,0.425,26.437220450515156,4.203138601206047,0.42548000000000036,25.337970548521525
2024-11-04 17:43:15,4.203105742408909,0.425,24.9947353287605,4.203145172965411,0.4254400000000004,25.337970548521522
2024-11-04 17:43:15,4.202777154440939,0.425,25.72571420883662,4.203132029446692,0.42540000000000044,25.32374042368795
2024-11-04 17:43:16,4.2034343303779815,0.425,24.2430730354219,4.203125457687293,0.42536000000000046,25.323740423687955
2024-11-04 17:43:16,4.203105742408909,0.425,26.437220450515156,4.2031320294466585,0.4253200000000005,25.32374042368795
2024-11-04 17:43:16,4.202941448424786,0.425,25.72571420883662,4.203125457687293,0.42528000000000044,25.28213188182147
2024-11-04 17:43:16,4.202777154440939,0.425,22.672238853203226,4.203118885927939,0.42524000000000045,25.2507151981771
2024-11-04 17:43:17,4.203270036393308,0.425,24.2430730354219,4.203105742409154,0.4252000000000004,25.235681952310323
2024-11-04 17:43:17,4.203270036393308,0.425,24.9947353287605,4.20311231416853,0.4251600000000004,25.221062374708804
2024-11-04 17:43:17,4.203270036393308,0.425,26.437220450515156,4.203105742409143,0.4251200000000004,25.31280725731426
2024-11-04 17:43:17,4.203105742408909,0.425,24.9947353287605,4.203112314168508,0.4250800000000004,25.298187679712733
2024-11-04 17:43:18,4.2035986243629315,0.425,26.437220450515156,4.203125457687293,0.4250400000000004,25.32703738214783
2024-11-04 17:43:18,4.203270036393308,0.425,26.437220450515156,4.203138601206034,0.4250000000000004,25.341267506981403
2024-11-04 17:43:18,4.2035986243629315,0.425,24.9947353287605,4.203145172965433,0.4250000000000004,25.312417804546307
2024-11-04 17:43:18,4.202941448424786,0.425,24.9947353287605,4.203132029446691,0.4250000000000004,25.34292457862286
2024-11-04 17:43:19,4.203270036393308,0.425,24.9947353287605,4.203151744724787,0.4250000000000004,25.28669645915486
2024-11-04 17:43:19,4.2034343303779815,0.425,25.72571420883662,4.203164888243548,0.4250000000000004,25.272466334321297
2024-11-04 17:43:19,4.202777154440939,0.425,26.437220450515156,4.20315174472483,0.4250000000000004,25.286696459154864
2024-11-04 17:43:19,4.203270036393308,0.424,24.9947353287605,4.203138601206046,0.4249600000000003,25.25784675671978
2024-11-04 17:43:20,4.203105742408909,0.424,25.72571420883662,4.203151744724765,0.42492000000000024,25.272466334321308
2024-11-04 17:43:20,4.202612860457368,0.424,25.72571420883662,4.203132029446702,0.4248800000000002,25.317592685999372
2024-11-04 17:43:20,4.2035986243629315,0.425,24.9947353287605,4.203151744724862,0.4248800000000002,25.317592685999365
2024-11-04 17:43:20,4.203270036393308,0.425,26.437220450515156,4.203158316484238,0.4248800000000002,25.36147563430122
2024-11-04 17:43:21,4.2035986243629315,0.424,27.13035904417916,4.2031780317624,0.42484000000000016,25.41922135447637
2024-11-04 17:43:21,4.203270036393308,0.424,26.437220450515156,4.203184603521776,0.4248000000000002,25.494520986422604
2024-11-04 17:43:21,4.203105742408909,0.425,24.9947353287605,4.203191175281141,0.4248000000000002,25.465671283987508
2024-11-04 17:43:21,4.203105742408909,0.425,25.72571420883662,4.203191175281142,0.4248000000000002,25.510797635665586
2024-11-04 17:43:22,4.203270036393308,0.424,22.672238853203226,4.2032108905592365,0.4247600000000001,25.44972812855291
2024-11-04 17:43:22,4.203270036393308,0.424,25.72571420883662,4.20320431879985,0.42472,25.408119586686436
2024-11-04 17:43:22,4.2035986243629315,0.424,26.437220450515156,4.20322403407801,0.42468000000000006,25.436969289121535
2024-11-04 17:43:22,4.202941448424786,0.424,24.2430730354219,4.20322403407801,0.42463999999999996,25.379223568946394
2024-11-04 17:43:23,4.202777154440939,0.424,25.72571420883662,4.20322403407801,0.42459999999999987,25.35113067223954
2024-11-04 17:43:23,4.204091506319434,0.424,27.13035904417916,4.203256892875055,0.4245599999999998,25.42434992062447
2024-11-04 17:43:23,4.2034343303779815,0.424,24.9947353287605,4.203263464634441,0.42451999999999984,25.40973034302294
2024-11-04 17:43:23,4.202941448424786,0.424,26.437220450515156,4.203250321115699,0.42447999999999986,25.382351925990033
2024-11-04 17:43:24,4.203762918348157,0.424,27.13035904417916,4.203276608153269,0.4244399999999999,25.44009764616518
2024-11-04 17:43:24,4.2034343303779815,0.424,24.2430730354219,4.203270036393869,0.4243999999999999,25.47151432980955
2024-11-04 17:43:24,4.203105742408909,0.424,26.437220450515156,4.203263464634493,0.42435999999999985,25.50036403224465
2024-11-04 17:43:24,4.203270036393308,0.424,24.9947353287605,4.203250321115709,0.4243199999999998,25.48574445464312
2024-11-04 17:43:25,4.203762918348157,0.424,27.13035904417916,4.203283179912644,0.4242799999999998,25.4996072265164
2024-11-04 17:43:25,4.203270036393308,0.424,24.2430730354219,4.203283179912645,0.4242399999999998,25.484573980649635
2024-11-04 17:43:25,4.2035986243629315,0.424,22.672238853203226,4.203289751672043,0.42419999999999974,25.438124051138473
2024-11-04 17:43:25,4.2034343303779815,0.424,26.437220450515156,4.203316038709524,0.4241599999999997,25.482006999440355
2024-11-04 17:43:26,4.203270036393308,0.424,26.437220450515156,4.203316038709525,0.4241599999999997,25.525889947742215
2024-11-04 17:43:26,4.203105742408909,0.424,24.9947353287605,4.203316038709525,0.4241599999999997,25.497040245307122
2024-11-04 17:43:26,4.203762918348157,0.424,26.437220450515156,4.203362041025157,0.42415999999999976,25.456474748898163
2024-11-04 17:43:26,4.203762918348157,0.424,27.13035904417916,4.203368612784567,0.4241199999999998,25.5142204690733
2024-11-04 17:43:27,4.2034343303779815,0.424,25.72571420883662,4.203375184543953,0.42407999999999973,25.514220469073308
2024-11-04 17:43:27,4.2035986243629315,0.424,25.72571420883662,4.203375184543953,0.42407999999999973,25.52884004667483
2024-11-04 17:43:27,4.2034343303779815,0.424,24.9947353287605,4.20338175630334,0.42407999999999973,25.543873292541598
2024-11-04 17:43:27,4.203270036393308,0.424,27.80614130216054,4.203388328062716,0.42403999999999975,25.571251709574504
2024-11-04 17:43:28,4.2034343303779815,0.424,25.72571420883662,4.203401471581478,0.42399999999999977,25.585871287176033
2024-11-04 17:43:28,4.2034343303779815,0.424,24.2430730354219,4.203408043340865,0.42399999999999977,25.556218463707733
2024-11-04 17:43:28,4.2034343303779815,0.424,24.9947353287605,4.20341461510025,0.42399999999999977,25.571251709574508
2024-11-04 17:43:28,4.2034343303779815,0.424,25.72571420883662,4.203408043340852,0.42399999999999977,25.557021584740934
2024-11-04 17:43:29,4.2035986243629315,0.424,26.437220450515156,4.203434330378378,0.42399999999999977,25.571251709574508
2024-11-04 17:43:29,4.2035986243629315,0.424,24.9947353287605,4.2034671891752575,0.42399999999999977,25.61770163908565
2024-11-04 17:43:29,4.2035986243629315,0.424,25.72571420883662,4.203447473896999,0.42399999999999977,25.64735446255395
2024-11-04 17:43:29,4.203270036393308,0.424,25.72571420883662,4.203440902137612,0.42399999999999977,25.661974040155474
2024-11-04 17:43:30,4.2035986243629315,0.424,27.80614130216054,4.2034671891751385,0.42399999999999977,25.68935245718837
2024-11-04 17:43:30,4.2034343303779815,0.424,24.9947353287605,4.203454045656331,0.42399999999999977,25.689352457188374
2024-11-04 17:43:30,4.2035986243629315,0.423,24.9947353287605,4.20346061741573,0.4239599999999997,25.660502754753278
2024-11-04 17:43:30,4.2034343303779815,0.423,26.437220450515156,4.203473760934493,0.4239199999999997,25.66050275475329
2024-11-04 17:43:31,4.2039272123336575,0.424,24.2430730354219,4.203500047972107,0.4239199999999997,25.645469508886514
2024-11-04 17:43:31,4.2034343303779815,0.424,24.2430730354219,4.2034869044533005,0.4239199999999997,25.630436263019746
2024-11-04 17:43:31,4.2034343303779815,0.424,25.72571420883662,4.203493476212686,0.4239199999999997,25.64505584062126
2024-11-04 17:43:31,4.203270036393308,0.424,25.72571420883662,4.203480332693901,0.4239199999999997,25.64505584062126
2024-11-04 17:43:32,4.202941448424786,0.424,25.72571420883662,4.2034606174157725,0.4239199999999997,25.630825715787687
2024-11-04 17:43:32,4.2034343303779815,0.423,27.13035904417916,4.203467189175158,0.4238799999999997,25.673538190096057
2024-11-04 17:43:32,4.2034343303779815,0.423,26.437220450515156,4.20348033269392,0.4238399999999997,25.687768314929627
2024-11-04 17:43:32,4.2035986243629315,0.424,21.000806169342923,4.203473760934512,0.4238399999999997,25.593270154139756
2024-11-04 17:43:33,4.2035986243629315,0.424,23.469396624933097,4.203467189175103,0.4238399999999997,25.562763380063203
2024-11-04 17:43:33,4.2039272123336575,0.424,28.465495270963004,4.203486904453331,0.4238399999999997,25.603328876472165
2024-11-04 17:43:33,4.2042558003054875,0.423,27.80614130216054,4.203513191491032,0.4237999999999997,25.616844521631787
2024-11-04 17:43:33,4.203762918348157,0.423,24.9947353287605,4.20352633500984,0.42375999999999964,25.58799481919669
2024-11-04 17:43:34,4.2034343303779815,0.423,26.437220450515156,4.203532906769228,0.42371999999999965,25.61684452163179
2024-11-04 17:43:34,4.2035986243629315,0.423,25.72571420883662,4.203539478528626,0.42367999999999967,25.61684452163179
2024-11-04 17:43:34,4.2042558003054875,0.423,26.437220450515156,4.203572337325725,0.4236399999999996,25.692144153578038
2024-11-04 17:43:34,4.2035986243629315,0.423,24.9947353287605,4.203578909085125,0.4235999999999995,25.677524575976516
2024-11-04 17:43:35,4.2035986243629315,0.423,25.72571420883662,4.203585480844523,0.42355999999999944,25.66329445114294
2024-11-04 17:43:35,4.2035986243629315,0.423,24.9947353287605,4.203585480844523,0.42351999999999945,25.678327697009713
2024-11-04 17:43:35,4.204420094291815,0.423,24.9947353287605,4.203618339641676,0.42347999999999947,25.66370811940819
2024-11-04 17:43:35,4.2035986243629315,0.423,24.9947353287605,4.203618339641676,0.4234399999999996,25.620995645099814
2024-11-04 17:43:36,4.2035986243629315,0.423,25.72571420883662,4.2036314831604615,0.42339999999999955,25.635615222701343
2024-11-04 17:43:36,4.2035986243629315,0.423,24.9947353287605,4.203631483160462,0.42335999999999957,25.60676552026625
2024-11-04 17:43:36,4.203270036393308,0.423,24.9947353287605,4.203624911401076,0.4233199999999996,25.56405304595788
2024-11-04 17:43:36,4.204091506319434,0.423,24.9947353287605,4.203644626679336,0.4233199999999996,25.579086291824648
2024-11-04 17:43:37,4.2039272123336575,0.423,24.9947353287605,4.203664341957563,0.4233199999999996,25.55023658938956
2024-11-04 17:43:37,4.203762918348157,0.423,28.465495270963004,4.203657770198143,0.4232799999999996,25.619651788233604
2024-11-04 17:43:37,4.203270036393308,0.423,25.72571420883662,4.203651198438757,0.4232399999999996,25.59155889152675
2024-11-04 17:43:37,4.2035986243629315,0.423,25.72571420883662,4.203657770198155,0.4231999999999996,25.62121171499504
2024-11-04 17:43:38,4.2035986243629315,0.423,26.437220450515156,4.20367091371694,0.4231599999999996,25.69651134694128
2024-11-04 17:43:38,4.204091506319434,0.423,25.72571420883662,4.203716916032725,0.42311999999999955,25.68228122210771
2024-11-04 17:43:38,4.204420094291815,0.423,26.437220450515156,4.2037563465892775,0.42311999999999955,25.68228122210771
2024-11-04 17:43:38,4.2035986243629315,0.423,26.437220450515156,4.2037629183486755,0.42311999999999955,25.711130924542815
2024-11-04 17:43:39,4.2034343303779815,0.423,27.13035904417916,4.203756346589277,0.42307999999999957,25.724993696416092
2024-11-04 17:43:39,4.2039272123336575,0.423,22.672238853203226,4.203769490108106,0.4230399999999996,25.635831292596567
2024-11-04 17:43:39,4.2039272123336575,0.423,26.437220450515156,4.203769490108106,0.42299999999999954,25.65006141743014
2024-11-04 17:43:39,4.2039272123336575,0.423,25.72571420883662,4.203756346589234,0.42299999999999954,25.65006141743014
2024-11-04 17:43:40,4.2034343303779815,0.423,24.9947353287605,4.203743203070426,0.42299999999999954,25.650061417430138
2024-11-04 17:43:40,4.203762918348157,0.423,25.72571420883662,4.203756346589233,0.42299999999999954,25.60845287556366
2024-11-04 17:43:40,4.203762918348157,0.422,24.9947353287605,4.203762918348642,0.4229599999999996,25.593833297962142
2024-11-04 17:43:40,4.203762918348157,0.422,27.13035904417916,4.203743203070349,0.42291999999999974,25.65157901813729
2024-11-04 17:43:41,4.2039272123336575,0.423,24.9947353287605,4.203756346589179,0.42291999999999974,25.651579018137287
2024-11-04 17:43:41,4.2035986243629315,0.423,24.9947353287605,4.203756346589179,0.42291999999999974,25.636959440535765
2024-11-04 17:43:41,4.204420094291815,0.423,27.80614130216054,4.203789205386334,0.42291999999999974,25.664337857568672
2024-11-04 17:43:41,4.203762918348157,0.423,27.13035904417916,4.203762918348588,0.42291999999999974,25.70705033187704
2024-11-04 17:43:42,4.2034343303779815,0.423,25.72571420883662,4.203756346589189,0.4229199999999997,25.707050331877046
2024-11-04 17:43:42,4.204420094291815,0.422,27.80614130216054,4.203789205386344,0.4228799999999997,25.748658873743526
2024-11-04 17:43:42,4.2035986243629315,0.422,26.437220450515156,4.203789205386345,0.42283999999999977,25.72128045671062
2024-11-04 17:43:42,4.2034343303779815,0.422,24.9947353287605,4.203795777145731,0.42279999999999984,25.721280456710616
2024-11-04 17:43:43,4.204091506319434,0.422,24.2430730354219,4.203795777145731,0.42275999999999997,25.70624721084384
2024-11-04 17:43:43,4.204091506319434,0.422,23.469396624933097,4.203802348905162,0.42272000000000004,25.646890734332207
2024-11-04 17:43:43,4.204420094291815,0.422,24.9947353287605,4.203828635942907,0.42268000000000017,25.66192398019897
2024-11-04 17:43:43,4.2035986243629315,0.422,25.72571420883662,4.203841779461692,0.4226400000000002,25.691576803667267
2024-11-04 17:43:44,4.203762918348157,0.422,25.72571420883662,4.203848351221103,0.4226000000000002,25.691576803667267
2024-11-04 17:43:44,4.203762918348157,0.422,26.437220450515156,4.203854922980512,0.4225600000000002,25.705806928500834
2024-11-04 17:43:44,4.2035986243629315,0.422,27.13035904417916,4.203835207702252,0.42252000000000023,25.733899825207686
2024-11-04 17:43:44,4.203762918348157,0.422,25.72571420883662,4.203808920664505,0.4224800000000002,25.70580692850084
2024-11-04 17:43:45,4.2034343303779815,0.422,25.72571420883662,4.203802348905107,0.4224400000000002,25.691576803667267
2024-11-04 17:43:45,4.203762918348157,0.422,24.9947353287605,4.203815492423915,0.4224000000000002,25.771455386855617
2024-11-04 17:43:45,4.203762918348157,0.422,24.2430730354219,4.203808920664495,0.42236000000000035,25.786928915065392
2024-11-04 17:43:45,4.203762918348157,0.422,24.9947353287605,4.203802348905075,0.42232000000000036,25.717513716221344
2024-11-04 17:43:46,4.2039272123336575,0.422,25.72571420883662,4.203802348905076,0.4222800000000004,25.675905174354867
2024-11-04 17:43:46,4.2039272123336575,0.422,25.72571420883662,4.203822064183302,0.42224000000000034,25.690524751956392
2024-11-04 17:43:46,4.2039272123336575,0.422,26.437220450515156,4.203828635942722,0.42220000000000035,25.690524751956392
2024-11-04 17:43:46,4.204584388278419,0.422,24.9947353287605,4.203861494739933,0.42220000000000035,25.67590517435487
2024-11-04 17:43:47,4.2039272123336575,0.421,25.72571420883662,4.203868066499353,0.4221600000000002,25.6616750495213
2024-11-04 17:43:47,4.203762918348157,0.421,26.437220450515156,4.203861494739934,0.4220800000000002,25.690524751956392
2024-11-04 17:43:47,4.204091506319434,0.421,25.72571420883662,4.203881210018194,0.42200000000000015,25.690524751956392
2024-11-04 17:43:47,4.2034343303779815,0.422,25.72571420883662,4.20384177946164,0.42196000000000017,25.705144329557907
2024-11-04 17:43:48,4.204420094291815,0.422,26.437220450515156,4.203868066499386,0.42192000000000013,25.733994031993007
2024-11-04 17:43:48,4.2035986243629315,0.422,26.437220450515156,4.203874638258784,0.42188000000000014,25.7628437344281
2024-11-04 17:43:48,4.203762918348157,0.422,24.2430730354219,4.203848351221038,0.42188000000000025,25.733190910959806
2024-11-04 17:43:48,4.203762918348157,0.421,25.72571420883662,4.2038549229804465,0.4218400000000002,25.747810488561335
2024-11-04 17:43:49,4.203762918348157,0.421,24.9947353287605,4.203868066499253,0.4218000000000001,25.74781048856133
2024-11-04 17:43:49,4.203762918348157,0.422,25.72571420883662,4.203854922980401,0.42180000000000006,25.76243006616285
2024-11-04 17:43:49,4.2039272123336575,0.422,26.437220450515156,4.20384835122097,0.42180000000000006,25.791279768597942
2024-11-04 17:43:49,4.2039272123336575,0.421,22.672238853203226,4.203828635942645,0.42176,25.67541464024275
2024-11-04 17:43:50,4.2039272123336575,0.421,26.437220450515156,4.203841779461474,0.42172,25.689644765076327
2024-11-04 17:43:50,4.2042558003054875,0.421,25.72571420883662,4.203861494739767,0.42168,25.68964476507632
2024-11-04 17:43:50,4.2035986243629315,0.421,25.72571420883662,4.203854922980359,0.42163999999999996,25.675414640242742
2024-11-04 17:43:50,4.2039272123336575,0.421,24.9947353287605,4.203868066499188,0.4215999999999998,25.660795062641224
2024-11-04 17:43:51,4.203762918348157,0.421,24.2430730354219,4.203868066499188,0.4215599999999998,25.616912114339357
2024-11-04 17:43:51,4.204091506319434,0.421,25.72571420883662,4.203894353536847,0.42151999999999995,25.602681989505783
2024-11-04 17:43:51,4.204091506319434,0.421,26.437220450515156,4.203907497055697,0.42147999999999997,25.588819217632498
2024-11-04 17:43:51,4.2035986243629315,0.421,25.72571420883662,4.2039009252962884,0.4214399999999999,25.649888724745168
2024-11-04 17:43:52,4.2039272123336575,0.421,27.13035904417916,4.203907497055709,0.4213999999999998,25.663751496618445
2024-11-04 17:43:52,4.2042558003054875,0.421,25.72571420883662,4.20392064057458,0.42135999999999973,25.663751496618453
2024-11-04 17:43:52,4.204091506319434,0.421,25.72571420883662,4.203927212334011,0.4213199999999997,25.678371074219978
2024-11-04 17:43:52,4.203762918348157,0.421,25.72571420883662,4.203920640574591,0.4212799999999997,25.678371074219967
2024-11-04 17:43:53,4.2035986243629315,0.421,25.72571420883662,4.203881210017971,0.4212399999999997,25.692990651821493
2024-11-04 17:43:53,4.204091506319434,0.421,24.9947353287605,4.203887781777401,0.42123999999999967,25.650278177513123
2024-11-04 17:43:53,4.2039272123336575,0.421,25.72571420883662,4.203894353536821,0.42123999999999967,25.664897755114644
2024-11-04 17:43:53,4.204091506319434,0.421,27.80614130216054,4.203894353536822,0.4212399999999996,25.72112587458265
2024-11-04 17:43:54,4.2042558003054875,0.42,25.72571420883662,4.203927212333921,0.4211599999999997,25.67951733271617
2024-11-04 17:43:54,4.2039272123336575,0.42,26.437220450515156,4.203907497055595,0.42107999999999984,25.665654560842885
2024-11-04 17:43:54,4.2039272123336575,0.42,24.2430730354219,4.203920640574425,0.42099999999999993,25.636001737374595
2024-11-04 17:43:54,4.2039272123336575,0.421,24.9947353287605,4.203927212333846,0.42095999999999995,25.579773617906593
2024-11-04 17:43:55,4.204091506319434,0.421,27.13035904417916,4.203940355852697,0.42095999999999995,25.59363638977988
2024-11-04 17:43:55,4.2042558003054875,0.421,25.72571420883662,4.2039600711309895,0.42095999999999995,25.6082559673814
2024-11-04 17:43:55,4.204420094291815,0.421,25.72571420883662,4.203986358168735,0.42091999999999985,25.63790879084969
2024-11-04 17:43:55,4.2039272123336575,0.42,26.437220450515156,4.203986358168735,0.4208399999999999,25.697265267361335
2024-11-04 17:43:56,4.204420094291815,0.42,27.13035904417916,4.204006073447061,0.4207999999999999,25.739977741669712
2024-11-04 17:43:56,4.204091506319434,0.42,25.72571420883662,4.204012645206492,0.42076,25.73997774166972
2024-11-04 17:43:56,4.204420094291815,0.421,24.2430730354219,4.204019216965945,0.42076,25.71032491820142
2024-11-04 17:43:56,4.2042558003054875,0.421,25.72571420883662,4.204045504003647,0.42076,25.69609479336785
2024-11-04 17:43:57,4.204091506319434,0.421,24.9947353287605,4.204052075763077,0.42076,25.653382319059478
2024-11-04 17:43:57,4.204091506319434,0.42,24.9947353287605,4.204065219281927,0.42072000000000004,25.63876274145795
2024-11-04 17:43:57,4.204091506319434,0.42,27.13035904417916,4.204065219281927,0.42068000000000005,25.6668556381648
2024-11-04 17:43:57,4.204091506319434,0.42,26.437220450515156,4.204065219281928,0.42064000000000007,25.695705340599897
2024-11-04 17:43:58,4.2042558003054875,0.42,26.437220450515156,4.204091506319631,0.4206000000000001,25.73958828890176
2024-11-04 17:43:58,4.204420094291815,0.42,25.72571420883662,4.204111221597956,0.4205600000000002,25.754207866503283
2024-11-04 17:43:58,4.2042558003054875,0.42,27.13035904417916,4.204111221597956,0.4205200000000002,25.782300763210127
2024-11-04 17:43:58,4.204091506319434,0.42,27.80614130216054,4.204111221597956,0.42048000000000024,25.823909305076608
2024-11-04 17:43:59,4.2039272123336575,0.42,26.437220450515156,4.204117793357377,0.42044000000000026,25.823909305076604
2024-11-04 17:43:59,4.203762918348157,0.42,24.2430730354219,4.204124365116787,0.42040000000000033,25.80887605920983
2024-11-04 17:43:59,4.204420094291815,0.42,27.13035904417916,4.204137508635682,0.42036000000000034,25.836968955916692
2024-11-04 17:43:59,4.2039272123336575,0.42,23.469396624933097,4.204137508635682,0.4203200000000003,25.77761247940504
2024-11-04 17:44:00,4.204420094291815,0.42,26.437220450515156,4.204150652154577,0.4202800000000003,25.791842604238617
2024-11-04 17:44:00,4.203762918348157,0.42,24.9947353287605,4.204130936876283,0.4202800000000003,25.77722302663709
2024-11-04 17:44:00,4.2042558003054875,0.419,24.9947353287605,4.204144080395157,0.4202400000000003,25.748373324201992
2024-11-04 17:44:00,4.204091506319434,0.419,24.2430730354219,4.204150652154588,0.42020000000000024,25.704490375900136
2024-11-04 17:44:01,4.2039272123336575,0.42,25.72571420883662,4.204150652154589,0.42016000000000026,25.734143199368436
2024-11-04 17:44:01,4.203762918348157,0.42,27.13035904417916,4.204137508635738,0.42012000000000027,25.76223609607528
2024-11-04 17:44:01,4.204420094291815,0.42,24.9947353287605,4.20414408039519,0.4200800000000003,25.762236096075284
2024-11-04 17:44:01,4.203762918348157,0.42,25.72571420883662,4.204117793357446,0.42004000000000025,25.762236096075284
2024-11-04 17:44:02,4.204091506319434,0.42,23.469396624933097,4.2041243651168765,0.42004000000000036,25.702879619563642
2024-11-04 17:44:02,4.204091506319434,0.42,24.9947353287605,4.204111221597981,0.4200400000000004,25.749329549074783
2024-11-04 17:44:02,4.204091506319434,0.42,25.72571420883662,4.204111221597981,0.4200400000000004,25.735099424241206
2024-11-04 17:44:02,4.2035986243629315,0.42,25.72571420883662,4.204078362800826,0.42000000000000043,25.735099424241206
2024-11-04 17:44:03,4.204420094291815,0.419,27.13035904417916,4.20408493456028,0.41992000000000035,25.76319232094806
2024-11-04 17:44:03,4.2035986243629315,0.419,24.9947353287605,4.204065219282019,0.4198400000000003,25.763192320948054
2024-11-04 17:44:03,4.2042558003054875,0.419,24.9947353287605,4.204071791041461,0.41980000000000023,25.77822556681482
2024-11-04 17:44:03,4.204091506319434,0.419,26.437220450515156,4.20407179104146,0.4197600000000002,25.792455691648403
2024-11-04 17:44:04,4.2042558003054875,0.419,24.9947353287605,4.204078362800902,0.41972000000000015,25.763605989213307
2024-11-04 17:44:04,4.2039272123336575,0.42,26.437220450515156,4.20406521928203,0.41972000000000015,25.777836114046877
2024-11-04 17:44:04,4.203762918348157,0.42,25.72571420883662,4.204038932244283,0.41972000000000015,25.74974321734002
2024-11-04 17:44:04,4.2042558003054875,0.42,24.2430730354219,4.204038932244282,0.4197200000000002,25.72009039387173
2024-11-04 17:44:05,4.2042558003054875,0.42,24.9947353287605,4.204045504003724,0.4197200000000003,25.705470816270207
2024-11-04 17:44:05,4.204091506319434,0.419,24.9947353287605,4.204052075763155,0.41968000000000033,25.69085123866869
2024-11-04 17:44:05,4.203762918348157,0.419,25.72571420883662,4.204052075763156,0.41964000000000035,25.690851238668692
2024-11-04 17:44:05,4.204091506319434,0.419,26.437220450515156,4.204038932244259,0.4196000000000003,25.719700941103785
2024-11-04 17:44:06,4.204420094291815,0.419,24.2430730354219,4.204058647522586,0.41956000000000027,25.69004811763549
2024-11-04 17:44:06,4.204420094291815,0.419,24.2430730354219,4.204058647522585,0.41952000000000017,25.61878675230072
2024-11-04 17:44:06,4.204584388278419,0.419,24.2430730354219,4.204091506319796,0.41948000000000013,25.589133928832428
2024-11-04 17:44:06,4.204584388278419,0.419,26.437220450515156,4.204104649838714,0.41948000000000013,25.589133928832435
2024-11-04 17:44:07,4.204091506319434,0.419,27.13035904417916,4.2041046498387145,0.41948000000000013,25.646879649007573
2024-11-04 17:44:07,4.204091506319434,0.419,24.9947353287605,4.204111221598145,0.41944000000000015,25.64687964900757
2024-11-04 17:44:07,4.204420094291815,0.419,27.80614130216054,4.204137508635892,0.4194000000000001,25.660395294167202
2024-11-04 17:44:07,4.204091506319434,0.419,24.9947353287605,4.2041243651169955,0.4193600000000001,25.64577571656568
2024-11-04 17:44:08,4.204420094291815,0.419,24.9947353287605,4.204150652154742,0.41932000000000014,25.63115613896415
2024-11-04 17:44:08,4.2042558003054875,0.419,25.72571420883662,4.204157223914184,0.4192800000000002,25.616926014130584
2024-11-04 17:44:08,4.204420094291815,0.419,24.9947353287605,4.20417036743308,0.4192400000000002,25.574213539822207
2024-11-04 17:44:08,4.204091506319434,0.419,26.437220450515156,4.20417036743308,0.41920000000000024,25.588443664655777
2024-11-04 17:44:09,4.204584388278419,0.419,24.2430730354219,4.204209797989699,0.41916000000000025,25.588443664655784
2024-11-04 17:44:09,4.204748682265299,0.419,25.72571420883662,4.204222941508638,0.41916000000000025,25.588443664655788
2024-11-04 17:44:09,4.204584388278419,0.419,24.2430730354219,4.204262372065258,0.41916000000000025,25.573410418789013
2024-11-04 17:44:09,4.204420094291815,0.419,25.72571420883662,4.204268943824711,0.4191600000000002,25.58802999639053
2024-11-04 17:44:10,4.2042558003054875,0.419,26.437220450515156,4.204275515584152,0.4191600000000002,25.57416722451726
2024-11-04 17:44:10,4.204584388278419,0.419,25.72571420883662,4.20428865910307,0.4191600000000002,25.559937099683683
2024-11-04 17:44:10,4.204420094291815,0.419,23.469396624933097,4.204308374381395,0.4191200000000002,25.50058062317205
2024-11-04 17:44:10,4.2039272123336575,0.419,24.2430730354219,4.204314946140817,0.41908000000000023,25.47092779970376
2024-11-04 17:44:11,4.204091506319434,0.419,25.72571420883662,4.204308374381375,0.4190400000000002,25.4428349029969
2024-11-04 17:44:11,4.204091506319434,0.419,24.9947353287605,4.2043018026219325,0.4190000000000002,25.3866067835289
2024-11-04 17:44:11,4.204584388278419,0.419,24.9947353287605,4.2043215179002935,0.4190000000000002,25.357757081093805
2024-11-04 17:44:11,4.2042558003054875,0.418,23.469396624933097,4.204341233178585,0.41896000000000017,25.342283552884023
2024-11-04 17:44:12,4.204091506319434,0.418,26.437220450515156,4.204341233178585,0.4189200000000001,25.328420781010735
2024-11-04 17:44:12,4.205077270239886,0.418,25.72571420883662,4.2043675202165085,0.41888000000000003,25.37354713268881
2024-11-04 17:44:12,4.198505510957618,0.418,26.437220450515156,4.204130936883142,0.41884,25.37354713268881
2024-11-04 17:44:12,4.204420094291815,0.418,27.13035904417916,4.204124365123677,0.41879999999999995,25.416259606997187
2024-11-04 17:44:13,4.2042558003054875,0.419,24.9947353287605,4.20411122160476,0.41879999999999995,25.416259606997183
2024-11-04 17:44:13,4.204420094291815,0.419,26.437220450515156,4.204124365123654,0.41879999999999995,25.460142555299054
2024-11-04 17:44:13,4.204420094291815,0.418,27.13035904417916,4.20413750864255,0.4187599999999999,25.488235452005906
2024-11-04 17:44:13,4.204584388278419,0.418,24.2430730354219,4.204144080402013,0.41871999999999987,25.430489731830757
2024-11-04 17:44:14,4.204420094291815,0.418,26.437220450515156,4.204157223920908,0.41867999999999983,25.459339434265857
2024-11-04 17:44:14,4.204584388278419,0.418,24.9947353287605,4.204163795680373,0.41863999999999973,25.44471985666434
2024-11-04 17:44:14,4.204584388278419,0.418,25.72571420883662,4.204176939199289,0.4185999999999997,25.489846208342406
2024-11-04 17:44:14,4.2039272123336575,0.418,24.2430730354219,4.204157223920964,0.41855999999999965,25.47481296247563
2024-11-04 17:44:15,4.204420094291815,0.418,24.9947353287605,4.2041703674398585,0.4185199999999996,25.46019338487411
2024-11-04 17:44:15,4.2039272123336575,0.418,25.72571420883662,4.204144080402069,0.4184799999999996,25.46019338487411
2024-11-04 17:44:15,4.2042558003054875,0.418,26.437220450515156,4.204124365123677,0.4184399999999996,25.44633061300083
2024-11-04 17:44:15,4.203762918348157,0.418,27.13035904417916,4.204091506326467,0.4183999999999996,25.489043087309195
2024-11-04 17:44:16,4.204584388278419,0.418,24.2430730354219,4.204098078085932,0.4183599999999996,25.47400984144243
2024-11-04 17:44:16,4.204584388278419,0.418,24.9947353287605,4.204111221604849,0.41831999999999964,25.445160139007335
2024-11-04 17:44:16,4.204584388278419,0.418,24.9947353287605,4.20411122160485,0.41827999999999965,25.44516013900733
2024-11-04 17:44:16,4.204584388278419,0.418,26.437220450515156,4.204117793364315,0.4182399999999996,25.44516013900734
2024-11-04 17:44:17,4.2042558003054875,0.418,24.9947353287605,4.204130936883186,0.41819999999999957,25.43054056140582
2024-11-04 17:44:17,4.204584388278419,0.418,24.9947353287605,4.2041506521615455,0.41815999999999953,25.445573807272584
2024-11-04 17:44:17,4.204748682265299,0.418,24.9947353287605,4.20417693919938,0.41811999999999955,25.44557380727259
2024-11-04 17:44:17,4.204420094291815,0.418,24.2430730354219,4.2041703674399145,0.41807999999999956,25.430540561405813
2024-11-04 17:44:18,4.204091506319434,0.418,23.469396624933097,4.204163795680473,0.41807999999999956,25.385414209727745
2024-11-04 17:44:18,4.204584388278419,0.418,25.72571420883662,4.204183510958831,0.41807999999999956,25.371184084894175
2024-11-04 17:44:18,4.204748682265299,0.418,24.9947353287605,4.204170367439848,0.41807999999999956,25.38621733076095
2024-11-04 17:44:18,4.204584388278419,0.418,24.9947353287605,4.20441352253268,0.41807999999999956,25.401250576627717
2024-11-04 17:44:19,4.204912976252455,0.418,24.9947353287605,4.204433237811106,0.41807999999999956,25.416283822494492
2024-11-04 17:44:19,4.204912976252455,0.418,25.72571420883662,4.204459524848984,0.4180399999999996,25.402053697660914
2024-11-04 17:44:19,4.204420094291815,0.418,24.9947353287605,4.204459524848984,0.4179999999999996,25.359341223352555
2024-11-04 17:44:19,4.204420094291815,0.418,25.72571420883662,4.204459524848984,0.4179999999999996,25.373960800954066
2024-11-04 17:44:20,4.204748682265299,0.418,24.9947353287605,4.204466096608459,0.4179999999999996,25.317732681486063
2024-11-04 17:44:20,4.204748682265299,0.418,23.469396624933097,4.204479240127399,0.4179999999999996,25.28722590740952
2024-11-04 17:44:20,4.204748682265299,0.418,24.9947353287605,4.204485811886872,0.4179999999999996,25.287225907409525
2024-11-04 17:44:20,4.204420094291815,0.418,25.72571420883662,4.204479240127409,0.4179999999999996,25.28722590740952
2024-11-04 17:44:21,4.204584388278419,0.418,24.9947353287605,4.2045055271652,0.4179999999999996,25.287225907409525
2024-11-04 17:44:21,4.204584388278419,0.417,26.437220450515156,4.204512098924664,0.4179599999999997,25.28722590740951
2024-11-04 17:44:21,4.204912976252455,0.417,25.72571420883662,4.204551529481416,0.4179199999999998,25.316878730877807
2024-11-04 17:44:21,4.204748682265299,0.417,22.672238853203226,4.2045712447598085,0.4178799999999999,25.25580922376514
2024-11-04 17:44:22,4.204748682265299,0.417,23.469396624933097,4.204610675316494,0.41784,25.24033569555536
2024-11-04 17:44:22,4.204584388278419,0.417,25.72571420883662,4.204610675316495,0.41780000000000006,25.24033569555536
2024-11-04 17:44:22,4.204584388278419,0.417,24.2430730354219,4.204610675316495,0.41776000000000013,25.196452747253492
2024-11-04 17:44:22,4.205077270239886,0.417,26.437220450515156,4.2046303905949545,0.41772000000000015,25.210682872087062
2024-11-04 17:44:23,4.198834098911264,0.417,24.9947353287605,4.204400379020269,0.41768000000000016,25.241189646163615
2024-11-04 17:44:23,4.204091506319434,0.417,27.13035904417916,4.204393807260828,0.4176400000000002,25.298935366338757
2024-11-04 17:44:23,4.204912976252455,0.417,26.437220450515156,4.204406950779788,0.4176000000000002,25.31316549117233
2024-11-04 17:44:23,4.204420094291815,0.418,27.13035904417916,4.204393807260848,0.41760000000000014,25.35587796548071
2024-11-04 17:44:24,4.204091506319434,0.418,24.9947353287605,4.204380663741953,0.4176,25.355877965480712
2024-11-04 17:44:24,4.204912976252455,0.417,24.9947353287605,4.204413522539274,0.4175600000000001,25.386384739557258
2024-11-04 17:44:24,4.204420094291815,0.417,24.2430730354219,4.204406950779809,0.4175200000000001,25.34250179125539
2024-11-04 17:44:24,4.204584388278419,0.417,24.2430730354219,4.204400379020334,0.41748000000000013,25.3128489677871
2024-11-04 17:44:25,4.205077270239886,0.417,24.9947353287605,4.204420094298793,0.4174400000000002,25.283999265352005
2024-11-04 17:44:25,4.198669804934304,0.4,25.72571420883662,4.204170367446066,0.4167200000000001,25.255906368645146
2024-11-04 17:44:25,4.200969920636808,0.4,24.9947353287605,4.2040126452214395,0.41600000000000004,25.25590636864515
2024-11-04 17:44:25,4.198012629029216,0.4,24.9947353287605,4.203756346610936,0.4152799999999999,25.227056666210064
2024-11-04 17:44:26,4.198505510957618,0.384,23.469396624933097,4.203519763277569,0.41391999999999984,25.153837417825137
2024-11-04 17:44:26,4.198341216981209,0.384,25.72571420883662,4.203263464666207,0.4125599999999998,25.183490241293438
2024-11-04 17:44:26,4.198505510957618,0.384,26.437220450515156,4.203013737813899,0.4111999999999998,25.183490241293438
2024-11-04 17:44:26,4.198505510957618,0.385,24.9947353287605,4.202764010961594,0.40987999999999986,25.183490241293434
2024-11-04 17:44:27,4.198669804934304,0.385,24.2430730354219,4.202533999387294,0.40856000000000003,25.153837417825144
2024-11-04 17:44:27,4.198669804934304,0.385,26.437220450515156,4.202297416053528,0.4072400000000001,25.197720366127015
2024-11-04 17:44:27,4.198669804934304,0.385,26.437220450515156,4.202060832719764,0.40596000000000015,25.226570068562104
2024-11-04 17:44:27,4.198176923005075,0.385,25.72571420883662,4.201791390589868,0.4046800000000003,25.226570068562104
2024-11-04 17:44:28,4.198834098911264,0.385,25.72571420883662,4.2015548072557065,0.40340000000000037,25.21233994372853
2024-11-04 17:44:28,4.198834098911264,0.385,24.9947353287605,4.201318223921546,0.40212000000000037,25.169627469420153
2024-11-04 17:44:28,4.198505510957618,0.385,25.72571420883662,4.201075068828714,0.40084000000000036,25.199280292888453
2024-11-04 17:44:28,4.198834098911264,0.385,25.72571420883662,4.2008450572540275,0.39956000000000036,25.213899870489968
2024-11-04 17:44:29,4.198834098911264,0.385,24.9947353287605,4.200595330400883,0.3982800000000003,25.213899870489964
2024-11-04 17:44:29,4.198176923005075,0.385,26.437220450515156,4.200569043364634,0.3970000000000003,25.213899870489968
2024-11-04 17:44:29,4.198669804934304,0.385,26.437220450515156,4.200352175309229,0.3957200000000003,25.24274957292506
2024-11-04 17:44:29,4.198505510957618,0.385,24.2430730354219,4.200095876697436,0.3944400000000003,25.227716327058292
2024-11-04 17:44:30,4.198341216981209,0.385,23.469396624933097,4.199852721605012,0.39312000000000025,25.19720955298174
2024-11-04 17:44:30,4.198341216981209,0.385,24.9947353287605,4.199622710031484,0.39180000000000026,25.212242798848514
2024-11-04 17:44:30,4.198505510957618,0.385,24.9947353287605,4.199366411419691,0.39052000000000026,25.24274957292506
2024-11-04 17:44:30,4.198669804934304,0.385,27.13035904417916,4.199136399845389,0.3892400000000002,25.270842469631912
2024-11-04 17:44:31,4.198834098911264,0.385,24.9947353287605,4.198906388270703,0.3879600000000002,25.270842469631916
2024-11-04 17:44:31,4.198998392888499,0.385,24.9947353287605,4.198663233176648,0.38668000000000013,25.27084246963192
2024-11-04 17:44:31,4.198505510957618,0.385,24.9947353287605,4.198656661417581,0.3860800000000001,25.270842469631916
2024-11-04 17:44:31,4.198669804934304,0.385,24.2430730354219,4.198564656789482,0.38548000000000016,25.24118964616362
2024-11-04 17:44:32,4.198669804934304,0.384,23.469396624933097,4.1985909438256845,0.38484000000000007,25.210682872087073
2024-11-04 17:44:32,4.198998392888499,0.384,26.437220450515156,4.19861065910292,0.38484,25.22491299692064
2024-11-04 17:44:32,4.198341216981209,0.384,24.2430730354219,4.198610659102919,0.38483999999999996,25.209879751053872
2024-11-04 17:44:32,4.198669804934304,0.384,24.9947353287605,4.198617230861986,0.38483999999999996,25.240386525130425
2024-11-04 17:44:33,4.198834098911264,0.384,24.9947353287605,4.198630374380132,0.3847999999999999,25.240386525130422
2024-11-04 17:44:33,4.198341216981209,0.384,24.9947353287605,4.198617230862009,0.38475999999999994,25.2257669475289
2024-11-04 17:44:33,4.198998392888499,0.384,25.72571420883662,4.198630374380176,0.38471999999999995,25.240386525130415
2024-11-04 17:44:33,4.1978483350536315,0.385,23.469396624933097,4.198597515584949,0.38472,25.18103004861878
2024-11-04 17:44:34,4.198669804934304,0.385,24.9947353287605,4.1986172308621175,0.38472000000000006,25.16641047101725
2024-11-04 17:44:34,4.198341216981209,0.384,24.2430730354219,4.1985975155849165,0.38468000000000013,25.19782715466163
2024-11-04 17:44:34,4.198834098911264,0.384,26.437220450515156,4.1985975155849165,0.38464000000000015,25.257183631173266
2024-11-04 17:44:34,4.198669804934304,0.384,25.72571420883662,4.198604087343983,0.38460000000000016,25.257183631173266
2024-11-04 17:44:35,4.198998392888499,0.384,23.469396624933097,4.198610659103073,0.3845600000000001,25.241710102963484
2024-11-04 17:44:35,4.199162686866011,0.384,26.437220450515156,4.198623802621262,0.38452000000000003,25.241710102963488
2024-11-04 17:44:35,4.198505510957618,0.385,27.80614130216054,4.198636946139364,0.38452000000000014,25.297938222431483
2024-11-04 17:44:35,4.198176923005075,0.385,25.72571420883662,4.198617230862194,0.3845200000000002,25.269845325724635
2024-11-04 17:44:36,4.198834098911264,0.385,24.9947353287605,4.19863037438034,0.38452000000000025,25.24099562328955
2024-11-04 17:44:36,4.198834098911264,0.385,24.9947353287605,4.198650089657543,0.38452000000000036,25.198283148981172
2024-11-04 17:44:36,4.198834098911264,0.385,25.72571420883662,4.198669804934746,0.3845200000000004,25.212902726582687
2024-11-04 17:44:36,4.198505510957618,0.385,25.72571420883662,4.198669804934745,0.3845200000000004,25.227522304184212
2024-11-04 17:44:37,4.198669804934304,0.385,26.437220450515156,4.198669804934745,0.38452000000000036,25.271405252486083
2024-11-04 17:44:37,4.198998392888499,0.384,27.13035904417916,4.198676376693836,0.38448000000000027,25.329150972661225
2024-11-04 17:44:37,4.198505510957618,0.384,24.2430730354219,4.1986566614166,0.3844400000000002,25.314117726794457
2024-11-04 17:44:37,4.198669804934304,0.384,25.72571420883662,4.198663233175668,0.38440000000000013,25.314117726794446
2024-11-04 17:44:38,4.199162686866011,0.385,24.9947353287605,4.1986829484529355,0.38440000000000013,25.314117726794453
2024-11-04 17:44:38,4.199326980843797,0.385,25.72571420883662,4.198709235489316,0.3844400000000001,25.328737304395982
2024-11-04 17:44:38,4.198341216981209,0.384,24.9947353287605,4.198682948453024,0.38444000000000017,25.359244078472525
2024-11-04 17:44:38,4.198834098911264,0.384,24.9947353287605,4.198702663730226,0.38444000000000017,25.344624500871006
2024-11-04 17:44:39,4.198669804934304,0.384,24.9947353287605,4.198702663730225,0.38444000000000017,25.31577479843591
2024-11-04 17:44:39,4.198834098911264,0.384,25.72571420883662,4.198702663730225,0.3844400000000001,25.33039437603744
2024-11-04 17:44:39,4.198505510957618,0.384,23.469396624933097,4.198709235489282,0.38444,25.314920847827665
2024-11-04 17:44:39,4.198669804934304,0.384,27.13035904417916,4.198696091971114,0.38444,25.328783619700943
2024-11-04 17:44:40,4.198505510957618,0.384,25.72571420883662,4.198722379007274,0.3844000000000001,25.31455349486737
2024-11-04 17:44:40,4.198341216981209,0.384,27.80614130216054,4.19870923548915,0.3843600000000001,25.35616203673384
2024-11-04 17:44:40,4.199326980843797,0.384,26.437220450515156,4.198748666043654,0.3843600000000001,25.370392161567416
2024-11-04 17:44:40,4.198341216981209,0.384,23.469396624933097,4.198728950766452,0.3843600000000001,25.33988538749087
2024-11-04 17:44:41,4.198505510957618,0.384,24.9947353287605,4.198722379007385,0.3843600000000001,25.325265809889352
2024-11-04 17:44:41,4.198834098911264,0.384,24.9947353287605,4.198715807248295,0.38436000000000015,25.310646232287823
2024-11-04 17:44:41,4.198834098911264,0.384,25.72571420883662,4.198702663730106,0.38436000000000015,25.325265809889352
2024-11-04 17:44:41,4.198834098911264,0.384,26.437220450515156,4.198715807248252,0.38432000000000016,25.32526580988936
2024-11-04 17:44:42,4.198669804934304,0.384,24.9947353287605,4.19873552252542,0.3842800000000002,25.296416107454256
2024-11-04 17:44:42,4.198505510957618,0.384,25.72571420883662,4.198722379007275,0.3842400000000002,25.326068930922556
2024-11-04 17:44:42,4.198834098911264,0.384,24.2430730354219,4.198722379007275,0.38420000000000015,25.341542459132338
2024-11-04 17:44:42,4.198669804934304,0.384,25.72571420883662,4.198715807248196,0.38416000000000017,25.35616203673386
2024-11-04 17:44:43,4.198834098911264,0.384,26.437220450515156,4.198728950766342,0.3841200000000002,25.38501173916895
2024-11-04 17:44:43,4.198505510957618,0.384,24.9947353287605,4.198722379007275,0.3840800000000002,25.342299264860582
2024-11-04 17:44:43,4.198998392888499,0.384,27.13035904417916,4.198722379007275,0.3840800000000002,25.38501173916895
2024-11-04 17:44:43,4.198505510957618,0.384,23.469396624933097,4.198722379007275,0.3840800000000002,25.354504965092406
2024-11-04 17:44:44,4.198834098911264,0.384,25.72571420883662,4.198728950766354,0.3840800000000002,25.369124542693925
2024-11-04 17:44:44,4.198505510957618,0.384,24.9947353287605,4.198702663730018,0.38404000000000027,25.384157788560692
2024-11-04 17:44:44,4.198669804934304,0.385,25.72571420883662,4.198676376693638,0.38404000000000027,25.42928414023877
2024-11-04 17:44:44,4.199326980843797,0.385,25.72571420883662,4.198715807248141,0.3840800000000003,25.415054015405193
2024-11-04 17:44:45,4.199162686866011,0.385,27.13035904417916,4.198728950766331,0.38412000000000035,25.472799735580335
2024-11-04 17:44:45,4.198505510957618,0.385,25.72571420883662,4.198722379007264,0.3841600000000004,25.487419313181853
2024-11-04 17:44:45,4.198669804934304,0.385,24.9947353287605,4.198715807248185,0.38420000000000043,25.48741931318186
2024-11-04 17:44:45,4.199491274821859,0.384,26.437220450515156,4.198755237802754,0.3842000000000004,25.516269015616945
2024-11-04 17:44:46,4.198998392888499,0.384,25.72571420883662,4.198768381320922,0.3842000000000003,25.516269015616945
2024-11-04 17:44:46,4.198669804934304,0.384,24.9947353287605,4.1987749530799885,0.3842000000000002,25.5467757896935
2024-11-04 17:44:46,4.198669804934304,0.384,25.72571420883662,4.198788096598111,0.38420000000000015,25.561395367295017
2024-11-04 17:44:46,4.198998392888499,0.384,24.9947353287605,4.1987749530799,0.3842000000000001,25.57642861316179
2024-11-04 17:44:47,4.198834098911264,0.384,24.2430730354219,4.1987946683571025,0.3842000000000001,25.532545664859928
2024-11-04 17:44:47,4.198505510957618,0.384,27.13035904417916,4.1987946683571025,0.3842000000000001,25.56063856156677
2024-11-04 17:44:47,4.198998392888499,0.384,22.672238853203226,4.198801240116193,0.3842000000000001,25.544695406132178
2024-11-04 17:44:47,4.198834098911264,0.384,24.2430730354219,4.198801240116193,0.3842000000000001,25.50081245783032
2024-11-04 17:44:48,4.198012629029216,0.384,23.469396624933097,4.198768381320911,0.38420000000000015,25.414077564285762
2024-11-04 17:44:48,4.198834098911264,0.384,23.469396624933097,4.198774953079989,0.38420000000000015,25.368951212607694
2024-11-04 17:44:48,4.198998392888499,0.384,27.80614130216054,4.198794668357225,0.38420000000000015,25.4251793320757
2024-11-04 17:44:48,4.198341216981209,0.384,24.2430730354219,4.198774953080023,0.38420000000000015,25.410146086208925
2024-11-04 17:44:49,4.198669804934304,0.384,24.9947353287605,4.198774953080023,0.38420000000000015,25.3955265086074
2024-11-04 17:44:49,4.199326980843797,0.384,26.437220450515156,4.198794668357325,0.38420000000000015,25.409756633440974
2024-11-04 17:44:49,4.198834098911264,0.384,25.72571420883662,4.198807811875471,0.38420000000000015,25.3955265086074
2024-11-04 17:44:49,4.198505510957618,0.384,25.72571420883662,4.198788096598236,0.38420000000000015,25.36743361190055
2024-11-04 17:44:50,4.198998392888499,0.384,24.9947353287605,4.198807811875471,0.38420000000000015,25.382466857767316
2024-11-04 17:44:50,4.198834098911264,0.384,25.72571420883662,4.198807811875471,0.3842000000000002,25.382466857767323
2024-11-04 17:44:50,4.198998392888499,0.384,24.2430730354219,4.198827527152707,0.3842000000000002,25.367433611900548
2024-11-04 17:44:50,4.198998392888499,0.384,25.72571420883662,4.198840670670875,0.3841600000000003,25.36743361190055
2024-11-04 17:44:51,4.198505510957618,0.384,26.437220450515156,4.198807811875428,0.3841200000000002,25.39628331433565
2024-11-04 17:44:51,4.198669804934304,0.384,25.72571420883662,4.198788096598159,0.3840800000000002,25.410902891937166
2024-11-04 17:44:51,4.198176923005075,0.384,24.9947353287605,4.198774953080057,0.38404000000000027,25.41090289193717
2024-11-04 17:44:51,4.198505510957618,0.384,27.13035904417916,4.198768381320989,0.3840000000000002,25.438995788644025
2024-11-04 17:44:52,4.198998392888499,0.384,26.437220450515156,4.198748666043655,0.3840000000000002,25.498352265155674
2024-11-04 17:44:52,4.198669804934304,0.384,25.72571420883662,4.198735522525485,0.3840000000000002,25.470259368448815
2024-11-04 17:44:52,4.198669804934304,0.384,24.9947353287605,4.198735522525485,0.3840000000000002,25.455639790847286
2024-11-04 17:44:52,4.198669804934304,0.383,24.9947353287605,4.198735522525484,0.38396000000000013,25.399411671379283
2024-11-04 17:44:53,4.198998392888499,0.383,25.72571420883662,4.198735522525484,0.3839200000000001,25.38518154654572
2024-11-04 17:44:53,4.198669804934304,0.384,24.9947353287605,4.198728950766405,0.3839200000000001,25.415688320622262
2024-11-04 17:44:53,4.198834098911264,0.384,24.9947353287605,4.198742094284552,0.3839200000000001,25.41568832062226
2024-11-04 17:44:53,4.198669804934304,0.384,23.469396624933097,4.198728950766384,0.38392000000000015,25.385181546545706
2024-11-04 17:44:54,4.198998392888499,0.384,26.437220450515156,4.1987355225254746,0.38392000000000015,25.399411671379283
2024-11-04 17:44:54,4.199162686866011,0.384,25.72571420883662,4.198781524838945,0.38392000000000015,25.38518154654571
2024-11-04 17:44:54,4.198998392888499,0.383,26.437220450515156,4.198788096598034,0.3838800000000001,25.414031248980802
2024-11-04 17:44:54,4.199326980843797,0.383,25.72571420883662,4.1988012401162464,0.38384000000000007,25.41403124898081
2024-11-04 17:44:55,4.199326980843797,0.384,25.72571420883662,4.198840670670751,0.38384000000000007,25.443684072449095
2024-11-04 17:44:55,4.199162686866011,0.384,24.2430730354219,4.198860385948018,0.38384000000000007,25.414031248980805
2024-11-04 17:44:55,4.198669804934304,0.384,26.437220450515156,4.198834098911639,0.38384000000000007,25.414031248980802
2024-11-04 17:44:55,4.198834098911264,0.384,25.72571420883662,4.198834098911639,0.38384000000000007,25.428650826582324
2024-11-04 17:44:56,4.198669804934304,0.384,27.80614130216054,4.198840670670706,0.38384000000000007,25.44216647174195
2024-11-04 17:44:56,4.198998392888499,0.383,26.437220450515156,4.198840670670706,0.38380000000000003,25.501522948253594
2024-11-04 17:44:56,4.198505510957618,0.383,24.9947353287605,4.19882752715256,0.38376000000000005,25.486903370652065
2024-11-04 17:44:56,4.198669804934304,0.383,24.2430730354219,4.198814383634393,0.38372,25.4718701247853
2024-11-04 17:44:57,4.198834098911264,0.383,23.469396624933097,4.198807811875303,0.38367999999999997,25.426743773107233
2024-11-04 17:44:57,4.198669804934304,0.383,27.13035904417916,4.19881438363437,0.3836399999999999,25.454836669814085
2024-11-04 17:44:57,4.198998392888499,0.383,24.9947353287605,4.198827527152538,0.38359999999999983,25.412124195505708
2024-11-04 17:44:57,4.198834098911264,0.383,25.72571420883662,4.198853814188786,0.3835599999999998,25.41212419550571
2024-11-04 17:44:58,4.198834098911264,0.383,27.13035904417916,4.198866957706933,0.3835199999999998,25.45483666981409
2024-11-04 17:44:58,4.198998392888499,0.383,24.9947353287605,4.198866957706933,0.38347999999999977,25.425986967378993
2024-11-04 17:44:58,4.199326980843797,0.383,24.9947353287605,4.198893244743314,0.3834399999999997,25.411367389777475
2024-11-04 17:44:58,4.199162686866011,0.384,26.437220450515156,4.198912960020581,0.3834399999999997,25.44021709221256
2024-11-04 17:44:59,4.198834098911264,0.384,27.80614130216054,4.1989195317796595,0.38347999999999977,25.481825634079033
2024-11-04 17:44:59,4.198669804934304,0.383,24.2430730354219,4.198906388261492,0.3834799999999997,25.466792388212266
2024-11-04 17:44:59,4.198505510957618,0.383,26.437220450515156,4.198899816502425,0.38343999999999967,25.510675336514133
2024-11-04 17:44:59,4.198834098911264,0.383,25.72571420883662,4.198899816502426,0.3833999999999997,25.482582439807274
2024-11-04 17:45:00,4.198998392888499,0.383,25.72571420883662,4.198912960020593,0.38335999999999965,25.543651946919944
2024-11-04 17:45:00,4.198998392888499,0.383,25.72571420883662,4.198912960020593,0.38331999999999966,25.57330477038824
2024-11-04 17:45:00,4.198998392888499,0.383,24.2430730354219,4.198906388261492,0.3832799999999996,25.58877829859801
2024-11-04 17:45:00,4.199162686866011,0.383,24.2430730354219,4.198912960020592,0.3832799999999996,25.604251826807786
2024-11-04 17:45:01,4.198834098911264,0.383,22.672238853203226,4.198893244743291,0.3832799999999996,25.50157377782865
2024-11-04 17:45:01,4.198998392888499,0.383,22.672238853203226,4.19888010122508,0.38323999999999964,25.47015709418427
2024-11-04 17:45:01,4.198669804934304,0.383,24.2430730354219,4.198860385947811,0.3831999999999996,25.455123848317502
2024-11-04 17:45:01,4.198998392888499,0.383,24.9947353287605,4.198873529465979,0.3831599999999996,25.426274145882406
2024-11-04 17:45:02,4.198834098911264,0.383,25.72571420883662,4.198873529465979,0.3831199999999996,25.426274145882406
2024-11-04 17:45:02,4.199326980843797,0.383,27.13035904417916,4.198899816502359,0.3830799999999996,25.45436704258926
2024-11-04 17:45:02,4.199162686866011,0.383,24.2430730354219,4.198906388261459,0.3830799999999996,25.439333796722494
2024-11-04 17:45:02,4.198834098911264,0.383,26.437220450515156,4.198919531779605,0.3830799999999995,25.453563921556068
2024-11-04 17:45:03,4.199326980843797,0.383,23.469396624933097,4.198945818815985,0.3830799999999995,25.438090393346297
2024-11-04 17:45:03,4.198669804934304,0.383,26.437220450515156,4.198939247056906,0.3830799999999995,25.45232051817986
2024-11-04 17:45:03,4.198834098911264,0.383,25.72571420883662,4.198945818815985,0.3830799999999995,25.438090393346283
2024-11-04 17:45:03,4.198834098911264,0.383,25.72571420883662,4.198939247056895,0.3830799999999995,25.438090393346283
2024-11-04 17:45:04,4.199162686866011,0.383,27.13035904417916,4.1989523905750845,0.3830799999999995,25.48080286765466
2024-11-04 17:45:04,4.198834098911264,0.383,25.72571420883662,4.1989523905750845,0.3830799999999995,25.452709970947808
2024-11-04 17:45:04,4.198998392888499,0.383,26.437220450515156,4.1989523905750845,0.3830799999999995,25.452709970947808
2024-11-04 17:45:04,4.198998392888499,0.383,25.72571420883662,4.198939247056873,0.3830799999999995,25.452709970947808
2024-11-04 17:45:05,4.198998392888499,0.383,26.437220450515156,4.1989326752977725,0.38303999999999955,25.4815596733829
2024-11-04 17:45:05,4.198669804934304,0.383,24.2430730354219,4.198926103538693,0.38299999999999945,25.466526427516133
2024-11-04 17:45:05,4.198834098911264,0.383,25.72571420883662,4.1989326752977725,0.38299999999999945,25.466526427516136
2024-11-04 17:45:05,4.198834098911264,0.383,26.437220450515156,4.198945818815918,0.38299999999999945,25.49537612995123
2024-11-04 17:45:06,4.198834098911264,0.383,24.2430730354219,4.198945818815918,0.38299999999999945,25.48034288408446
2024-11-04 17:45:06,4.198998392888499,0.383,29.10927472714519,4.198945818815919,0.38299999999999945,25.5931404461287
2024-11-04 17:45:06,4.198505510957618,0.383,26.437220450515156,4.1989261035386845,0.38299999999999945,25.59314044612871
2024-11-04 17:45:06,4.198998392888499,0.382,25.72571420883662,4.1989261035386845,0.3829599999999996,25.5931404461287
2024-11-04 17:45:07,4.199162686866011,0.382,24.2430730354219,4.1989261035386845,0.38291999999999965,25.549257497826833
2024-11-04 17:45:07,4.198669804934304,0.382,25.72571420883662,4.198919531779605,0.3828799999999998,25.54925749782684
2024-11-04 17:45:07,4.198834098911264,0.382,24.9947353287605,4.1989129600205155,0.38283999999999985,25.534637920225308
2024-11-04 17:45:07,4.199162686866011,0.382,24.2430730354219,4.198932675297784,0.38279999999999986,25.534637920225315
2024-11-04 17:45:08,4.199162686866011,0.382,24.9947353287605,4.198939247056884,0.3827599999999999,25.50578821779022
2024-11-04 17:45:08,4.198998392888499,0.382,25.72571420883662,4.1989458188159725,0.3827199999999999,25.505788217790215
2024-11-04 17:45:08,4.198998392888499,0.382,25.72571420883662,4.198932675297761,0.3826799999999999,25.464179675923734
2024-11-04 17:45:08,4.198669804934304,0.382,25.72571420883662,4.1989129600204915,0.38264,25.449949551090167
2024-11-04 17:45:09,4.198505510957618,0.382,26.437220450515156,4.198899816502346,0.3826,25.478799253525256
2024-11-04 17:45:09,4.198998392888499,0.382,25.72571420883662,4.198886672984134,0.38256,25.508452076993553
2024-11-04 17:45:09,4.198669804934304,0.382,24.9947353287605,4.198886672984134,0.38252,25.538958851070095
2024-11-04 17:45:09,4.199162686866011,0.382,24.9947353287605,4.1988998165023235,0.38248000000000004,25.496246376761718
2024-11-04 17:45:10,4.198669804934304,0.382,24.9947353287605,4.198893244743244,0.38244000000000006,25.496246376761725
2024-11-04 17:45:10,4.199326980843797,0.382,27.80614130216054,4.198899816502356,0.3824000000000001,25.537854918628195
2024-11-04 17:45:10,4.199326980843797,0.381,23.469396624933097,4.198919531779659,0.38232000000000005,25.46463567024328
2024-11-04 17:45:10,4.198834098911264,0.381,27.13035904417916,4.198912960020569,0.38223999999999997,25.507348144551656
2024-11-04 17:45:11,4.198834098911264,0.382,27.80614130216054,4.19890638826148,0.3822,25.563576264019662
2024-11-04 17:45:11,4.198176923005075,0.382,25.72571420883662,4.198873529466142,0.38215999999999994,25.549346139186092
2024-11-04 17:45:11,4.199326980843797,0.382,26.437220450515156,4.1988998165025215,0.38211999999999996,25.521967722153185
2024-11-04 17:45:11,4.198834098911264,0.381,24.9947353287605,4.198899816502522,0.38204,25.537000968019953
2024-11-04 17:45:12,4.198505510957618,0.381,26.437220450515156,4.1988866729843775,0.38195999999999997,25.537000968019957
2024-11-04 17:45:12,4.198834098911264,0.381,25.72571420883662,4.1988866729843775,0.38187999999999994,25.537000968019946
2024-11-04 17:45:12,4.198834098911264,0.381,24.9947353287605,4.1988801012252885,0.3817999999999999,25.522381390418428
2024-11-04 17:45:12,4.198669804934304,0.381,26.437220450515156,4.198886672984355,0.3817199999999999,25.536611515251998
2024-11-04 17:45:13,4.198669804934304,0.381,26.437220450515156,4.198873529466187,0.3816799999999999,25.58049446355386
2024-11-04 17:45:13,4.198669804934304,0.381,25.72571420883662,4.198853814188919,0.3816399999999999,25.610147287022144
2024-11-04 17:45:13,4.198505510957618,0.381,23.469396624933097,4.198847242429851,0.38159999999999994,25.626090442456746
2024-11-04 17:45:13,4.198669804934304,0.381,25.72571420883662,4.198840670670773,0.38156,25.687159949569413
2024-11-04 17:45:14,4.198998392888499,0.381,24.2430730354219,4.198834098911672,0.38152,25.68715994956942
2024-11-04 17:45:14,4.198669804934304,0.381,26.437220450515156,4.198814383634404,0.38148000000000004,25.716009652004512
2024-11-04 17:45:14,4.198834098911264,0.381,25.72571420883662,4.198807811875315,0.38144000000000006,25.716009652004512
2024-11-04 17:45:14,4.198669804934304,0.381,27.80614130216054,4.198794668357147,0.3814000000000001,25.729525297164137
2024-11-04 17:45:15,4.198834098911264,0.381,24.9947353287605,4.198801240116225,0.3813600000000001,25.744558543030912
2024-11-04 17:45:15,4.198834098911264,0.381,23.469396624933097,4.198814383634372,0.3813200000000001,25.685202066519267
2024-11-04 17:45:15,4.198669804934304,0.381,26.437220450515156,4.198801240116203,0.38128000000000006,25.744558543030916
2024-11-04 17:45:15,4.198834098911264,0.38,25.72571420883662,4.198807811875282,0.38120000000000004,25.73032841819734
2024-11-04 17:45:16,4.198669804934304,0.38,24.2430730354219,4.1987880965980136,0.38112,25.70067559472905
2024-11-04 17:45:16,4.198998392888499,0.38,22.672238853203226,4.198801240116182,0.38104,25.639606087616386
2024-11-04 17:45:16,4.199162686866011,0.38,26.437220450515156,4.19879466835707,0.38095999999999997,25.6257433157431
2024-11-04 17:45:16,4.198998392888499,0.38,24.9947353287605,4.198781524838857,0.38092,25.611123738141583
2024-11-04 17:45:17,4.198998392888499,0.38,23.469396624933097,4.198788096597948,0.38088,25.551767261629937
2024-11-04 17:45:17,4.198505510957618,0.38,24.9947353287605,4.198774953079802,0.3808,25.53714768402842
2024-11-04 17:45:17,4.198505510957618,0.38,25.72571420883662,4.198788096597904,0.3807200000000001,25.52291755919485
2024-11-04 17:45:17,4.198834098911264,0.38,24.9947353287605,4.198768381320603,0.38064000000000014,25.537950805061623
2024-11-04 17:45:18,4.198505510957618,0.38,25.72571420883662,4.198755237802458,0.38060000000000016,25.53795080506162
2024-11-04 17:45:18,4.198669804934304,0.38,24.9947353287605,4.198761809561525,0.3805600000000002,25.50910110262653
2024-11-04 17:45:18,4.198669804934304,0.38,25.72571420883662,4.1987552378024455,0.3805200000000002,25.538753926094824
2024-11-04 17:45:18,4.198505510957618,0.379,24.9947353287605,4.198742094284301,0.38044000000000033,25.456463138127134
2024-11-04 17:45:19,4.198505510957618,0.379,24.9947353287605,4.198735522525234,0.3803600000000004,25.427613435692038
2024-11-04 17:45:19,4.198341216981209,0.379,25.72571420883662,4.198722379007109,0.38028000000000056,25.427613435692038
2024-11-04 17:45:19,4.198998392888499,0.379,25.72571420883662,4.198735522525277,0.38020000000000054,25.457266259160324
2024-11-04 17:45:19,4.198176923005075,0.379,26.437220450515156,4.198722379007175,0.3801200000000005,25.471496383993898
2024-11-04 17:45:20,4.198669804934304,0.379,26.437220450515156,4.198722379007174,0.3800400000000004,25.50034608642899
2024-11-04 17:45:20,4.199162686866011,0.379,26.437220450515156,4.198728950766274,0.37996000000000035,25.54422903473086
2024-11-04 17:45:20,4.198341216981209,0.379,25.72571420883662,4.19871580724815,0.3798800000000003,25.558848612332376
2024-11-04 17:45:20,4.198505510957618,0.379,29.10927472714519,4.198702663730005,0.37980000000000025,25.62651982269855
2024-11-04 17:45:21,4.198341216981209,0.379,25.72571420883662,4.198689520211882,0.3797200000000002,25.626519822698555
2024-11-04 17:45:21,4.198669804934304,0.379,25.72571420883662,4.198682948452802,0.37964000000000014,25.626519822698555
2024-11-04 17:45:21,4.198669804934304,0.379,25.72571420883662,4.198676376693723,0.3795600000000001,25.61228969786498
2024-11-04 17:45:21,4.198505510957618,0.379,24.9947353287605,4.198669804934656,0.3794800000000001,25.59767012026345
2024-11-04 17:45:22,4.198834098911264,0.379,23.469396624933097,4.198669804934656,0.37944,25.56716334618691
2024-11-04 17:45:22,4.198505510957618,0.379,25.72571420883662,4.19866323317559,0.37939999999999996,25.581782923788424
2024-11-04 17:45:22,4.198834098911264,0.379,24.9947353287605,4.198656661416501,0.37936,25.581782923788428
2024-11-04 17:45:22,4.198669804934304,0.379,25.72571420883662,4.198636946139232,0.37931999999999994,25.54017438192195
2024-11-04 17:45:23,4.1978483350536315,0.379,25.72571420883662,4.198590943825838,0.37927999999999995,25.585300733600015
2024-11-04 17:45:23,4.198669804934304,0.379,25.72571420883662,4.198577800307669,0.3792399999999999,25.557207836893166
2024-11-04 17:45:23,4.198669804934304,0.379,26.437220450515156,4.198584372066736,0.3791999999999999,25.529829419860263
2024-11-04 17:45:23,4.198341216981209,0.379,25.72571420883662,4.19857780030768,0.3791599999999999,25.529829419860263
2024-11-04 17:45:24,4.198176923005075,0.379,24.9947353287605,4.198551513271433,0.3791199999999999,25.500979717425167
2024-11-04 17:45:24,4.198834098911264,0.379,22.672238853203226,4.1985646567895785,0.3790799999999999,25.454529787914016
2024-11-04 17:45:24,4.198834098911264,0.379,24.9947353287605,4.198571228548656,0.3790399999999999,25.42568008547893
2024-11-04 17:45:24,4.198834098911264,0.379,22.672238853203226,4.198577800307735,0.3789999999999999,25.364610578366253
2024-11-04 17:45:25,4.198341216981209,0.379,23.469396624933097,4.198571228548678,0.3789999999999999,25.33410380428971
2024-11-04 17:45:25,4.198012629029216,0.379,24.2430730354219,4.198551513271543,0.3789999999999999,25.290220855987855
2024-11-04 17:45:25,4.198341216981209,0.379,25.72571420883662,4.198551513271544,0.3789999999999999,25.27599073115428
2024-11-04 17:45:25,4.198505510957618,0.379,23.469396624933097,4.198531797994309,0.3789999999999999,25.230864379476213
2024-11-04 17:45:26,4.198998392888499,0.379,26.437220450515156,4.198564656789646,0.3789999999999999,25.290220855987844
2024-11-04 17:45:26,4.198834098911264,0.379,24.9947353287605,4.198571228548725,0.3789999999999999,25.275601278386326
2024-11-04 17:45:26,4.198669804934304,0.379,24.2430730354219,4.198551513271457,0.3789999999999999,25.275601278386322
2024-11-04 17:45:26,4.198998392888499,0.379,23.469396624933097,4.198577800307748,0.3789999999999999,25.216244801874687
2024-11-04 17:45:27,4.198669804934304,0.379,24.9947353287605,4.198584372066815,0.3789999999999999,25.201625224273158
2024-11-04 17:45:27,4.198998392888499,0.379,27.13035904417916,4.198610659103107,0.3789999999999999,25.18810957911354
2024-11-04 17:45:27,4.198341216981209,0.379,24.9947353287605,4.198597515584983,0.3789999999999999,25.188109579113533
2024-11-04 17:45:27,4.198998392888499,0.379,24.2430730354219,4.198610659103152,0.3789999999999999,25.203583107323315
2024-11-04 17:45:28,4.198669804934304,0.379,24.9947353287605,4.198617230862219,0.3789999999999999,25.17473340488822
2024-11-04 17:45:28,4.198834098911264,0.379,26.437220450515156,4.198617230862219,0.3789999999999999,25.188963529721796
2024-11-04 17:45:28,4.198998392888499,0.379,25.72571420883662,4.1986369461394535,0.3789999999999999,25.218616353190082
2024-11-04 17:45:28,4.198834098911264,0.379,24.9947353287605,4.198636946139454,0.3789999999999999,25.26506628270123
2024-11-04 17:45:29,4.199162686866011,0.379,27.13035904417916,4.198656661416722,0.3789999999999999,25.27892905457451
2024-11-04 17:45:29,4.198834098911264,0.379,27.13035904417916,4.198696091971027,0.3789999999999999,25.32164152888289
2024-11-04 17:45:29,4.198998392888499,0.379,21.84997632024192,4.198709235489195,0.3789999999999999,25.28925312278906
2024-11-04 17:45:29,4.198834098911264,0.379,24.9947353287605,4.1987158072482735,0.3789999999999999,25.289253122789056
2024-11-04 17:45:30,4.198834098911264,0.379,25.72571420883662,4.198735522525475,0.3789999999999999,25.28925312278906
2024-11-04 17:45:30,4.198834098911264,0.379,26.437220450515156,4.198761809561724,0.3789999999999999,25.31810282522416
2024-11-04 17:45:30,4.198341216981209,0.379,26.437220450515156,4.198742094284522,0.3789999999999999,25.332332950057726
2024-11-04 17:45:30,4.198834098911264,0.379,25.72571420883662,4.198742094284522,0.3789999999999999,25.34695252765925
2024-11-04 17:45:31,4.198998392888499,0.379,26.437220450515156,4.198748666043611,0.3789999999999999,25.361182652492825
2024-11-04 17:45:31,4.199162686866011,0.379,24.9947353287605,4.198781524839003,0.3789999999999999,25.361182652492822
2024-11-04 17:45:31,4.198998392888499,0.379,24.9947353287605,4.1988209553933755,0.3789999999999999,25.361182652492825
2024-11-04 17:45:31,4.199162686866011,0.379,26.437220450515156,4.198853814188766,0.3789999999999999,25.3754127773264
2024-11-04 17:45:32,4.198998392888499,0.379,27.13035904417916,4.198873529466002,0.3789999999999999,25.403505674033244
2024-11-04 17:45:32,4.198998392888499,0.379,24.2430730354219,4.198873529466002,0.3789999999999999,25.359622725731388
2024-11-04 17:45:32,4.198505510957618,0.379,24.9947353287605,4.198860385947856,0.3789999999999999,25.330773023296285
2024-11-04 17:45:32,4.198998392888499,0.379,24.9947353287605,4.198873529466024,0.3789999999999999,25.30192332086119
2024-11-04 17:45:33,4.198505510957618,0.379,24.9947353287605,4.198853814188789,0.3789999999999999,25.287303743259667
2024-11-04 17:45:33,4.199162686866011,0.379,25.72571420883662,4.198873529466056,0.3789999999999999,25.219632532893502
2024-11-04 17:45:33,4.199326980843797,0.379,24.9947353287605,4.198886672984268,0.3789999999999999,25.205012955291973
2024-11-04 17:45:33,4.198998392888499,0.379,25.72571420883662,4.19891296002056,0.3789999999999999,25.205012955291977
2024-11-04 17:45:34,4.199162686866011,0.379,25.72571420883662,4.1989195317796595,0.3789999999999999,25.205012955291966
2024-11-04 17:45:34,4.198669804934304,0.379,24.9947353287605,4.1989195317796595,0.3789999999999999,25.205012955291973
2024-11-04 17:45:34,4.199162686866011,0.379,24.9947353287605,4.198932675297849,0.3789999999999999,25.235519729368516
2024-11-04 17:45:34,4.199162686866011,0.378,24.2430730354219,4.198939247056948,0.37895999999999985,25.205866905900226
2024-11-04 17:45:35,4.198669804934304,0.378,24.9947353287605,4.198932675297869,0.3789199999999998,25.20586690590023
2024-11-04 17:45:35,4.199162686866011,0.378,27.13035904417916,4.198932675297868,0.3788799999999998,25.233959802607075
2024-11-04 17:45:35,4.198998392888499,0.378,26.437220450515156,4.198939247056958,0.37883999999999973,25.248189927440645
2024-11-04 17:45:35,4.198834098911264,0.378,27.80614130216054,4.198932675297869,0.37879999999999975,25.289798469307115
2024-11-04 17:45:36,4.198834098911264,0.378,24.2430730354219,4.198932675297869,0.37875999999999976,25.24591552100526
2024-11-04 17:45:36,4.198998392888499,0.378,28.465495270963004,4.198939247056959,0.3787199999999998,25.30071114224779
2024-11-04 17:45:36,4.198998392888499,0.378,25.72571420883662,4.198945818816049,0.3786799999999998,25.315330719849317
2024-11-04 17:45:36,4.198505510957618,0.378,24.9947353287605,4.198952390575106,0.3786399999999998,25.36178064936046
2024-11-04 17:45:37,4.198669804934304,0.378,23.469396624933097,4.198945818816027,0.3785999999999998,25.331273875283905
2024-11-04 17:45:37,4.198834098911264,0.378,27.13035904417916,4.198939247056938,0.3785599999999999,25.420436279103427
2024-11-04 17:45:37,4.198998392888499,0.378,25.72571420883662,4.198932675297838,0.3785199999999999,25.465562630781495
2024-11-04 17:45:37,4.198998392888499,0.378,25.72571420883662,4.198932675297839,0.3784799999999999,25.49521545424979
2024-11-04 17:45:38,4.199326980843797,0.378,24.9947353287605,4.198939247056951,0.37843999999999994,25.480595876648273
2024-11-04 17:45:38,4.198998392888499,0.378,24.2430730354219,4.198939247056951,0.37839999999999996,25.496069404858044
2024-11-04 17:45:38,4.199655568800195,0.378,25.72571420883662,4.198965534093418,0.37836,25.48183928002447
2024-11-04 17:45:38,4.198669804934304,0.378,23.469396624933097,4.198972105852485,0.37832,25.451332505947917
2024-11-04 17:45:39,4.199162686866011,0.378,25.72571420883662,4.198978677611585,0.37828,25.480985329416217
2024-11-04 17:45:39,4.199162686866011,0.378,25.72571420883662,4.199004964647919,0.3782400000000001,25.52611168109428
2024-11-04 17:45:39,4.198998392888499,0.378,25.72571420883662,4.19899839288882,0.3782000000000001,25.540731258695804
2024-11-04 17:45:39,4.199326980843797,0.378,24.9947353287605,4.19899839288882,0.3781600000000001,25.498018784387437
2024-11-04 17:45:40,4.199491274821859,0.378,25.72571420883662,4.199018108166154,0.37812000000000007,25.512638361988955
2024-11-04 17:45:40,4.198998392888499,0.378,26.437220450515156,4.1990115364070535,0.3780800000000001,25.556521310290826
2024-11-04 17:45:40,4.199162686866011,0.378,23.469396624933097,4.199031251684321,0.3780400000000001,25.526014536214284
2024-11-04 17:45:40,4.199162686866011,0.378,24.2430730354219,4.19903125168432,0.37800000000000006,25.482131587912416
2024-11-04 17:45:41,4.198998392888499,0.378,25.72571420883662,4.199024679925221,0.37800000000000006,25.48213158791241
2024-11-04 17:45:41,4.199326980843797,0.378,26.437220450515156,4.199050966961601,0.37800000000000006,25.51098129034751
2024-11-04 17:45:41,4.198998392888499,0.378,24.2430730354219,4.199044395202502,0.37800000000000006,25.45323557017236
2024-11-04 17:45:41,4.198998392888499,0.378,24.9947353287605,4.1990443952025025,0.37800000000000006,25.41052309586399
2024-11-04 17:45:42,4.198998392888499,0.378,27.80614130216054,4.199050966961591,0.37800000000000006,25.529646395502358
2024-11-04 17:45:42,4.198834098911264,0.378,25.72571420883662,4.199050966961591,0.37800000000000006,25.544265973103883
2024-11-04 17:45:42,4.199162686866011,0.378,24.9947353287605,4.199057538720692,0.37800000000000006,25.529646395502365
2024-11-04 17:45:42,4.199819862778808,0.378,26.437220450515156,4.199090397516303,0.37800000000000006,25.529646395502358
2024-11-04 17:45:43,4.199326980843797,0.378,24.9947353287605,4.1991232563117515,0.37800000000000006,25.500796693067265
2024-11-04 17:45:43,4.198998392888499,0.378,24.9947353287605,4.19913639982992,0.37800000000000006,25.486177115465743
2024-11-04 17:45:43,4.198998392888499,0.378,25.72571420883662,4.199142971589009,0.37800000000000006,25.47194699063217
2024-11-04 17:45:43,4.199326980843797,0.378,23.469396624933097,4.199156115107221,0.37800000000000006,25.441440216555623
2024-11-04 17:45:44,4.199162686866011,0.378,25.72571420883662,4.1991626868663205,0.37800000000000006,25.456059794157145
2024-11-04 17:45:44,4.199491274821859,0.378,25.72571420883662,4.199169258625443,0.37800000000000006,25.441829669323578
2024-11-04 17:45:44,4.198998392888499,0.378,25.72571420883662,4.199169258625443,0.37800000000000006,25.413736772616723
2024-11-04 17:45:44,4.199326980843797,0.378,26.437220450515156,4.199156115107187,0.37800000000000006,25.457619720918593
2024-11-04 17:45:45,4.198998392888499,0.378,24.9947353287605,4.199169258625356,0.37800000000000006,25.457619720918597
2024-11-04 17:45:45,4.198998392888499,0.378,23.469396624933097,4.199162686866257,0.37800000000000006,25.427112946842044
2024-11-04 17:45:45,4.198669804934304,0.378,25.72571420883662,4.199142971588987,0.37800000000000006,25.44173252444357
2024-11-04 17:45:45,4.199162686866011,0.378,25.72571420883662,4.199149543348088,0.37800000000000006,25.44173252444356
2024-11-04 17:45:46,4.199491274821859,0.378,25.72571420883662,4.199156115107209,0.37800000000000006,25.456352102045074
2024-11-04 17:45:46,4.199491274821859,0.378,24.9947353287605,4.199156115107209,0.37800000000000006,25.441732524443566
2024-11-04 17:45:46,4.199491274821859,0.378,24.2430730354219,4.199175830384544,0.37800000000000006,25.412079700975266
2024-11-04 17:45:46,4.199162686866011,0.378,25.72571420883662,4.199175830384543,0.37800000000000006,25.426699278576788
2024-11-04 17:45:47,4.199162686866011,0.378,25.72571420883662,4.199175830384542,0.37800000000000006,25.441318856178306
2024-11-04 17:45:47,4.199162686866011,0.378,25.72571420883662,4.199182402143642,0.37800000000000006,25.47097167964661
2024-11-04 17:45:47,4.199491274821859,0.378,23.469396624933097,4.199188973902765,0.37800000000000006,25.440464905570046
2024-11-04 17:45:47,4.199491274821859,0.378,26.437220450515156,4.199208689180098,0.37800000000000006,25.42660213369678
2024-11-04 17:45:48,4.199491274821859,0.378,27.13035904417916,4.1992284044574335,0.37800000000000006,25.440464905570057
2024-11-04 17:45:48,4.199491274821859,0.378,25.72571420883662,4.199248119734769,0.37800000000000006,25.39885636370358
2024-11-04 17:45:48,4.198998392888499,0.378,25.72571420883662,4.1992546914938575,0.37800000000000006,25.428509187171876
2024-11-04 17:45:48,4.198998392888499,0.378,24.9947353287605,4.199248119734758,0.37800000000000006,25.359093988327828
2024-11-04 17:45:49,4.198998392888499,0.378,25.72571420883662,4.199215260939145,0.37800000000000006,25.35909398832782
2024-11-04 17:45:49,4.199819862778808,0.378,25.72571420883662,4.1992349762165455,0.37800000000000006,25.373713565929346
2024-11-04 17:45:49,4.199326980843797,0.378,23.469396624933097,4.199248119734758,0.37800000000000006,25.37371356592935
2024-11-04 17:45:49,4.199655568800195,0.378,27.13035904417916,4.1992744067712255,0.37800000000000006,25.373713565929357
2024-11-04 17:45:50,4.199326980843797,0.378,22.672238853203226,4.1992744067712255,0.37800000000000006,25.31264405881668
2024-11-04 17:45:50,4.199819862778808,0.378,25.72571420883662,4.1993006938077375,0.37800000000000006,25.312644058816687
2024-11-04 17:45:50,4.199491274821859,0.378,22.672238853203226,4.1993006938077375,0.37800000000000006,25.266194129305536
2024-11-04 17:45:50,4.199326980843797,0.378,25.72571420883662,4.199313837325949,0.37800000000000006,25.295846952773836
2024-11-04 17:45:51,4.199984156757696,0.378,26.437220450515156,4.199340124362505,0.37800000000000006,25.31007707760741
2024-11-04 17:45:51,4.199162686866011,0.377,24.9947353287605,4.199346696121605,0.37796,25.340583851683956
2024-11-04 17:45:51,4.199162686866011,0.377,27.80614130216054,4.199353267880705,0.3779199999999999,25.382192393550437
2024-11-04 17:45:51,4.199655568800195,0.377,24.9947353287605,4.19939269843534,0.3778799999999999,25.367572815948915
2024-11-04 17:45:52,4.199162686866011,0.378,26.437220450515156,4.199392698435339,0.37788,25.38180294078248
2024-11-04 17:45:52,4.199162686866011,0.378,25.72571420883662,4.1993795549171065,0.37788000000000005,25.396422518384007
2024-11-04 17:45:52,4.199819862778808,0.377,23.469396624933097,4.199392698435384,0.37784000000000006,25.35129616670594
2024-11-04 17:45:52,4.199491274821859,0.377,27.80614130216054,4.199392698435384,0.3778,25.378674583738835
2024-11-04 17:45:53,4.199326980843797,0.378,26.437220450515156,4.199399270194496,0.3778,25.438031060250477
2024-11-04 17:45:53,4.199491274821859,0.378,25.72571420883662,4.1994124137127296,0.3778000000000001,25.467683883718774
2024-11-04 17:45:53,4.199491274821859,0.378,25.72571420883662,4.199425557230963,0.37780000000000014,25.467683883718763
2024-11-04 17:45:53,4.199491274821859,0.378,25.72571420883662,4.199425557230964,0.37780000000000014,25.45345375888519
2024-11-04 17:45:54,4.199819862778808,0.378,26.437220450515156,4.199438700749242,0.37780000000000014,25.49733670718706
2024-11-04 17:45:54,4.199326980843797,0.378,24.9947353287605,4.1994321289901215,0.37780000000000014,25.497336707187063
2024-11-04 17:45:54,4.199819862778808,0.378,27.13035904417916,4.199445272508399,0.37780000000000014,25.483821062027438
2024-11-04 17:45:54,4.199491274821859,0.377,24.9947353287605,4.199464987785734,0.3777600000000001,25.469201484425916
2024-11-04 17:45:55,4.199819862778808,0.377,23.469396624933097,4.199497846581346,0.37772000000000006,25.438694710349363
2024-11-04 17:45:55,4.199326980843797,0.377,25.72571420883662,4.199510990099558,0.37767999999999996,25.424464585515796
2024-11-04 17:45:55,4.199491274821859,0.378,25.72571420883662,4.19949784658128,0.37767999999999996,25.439084163117315
2024-11-04 17:45:55,4.199655568800195,0.378,25.72571420883662,4.199510990099535,0.37768,25.453703740718836
2024-11-04 17:45:56,4.199655568800195,0.377,25.72571420883662,4.199510990099534,0.37764000000000003,25.453703740718836
2024-11-04 17:45:56,4.199491274821859,0.377,23.469396624933097,4.199517561858657,0.3776,25.453703740718833
2024-11-04 17:45:56,4.199491274821859,0.377,25.72571420883662,4.199504418340379,0.37755999999999995,25.453703740718836
2024-11-04 17:45:56,4.199491274821859,0.377,25.72571420883662,4.1995044183403785,0.37751999999999997,25.453703740718836
2024-11-04 17:45:57,4.199326980843797,0.377,21.84997632024192,4.199504418340379,0.37748,25.376188982946946
2024-11-04 17:45:57,4.199984156757696,0.377,25.72571420883662,4.199504418340379,0.37744,25.361958858113375
2024-11-04 17:45:57,4.199326980843797,0.377,24.2430730354219,4.199510990099491,0.37744,25.346925612246608
2024-11-04 17:45:57,4.199655568800195,0.377,21.84997632024192,4.199530705376858,0.37744000000000005,25.31453720615278
2024-11-04 17:45:58,4.199162686866011,0.377,24.9947353287605,4.1995109900994905,0.37744000000000005,25.29991762855126
2024-11-04 17:45:58,4.199491274821859,0.377,25.72571420883662,4.199524133617725,0.37740000000000007,25.299917628551267
2024-11-04 17:45:58,4.199326980843797,0.377,25.72571420883662,4.199530705376837,0.37736000000000014,25.299917628551256
2024-11-04 17:45:58,4.199655568800195,0.377,24.2430730354219,4.199524133617691,0.37736000000000003,25.284884382684492
2024-11-04 17:45:59,4.199491274821859,0.377,25.72571420883662,4.199524133617691,0.37736000000000003,25.314537206152792
2024-11-04 17:45:59,4.199491274821859,0.377,25.72571420883662,4.199530705376813,0.37732000000000004,25.31453720615278
2024-11-04 17:45:59,4.199984156757696,0.377,22.672238853203226,4.199550420654247,0.37728000000000006,25.253467699040115
2024-11-04 17:45:59,4.199655568800195,0.377,25.72571420883662,4.19955699241338,0.37724000000000013,25.25346769904012
2024-11-04 17:46:00,4.199326980843797,0.377,23.469396624933097,4.1995504206542575,0.37720000000000004,25.253467699040115
2024-11-04 17:46:00,4.199162686866011,0.377,25.72571420883662,4.199524133617746,0.3771600000000001,25.239237574206545
2024-11-04 17:46:00,4.199491274821859,0.377,25.72571420883662,4.199530705376869,0.3771200000000001,25.211144677499696
2024-11-04 17:46:00,4.199162686866011,0.377,25.72571420883662,4.199504418340356,0.3770800000000001,25.211144677499696
2024-11-04 17:46:01,4.198998392888499,0.377,22.672238853203226,4.199484703063022,0.3770800000000001,25.150075170387023
2024-11-04 17:46:01,4.199655568800195,0.376,24.9947353287605,4.199478131303878,0.37704000000000015,25.150075170387026
2024-11-04 17:46:01,4.20014845073686,0.376,27.13035904417916,4.1995109900996,0.3770000000000002,25.17816806709388
2024-11-04 17:46:01,4.199491274821859,0.377,24.9947353287605,4.1995109900996,0.37696000000000024,25.16354848949235
2024-11-04 17:46:02,4.199655568800195,0.377,25.72571420883662,4.199510990099599,0.3769200000000002,25.208674841170424
2024-11-04 17:46:02,4.199162686866011,0.377,24.9947353287605,4.199491274822233,0.3769200000000001,25.165962366862047
2024-11-04 17:46:02,4.199655568800195,0.376,24.9947353287605,4.199497846581365,0.37688000000000005,25.212412296373195
2024-11-04 17:46:02,4.199655568800195,0.376,26.437220450515156,4.199504418340498,0.3768400000000001,25.22664242120677
2024-11-04 17:46:03,4.20014845073686,0.377,26.437220450515156,4.199530705377097,0.3768400000000001,25.301942053153017
2024-11-04 17:46:03,4.199491274821859,0.377,24.2430730354219,4.199537277136221,0.3768400000000001,25.272289229684716
2024-11-04 17:46:03,4.199491274821859,0.377,24.9947353287605,4.199517561858787,0.37683999999999995,25.24343952724963
2024-11-04 17:46:03,4.199491274821859,0.376,22.672238853203226,4.199524133617911,0.3767999999999999,25.19698959773848
2024-11-04 17:46:04,4.199491274821859,0.376,23.469396624933097,4.199517561858777,0.37676000000000004,25.11025470419393
2024-11-04 17:46:04,4.199491274821859,0.377,25.72571420883662,4.199530705377011,0.37676000000000004,25.124874281795456
2024-11-04 17:46:04,4.199655568800195,0.377,25.72571420883662,4.1995372771361446,0.37676000000000004,25.11064415696187
2024-11-04 17:46:04,4.199819862778808,0.377,23.469396624933097,4.199556992413545,0.37675999999999993,25.06551780528381
2024-11-04 17:46:05,4.199984156757696,0.376,25.72571420883662,4.199570135931847,0.37671999999999994,25.11064415696188
2024-11-04 17:46:05,4.199655568800195,0.376,25.72571420883662,4.19957670769098,0.37668000000000007,25.069035615095398
2024-11-04 17:46:05,4.20014845073686,0.377,26.437220450515156,4.19960299472758,0.37668000000000007,25.069035615095398
2024-11-04 17:46:05,4.199491274821859,0.377,25.72571420883662,4.199583279450146,0.37668000000000007,25.069035615095398
2024-11-04 17:46:06,4.199655568800195,0.377,24.9947353287605,4.199583279450145,0.37668,25.05441603749387
2024-11-04 17:46:06,4.199491274821859,0.377,26.437220450515156,4.199589851209267,0.3766799999999999,25.06864616232744
2024-11-04 17:46:06,4.198998392888499,0.377,24.2430730354219,4.1995832794501675,0.3766799999999999,25.024763214025576
2024-11-04 17:46:06,4.199655568800195,0.377,24.9947353287605,4.1995898512093,0.3766799999999999,25.02476321402558
2024-11-04 17:46:07,4.199491274821859,0.377,25.72571420883662,4.199602994727535,0.3766799999999999,24.99667031731872
2024-11-04 17:46:07,4.20014845073686,0.377,24.2430730354219,4.199648997041469,0.3766799999999999,24.981637071451956
2024-11-04 17:46:07,4.199984156757696,0.377,25.72571420883662,4.199662140559769,0.37671999999999994,25.026763423130024
2024-11-04 17:46:07,4.199655568800195,0.377,23.469396624933097,4.199642425282303,0.37676000000000004,24.981637071451964
2024-11-04 17:46:08,4.199655568800195,0.377,25.72571420883662,4.199648997041436,0.37676000000000004,24.98163707145196
2024-11-04 17:46:08,4.199491274821859,0.376,24.9947353287605,4.199642425282303,0.3767200000000001,24.967017493850438
2024-11-04 17:46:08,4.199819862778808,0.376,25.72571420883662,4.199668712318815,0.3766800000000002,24.967017493850445
2024-11-04 17:46:08,4.199655568800195,0.376,24.9947353287605,4.199668712318814,0.37668000000000035,24.997524267926988
2024-11-04 17:46:09,4.199984156757696,0.376,24.2430730354219,4.199681855837113,0.3766800000000004,24.967871444458698
2024-11-04 17:46:09,4.199655568800195,0.376,24.2430730354219,4.199662140559647,0.37664000000000036,24.938218620990398
2024-11-04 17:46:09,4.199655568800195,0.376,25.72571420883662,4.199668712318779,0.3766000000000003,25.0157333787623
2024-11-04 17:46:09,4.200477038696013,0.376,25.72571420883662,4.199708142873745,0.3765600000000003,25.0157333787623
2024-11-04 17:46:10,4.199819862778808,0.376,24.9947353287605,4.199721286392023,0.37656000000000023,25.030766624629063
2024-11-04 17:46:10,4.199655568800195,0.377,24.2430730354219,4.1997278581511575,0.37660000000000005,25.07862855893266
2024-11-04 17:46:10,4.199819862778808,0.377,25.72571420883662,4.1997410016694365,0.3765999999999999,25.093248136534186
2024-11-04 17:46:10,4.199655568800195,0.376,24.9947353287605,4.199741001669435,0.37655999999999984,25.078628558932664
2024-11-04 17:46:11,4.199984156757696,0.376,24.9947353287605,4.19974757342859,0.37651999999999985,25.064008981331135
2024-11-04 17:46:11,4.199984156757696,0.376,25.72571420883662,4.199747573428591,0.37651999999999997,25.09366180479942
2024-11-04 17:46:11,4.199819862778808,0.376,24.9947353287605,4.199754145187736,0.37652,25.079042227197903
2024-11-04 17:46:11,4.200312744716299,0.376,26.437220450515156,4.199760716946914,0.37648000000000004,25.093272352031473
2024-11-04 17:46:12,4.199655568800195,0.376,24.9947353287605,4.199767288706046,0.37644000000000005,25.13972228154262
2024-11-04 17:46:12,4.199655568800195,0.376,25.72571420883662,4.199767288706045,0.37640000000000007,25.13972228154263
2024-11-04 17:46:12,4.199326980843797,0.376,24.9947353287605,4.1997607169469235,0.3763600000000001,25.17022905561917
2024-11-04 17:46:12,4.200477038696013,0.376,25.72571420883662,4.199819862779226,0.3763200000000001,25.170229055619174
2024-11-04 17:46:13,4.199984156757696,0.376,24.9947353287605,4.199833006297525,0.37628000000000017,25.155609478017656
2024-11-04 17:46:13,4.199491274821859,0.376,26.437220450515156,4.199833006297527,0.3762400000000001,25.169839602851216
2024-11-04 17:46:13,4.199819862778808,0.376,25.72571420883662,4.199819862779204,0.3762000000000001,25.230909109963896
2024-11-04 17:46:13,4.199819862778808,0.376,27.13035904417916,4.199813291020049,0.37616000000000005,25.273621584272263
2024-11-04 17:46:14,4.20014845073686,0.376,25.72571420883662,4.199833006297515,0.37611999999999995,25.24552868756542
2024-11-04 17:46:14,4.199984156757696,0.376,24.9947353287605,4.199846149815816,0.37607999999999997,25.245528687565415
2024-11-04 17:46:14,4.199819862778808,0.376,25.72571420883662,4.199859293334095,0.37607999999999997,25.24552868756541
2024-11-04 17:46:14,4.199984156757696,0.376,27.13035904417916,4.19986586509325,0.37607999999999997,25.28824116187379
2024-11-04 17:46:15,4.199819862778808,0.376,23.469396624933097,4.199872436852394,0.37607999999999997,25.257734387797246
2024-11-04 17:46:15,4.20014845073686,0.376,25.72571420883662,4.199879008611561,0.37607999999999997,25.24350426296367
2024-11-04 17:46:15,4.199491274821859,0.376,26.437220450515156,4.199872436852427,0.37608,25.24350426296367
2024-11-04 17:46:15,4.199655568800195,0.376,24.9947353287605,4.199872436852426,0.37608,25.258537508830447
2024-11-04 17:46:16,4.199819862778808,0.376,26.437220450515156,4.199846149815738,0.37608,25.287387211265532
2024-11-04 17:46:16,4.199655568800195,0.376,24.9947353287605,4.199839578056594,0.37608,25.33383714077668
2024-11-04 17:46:16,4.199655568800195,0.376,25.72571420883662,4.199839578056593,0.37604,25.37896349245475
2024-11-04 17:46:16,4.20014845073686,0.376,23.469396624933097,4.199852721574914,0.376,25.33383714077668
2024-11-04 17:46:17,4.199819862778808,0.376,23.469396624933097,4.19985929333406,0.376,25.288710789098612
2024-11-04 17:46:17,4.199655568800195,0.376,24.9947353287605,4.199846149815759,0.376,25.319217563175158
2024-11-04 17:46:17,4.199819862778808,0.376,25.72571420883662,4.199839578056604,0.376,25.31921756317516
2024-11-04 17:46:17,4.199984156757696,0.376,25.72571420883662,4.199846149815759,0.376,25.31921756317516
2024-11-04 17:46:18,4.199984156757696,0.376,23.469396624933097,4.199833006297414,0.376,25.25986108666352
2024-11-04 17:46:18,4.199984156757696,0.376,24.2430730354219,4.199846149815715,0.376,25.230208263195227
2024-11-04 17:46:18,4.199819862778808,0.375,22.672238853203226,4.19985272157486,0.37595999999999996,25.18375833368408
2024-11-04 17:46:18,4.199984156757696,0.375,25.72571420883662,4.199879008611416,0.3759199999999999,25.169528208850508
2024-11-04 17:46:19,4.199984156757696,0.376,24.2430730354219,4.199859293333883,0.3759199999999999,25.1695282088505
2024-11-04 17:46:19,4.199984156757696,0.376,24.2430730354219,4.199859293333883,0.3759199999999999,25.154494962983737
2024-11-04 17:46:19,4.199984156757696,0.376,24.9947353287605,4.199879008611317,0.37592,25.139875385382215
2024-11-04 17:46:19,4.199819862778808,0.375,25.72571420883662,4.199879008611318,0.37588,25.169528208850515
2024-11-04 17:46:20,4.199984156757696,0.375,26.437220450515156,4.1998855803704735,0.37583999999999995,25.183758333684082
2024-11-04 17:46:20,4.20014845073686,0.376,25.72571420883662,4.1998855803704735,0.37583999999999995,25.228884685362154
2024-11-04 17:46:20,4.20014845073686,0.376,26.437220450515156,4.199892152129641,0.37583999999999995,25.24311481019572
2024-11-04 17:46:20,4.199819862778808,0.376,24.9947353287605,4.19989215212964,0.37584,25.243114810195724
2024-11-04 17:46:21,4.199491274821859,0.376,24.9947353287605,4.199872436852207,0.3758400000000001,25.228495232594206
2024-11-04 17:46:21,4.199819862778808,0.376,25.72571420883662,4.199872436852207,0.3758400000000001,25.24311481019571
2024-11-04 17:46:21,4.199326980843797,0.376,25.72571420883662,4.199839578056484,0.3758400000000001,25.272767633664007
2024-11-04 17:46:21,4.199984156757696,0.376,24.9947353287605,4.199859293333918,0.3758400000000001,25.28780087953078
2024-11-04 17:46:22,4.199655568800195,0.375,23.469396624933097,4.199859293333918,0.3758000000000001,25.242674527852714
2024-11-04 17:46:22,4.200477038696013,0.375,27.13035904417916,4.199885580370606,0.3757599999999999,25.27076742455956
2024-11-04 17:46:22,4.199984156757696,0.376,25.72571420883662,4.199898723888906,0.3757599999999999,25.285387002161087
2024-11-04 17:46:22,4.199819862778808,0.376,24.2430730354219,4.19990529564805,0.3757599999999999,25.285387002161084
2024-11-04 17:46:23,4.199819862778808,0.376,27.13035904417916,4.1998921521297286,0.37576,25.313479898867936
2024-11-04 17:46:23,4.200641332676002,0.375,23.469396624933097,4.199925010925616,0.37572000000000005,25.282973124791393
2024-11-04 17:46:23,4.200641332676002,0.375,27.13035904417916,4.199964441480649,0.3756799999999999,25.32568559909976
2024-11-04 17:46:23,4.199984156757696,0.375,21.84997632024192,4.1999710132398045,0.37563999999999986,25.24817084132787
2024-11-04 17:46:24,4.199819862778808,0.375,26.437220450515156,4.199964441480649,0.3755999999999999,25.277020543762955
2024-11-04 17:46:24,4.200312744716299,0.375,23.469396624933097,4.199977584998993,0.37555999999999984,25.21766406725132
2024-11-04 17:46:24,4.199984156757696,0.375,24.2430730354219,4.199977584998993,0.3755199999999999,25.202630821384545
2024-11-04 17:46:24,4.20014845073686,0.375,26.437220450515156,4.199990728517315,0.3755199999999999,25.21686094621812
2024-11-04 17:46:25,4.200312744716299,0.375,24.2430730354219,4.200003872035658,0.3755199999999999,25.201827700351345
2024-11-04 17:46:25,4.20014845073686,0.375,25.72571420883662,4.200010443794825,0.37548000000000004,25.201827700351352
2024-11-04 17:46:25,4.199984156757696,0.375,24.2430730354219,4.200010443794825,0.37544,25.186794454484584
2024-11-04 17:46:25,4.199819862778808,0.375,26.437220450515156,4.200003872035669,0.3754,25.18679445448458
2024-11-04 17:46:26,4.20014845073686,0.375,24.9947353287605,4.200017015553991,0.3754,25.17217487688306
2024-11-04 17:46:26,4.200477038696013,0.375,25.72571420883662,4.200036730831523,0.3754,25.144081980176207
2024-11-04 17:46:26,4.200312744716299,0.375,26.437220450515156,4.200043302590701,0.37536,25.158312105009774
2024-11-04 17:46:26,4.199984156757696,0.375,26.437220450515156,4.200036730831535,0.37532000000000004,25.187161807444873
2024-11-04 17:46:27,4.199984156757696,0.375,24.9947353287605,4.200043302590689,0.37528000000000006,25.17254222984335
2024-11-04 17:46:27,4.200312744716299,0.375,24.9947353287605,4.200076161386467,0.37524,25.129829755534974
2024-11-04 17:46:27,4.199491274821859,0.375,27.13035904417916,4.20006301786819,0.37520000000000003,25.20304900391989
2024-11-04 17:46:27,4.20014845073686,0.375,26.437220450515156,4.200095876663912,0.37516,25.21727912875346
2024-11-04 17:46:28,4.20014845073686,0.375,24.9947353287605,4.2001024484230784,0.37512,25.188429426318365
2024-11-04 17:46:28,4.20014845073686,0.375,24.2430730354219,4.200122163700545,0.37512,25.17339618045159
2024-11-04 17:46:28,4.200477038696013,0.375,27.13035904417916,4.200122163700546,0.37512,25.18725895232488
2024-11-04 17:46:28,4.200312744716299,0.375,26.437220450515156,4.20013530721889,0.37507999999999997,25.216108654759964
2024-11-04 17:46:29,4.200805626656267,0.374,26.437220450515156,4.200174737773988,0.37499999999999994,25.230338779593538
2024-11-04 17:46:29,4.20014845073686,0.374,25.72571420883662,4.200187881292311,0.3749199999999999,25.275465131271602
2024-11-04 17:46:29,4.200312744716299,0.374,27.80614130216054,4.200174737773922,0.3748799999999999,25.362200024816158
2024-11-04 17:46:29,4.200477038696013,0.374,24.9947353287605,4.2001681660147225,0.3748399999999998,25.36220002481615
2024-11-04 17:46:30,4.199655568800195,0.374,26.437220450515156,4.200155022496421,0.3747999999999998,25.37643014964972
2024-11-04 17:46:30,4.20014845073686,0.374,25.72571420883662,4.200168166014744,0.37475999999999987,25.37643014964972
2024-11-04 17:46:30,4.20014845073686,0.374,27.13035904417916,4.200161594255566,0.3747199999999999,25.44964939803464
2024-11-04 17:46:30,4.199655568800195,0.374,26.437220450515156,4.200148450737266,0.3746799999999999,25.493532346336504
2024-11-04 17:46:31,4.200477038696013,0.374,24.9947353287605,4.200161594255632,0.3746399999999999,25.539982275847645
2024-11-04 17:46:31,4.20014845073686,0.374,25.72571420883662,4.200155022496455,0.37459999999999993,25.539982275847652
2024-11-04 17:46:31,4.199655568800195,0.374,25.72571420883662,4.2001353072189875,0.37455999999999995,25.569635099315946
2024-11-04 17:46:31,4.199984156757696,0.374,24.2430730354219,4.200135307218988,0.37451999999999996,25.569635099315953
2024-11-04 17:46:32,4.199491274821859,0.374,25.72571420883662,4.200122163700711,0.37448,25.58425467691748
2024-11-04 17:46:32,4.200641332676002,0.374,24.2430730354219,4.200141878978276,0.37444000000000005,25.55460185344918
2024-11-04 17:46:32,4.200312744716299,0.374,25.72571420883662,4.200135307219088,0.37440000000000007,25.540371728615618
2024-11-04 17:46:32,4.200312744716299,0.374,25.72571420883662,4.200135307219088,0.37436,25.540371728615618
2024-11-04 17:46:33,4.200477038696013,0.374,25.72571420883662,4.20015502249662,0.37432000000000004,25.526141603782044
2024-11-04 17:46:33,4.20014845073686,0.374,25.72571420883662,4.200161594255788,0.37427999999999995,25.54076118138356
2024-11-04 17:46:33,4.20014845073686,0.374,24.9947353287605,4.2001550224966095,0.37424,25.540761181383562
2024-11-04 17:46:33,4.200312744716299,0.374,25.72571420883662,4.200187881292387,0.3741999999999999,25.54076118138357
2024-11-04 17:46:34,4.200312744716299,0.374,24.9947353287605,4.200194453051565,0.37416,25.52614160378204
2024-11-04 17:46:34,4.199984156757696,0.374,27.80614130216054,4.200187881292398,0.37412,25.582369723250043
2024-11-04 17:46:34,4.20014845073686,0.374,25.72571420883662,4.200187881292397,0.37408,25.627496074928114
2024-11-04 17:46:34,4.200312744716299,0.374,24.9947353287605,4.200181309533208,0.37404,25.584783600619733
2024-11-04 17:46:35,4.200477038696013,0.374,24.9947353287605,4.200187881292397,0.374,25.570164023018222
2024-11-04 17:46:35,4.200477038696013,0.374,24.2430730354219,4.200174737773988,0.374,25.57016402301822
2024-11-04 17:46:35,4.20014845073686,0.374,24.9947353287605,4.200174737773987,0.374,25.527451548709852
2024-11-04 17:46:35,4.199819862778808,0.374,25.72571420883662,4.200155022496488,0.374,25.572577900387913
2024-11-04 17:46:36,4.20014845073686,0.374,23.469396624933097,4.200141878978123,0.374,25.499358652002996
2024-11-04 17:46:36,4.200477038696013,0.374,25.72571420883662,4.200174737773956,0.374,25.57687340977489
2024-11-04 17:46:36,4.20014845073686,0.374,24.2430730354219,4.200174737773956,0.374,25.532990461473023
2024-11-04 17:46:36,4.200477038696013,0.374,24.9947353287605,4.200187881292322,0.374,25.563497235549566
2024-11-04 17:46:37,4.20014845073686,0.374,25.72571420883662,4.20020759656979,0.374,25.593150059017862
2024-11-04 17:46:37,4.199819862778808,0.374,26.437220450515156,4.200181309533102,0.374,25.593150059017873
2024-11-04 17:46:37,4.200312744716299,0.374,26.437220450515156,4.200187881292279,0.374,25.637033007319733
2024-11-04 17:46:37,4.199984156757696,0.374,25.72571420883662,4.200201024810578,0.374,25.637033007319733
2024-11-04 17:46:38,4.200477038696013,0.374,25.72571420883662,4.200220740088111,0.374,25.66668583078803
2024-11-04 17:46:38,4.200312744716299,0.374,24.9947353287605,4.200253598883887,0.374,25.637836128352934
2024-11-04 17:46:38,4.20014845073686,0.374,23.469396624933097,4.200233883606322,0.374,25.60732935427638
2024-11-04 17:46:38,4.200312744716299,0.374,24.9947353287605,4.200233883606321,0.374,25.59270977667486
2024-11-04 17:46:39,4.200477038696013,0.374,24.9947353287605,4.20024045536551,0.374,25.563860074239773
2024-11-04 17:46:39,4.200805626656267,0.374,25.72571420883662,4.200253598883919,0.374,25.5496299494062
2024-11-04 17:46:39,4.200312744716299,0.374,26.437220450515156,4.200260170643097,0.374,25.57847965184129
2024-11-04 17:46:39,4.200805626656267,0.373,25.72571420883662,4.200286457679873,0.37396000000000007,25.593099229442807
2024-11-04 17:46:40,4.199984156757696,0.373,26.437220450515156,4.20027331416153,0.3739200000000002,25.579236457569532
2024-11-04 17:46:40,4.199655568800195,0.373,25.72571420883662,4.200247027124885,0.37388000000000027,25.565006332735965
2024-11-04 17:46:40,4.200312744716299,0.373,25.72571420883662,4.200260170643228,0.37384000000000034,25.57962591033748
2024-11-04 17:46:40,4.200477038696013,0.373,27.80614130216054,4.200273314161595,0.3738000000000003,25.650887275672257
2024-11-04 17:46:41,4.200805626656267,0.373,24.2430730354219,4.200293029439194,0.37376000000000026,25.59314155549712
2024-11-04 17:46:41,4.200312744716299,0.373,25.72571420883662,4.200286457680005,0.3737200000000002,25.57891143066354
2024-11-04 17:46:41,4.200312744716299,0.373,25.72571420883662,4.200279885920816,0.3736800000000002,25.56468130582997
2024-11-04 17:46:41,4.200477038696013,0.373,24.2430730354219,4.200293029439182,0.37364000000000014,25.53502848236167
2024-11-04 17:46:42,4.200312744716299,0.373,24.9947353287605,4.2003127447166815,0.37360000000000004,25.478800362893672
2024-11-04 17:46:42,4.20014845073686,0.373,23.469396624933097,4.2003127447166815,0.37356,25.448293588817126
2024-11-04 17:46:42,4.20014845073686,0.373,24.9947353287605,4.200299601198315,0.37351999999999996,25.41944388638204
2024-11-04 17:46:42,4.199984156757696,0.373,24.9947353287605,4.200293029439149,0.3734799999999999,25.404824308780512
2024-11-04 17:46:43,4.200312744716299,0.373,23.469396624933097,4.200286457679961,0.3734399999999999,25.331605060395596
2024-11-04 17:46:43,4.20014845073686,0.373,25.72571420883662,4.200286457679961,0.37339999999999984,25.31737493556201
2024-11-04 17:46:43,4.200312744716299,0.373,22.672238853203226,4.20030617295746,0.37335999999999986,25.27092500605087
2024-11-04 17:46:43,4.20014845073686,0.373,25.72571420883662,4.200299601198283,0.3733199999999999,25.270925006050874
2024-11-04 17:46:44,4.200641332676002,0.373,23.469396624933097,4.2003258882350165,0.3732799999999999,25.225798654372806
2024-11-04 17:46:44,4.199819862778808,0.373,27.13035904417916,4.200299601198328,0.3732399999999999,25.283544374547954
2024-11-04 17:46:44,4.200477038696013,0.373,26.437220450515156,4.200306172957517,0.3731999999999999,25.29777449938152
2024-11-04 17:46:44,4.200477038696013,0.373,24.2430730354219,4.200319316475883,0.37315999999999994,25.297774499381525
2024-11-04 17:46:45,4.200477038696013,0.373,26.437220450515156,4.200325888235073,0.37311999999999995,25.312004624215096
2024-11-04 17:46:45,4.200477038696013,0.373,26.437220450515156,4.200325888235073,0.3730799999999999,25.326234749048673
2024-11-04 17:46:45,4.200969920636808,0.373,25.72571420883662,4.200332459994295,0.3730399999999999,25.326234749048663
2024-11-04 17:46:45,4.20014845073686,0.373,26.437220450515156,4.200325888235118,0.373,25.340464873882237
2024-11-04 17:46:46,4.200312744716299,0.373,25.72571420883662,4.200306172957519,0.373,25.355084451483755
2024-11-04 17:46:46,4.199984156757696,0.373,24.9947353287605,4.200306172957519,0.373,25.340464873882233
2024-11-04 17:46:46,4.200477038696013,0.373,24.9947353287605,4.2003390317533515,0.373,25.34046487388223
2024-11-04 17:46:46,4.200641332676002,0.373,24.9947353287605,4.200352175271741,0.373,25.284236754414227
2024-11-04 17:46:47,4.200477038696013,0.373,24.2430730354219,4.200352175271741,0.373,25.254583930945937
2024-11-04 17:46:47,4.200477038696013,0.373,25.72571420883662,4.200339031753329,0.373,25.269203508547463
2024-11-04 17:46:47,4.199984156757696,0.373,24.9947353287605,4.2003258882349845,0.373,25.269203508547456
2024-11-04 17:46:47,4.20014845073686,0.373,26.437220450515156,4.200319316475807,0.373,25.313086456849323
2024-11-04 17:46:48,4.200477038696013,0.373,26.437220450515156,4.200319316475808,0.373,25.341936159284415
2024-11-04 17:46:48,4.20014845073686,0.373,26.437220450515156,4.20031274471663,0.373,25.35616628411799
2024-11-04 17:46:48,4.200477038696013,0.373,26.437220450515156,4.200325888234997,0.373,25.41552276062964
2024-11-04 17:46:48,4.200477038696013,0.373,23.469396624933097,4.200339031753363,0.373,25.37039640895156
2024-11-04 17:46:49,4.200477038696013,0.373,25.72571420883662,4.200358747030895,0.373,25.40004923241986
2024-11-04 17:46:49,4.20014845073686,0.373,24.2430730354219,4.200352175271719,0.373,25.385015986553086
2024-11-04 17:46:49,4.20014845073686,0.373,25.72571420883662,4.200352175271719,0.373,25.38501598655309
2024-11-04 17:46:49,4.200477038696013,0.373,25.72571420883662,4.200358747030907,0.373,25.370785861719522
2024-11-04 17:46:50,4.200312744716299,0.373,24.9947353287605,4.200365318790084,0.373,25.34193615928443
2024-11-04 17:46:50,4.200477038696013,0.373,24.9947353287605,4.200358747030884,0.373,25.327316581682897
2024-11-04 17:46:50,4.20014845073686,0.373,23.469396624933097,4.200371890549206,0.373,25.28219023000483
2024-11-04 17:46:50,4.200477038696013,0.373,27.13035904417916,4.200371890549206,0.373,25.3249027043132
2024-11-04 17:46:51,4.20014845073686,0.372,27.13035904417916,4.2003587470308394,0.3729599999999999,25.398121952698116
2024-11-04 17:46:51,4.20014845073686,0.372,26.437220450515156,4.200345603512473,0.37291999999999986,25.42697165513321
2024-11-04 17:46:51,4.200477038696013,0.372,25.72571420883662,4.200345603512473,0.3728799999999998,25.441591232734726
2024-11-04 17:46:51,4.200312744716299,0.372,24.9947353287605,4.200319316475652,0.3728399999999998,25.426971655133208
2024-11-04 17:46:52,4.20014845073686,0.372,24.9947353287605,4.200319316475652,0.3727999999999998,25.39812195269812
2024-11-04 17:46:52,4.200477038696013,0.373,25.72571420883662,4.200325888234841,0.37279999999999985,25.39812195269812
2024-11-04 17:46:52,4.199984156757696,0.373,23.469396624933097,4.2003258882348415,0.37279999999999996,25.338765476186477
2024-11-04 17:46:52,4.200969920636808,0.373,25.72571420883662,4.200345603512472,0.3728,25.33876547618648
2024-11-04 17:46:53,4.200641332676002,0.372,25.72571420883662,4.200345603512473,0.37276000000000004,25.338765476186474
2024-11-04 17:46:53,4.200641332676002,0.372,26.437220450515156,4.200352175271673,0.37272,25.311387059153567
2024-11-04 17:46:53,4.200312744716299,0.372,25.72571420883662,4.200345603512484,0.37267999999999996,25.341039882621864
2024-11-04 17:46:53,4.200641332676002,0.372,24.2430730354219,4.200371890549217,0.37263999999999986,25.31138705915357
2024-11-04 17:46:54,4.200641332676002,0.373,26.437220450515156,4.200391605826783,0.37263999999999997,25.32561718398714
2024-11-04 17:46:54,4.20014845073686,0.373,24.9947353287605,4.200378462308416,0.37264,25.34065042985391
2024-11-04 17:46:54,4.201134214617624,0.373,27.13035904417916,4.200417892863648,0.3726400000000001,25.383362904162286
2024-11-04 17:46:54,4.200805626656267,0.372,24.9947353287605,4.200431036382057,0.37260000000000004,25.41386967823883
2024-11-04 17:46:55,4.200641332676002,0.372,24.2430730354219,4.200437608141256,0.37255999999999995,25.398836432372065
2024-11-04 17:46:55,4.200805626656267,0.372,26.437220450515156,4.200450751659667,0.3725199999999999,25.427686134807153
2024-11-04 17:46:55,4.200477038696013,0.372,24.2430730354219,4.200463895178033,0.3724799999999998,25.443159663016935
2024-11-04 17:46:55,4.200805626656267,0.372,24.9947353287605,4.200490182214809,0.3724399999999999,25.428540085415417
2024-11-04 17:46:56,4.200312744716299,0.372,26.437220450515156,4.20048361045562,0.3723999999999999,25.503839717361654
2024-11-04 17:46:56,4.200312744716299,0.372,24.9947353287605,4.200483610455619,0.3723599999999999,25.489220139760132
2024-11-04 17:46:56,4.199819862778808,0.372,26.437220450515156,4.20045732341893,0.37231999999999993,25.548576616271767
2024-11-04 17:46:56,4.200641332676002,0.372,24.2430730354219,4.200477038696497,0.3722799999999999,25.490830896096625
2024-11-04 17:46:57,4.200477038696013,0.372,26.437220450515156,4.200477038696498,0.3722399999999999,25.49083089609662
2024-11-04 17:46:57,4.199984156757696,0.372,24.9947353287605,4.200470466937331,0.3722399999999999,25.50586414196339
2024-11-04 17:46:57,4.200805626656267,0.372,24.9947353287605,4.2004967539741065,0.3722399999999999,25.477014439528304
2024-11-04 17:46:57,4.200805626656267,0.372,24.9947353287605,4.200509897492516,0.37223999999999996,25.448164737093197
2024-11-04 17:46:58,4.200477038696013,0.372,24.2430730354219,4.2005164692517045,0.37223999999999996,25.418511913624908
2024-11-04 17:46:58,4.200805626656267,0.372,24.2430730354219,4.200542756288481,0.37223999999999996,25.37462896532304
2024-11-04 17:46:58,4.200312744716299,0.372,25.72571420883662,4.200536184529293,0.3722,25.374628965323055
2024-11-04 17:46:58,4.200641332676002,0.372,25.72571420883662,4.200562471566025,0.37215999999999994,25.38924854292457
2024-11-04 17:46:59,4.200805626656267,0.372,25.72571420883662,4.200555899806804,0.37211999999999995,25.403868120526095
2024-11-04 17:46:59,4.200312744716299,0.372,24.9947353287605,4.200542756288415,0.37211999999999995,25.40386812052609
2024-11-04 17:46:59,4.200805626656267,0.372,25.72571420883662,4.200549328047625,0.37211999999999995,25.43352094399438
2024-11-04 17:46:59,4.200805626656267,0.372,27.13035904417916,4.200569043325224,0.37211999999999995,25.461613840701244
2024-11-04 17:47:00,4.200641332676002,0.372,24.2430730354219,4.200569043325224,0.37211999999999995,25.446580594834458
2024-11-04 17:47:00,4.200641332676002,0.372,24.2430730354219,4.200569043325225,0.3720799999999999,25.4026976465326
2024-11-04 17:47:00,4.201462802580083,0.372,26.437220450515156,4.200621617398954,0.3720399999999999,25.402697646532598
2024-11-04 17:47:00,4.200805626656267,0.372,25.72571420883662,4.200608473880499,0.37199999999999994,25.38846752169902
2024-11-04 17:47:01,4.200969920636808,0.371,26.437220450515156,4.200615045639721,0.3719599999999999,25.38846752169903
2024-11-04 17:47:01,4.200641332676002,0.371,25.72571420883662,4.200615045639721,0.37191999999999986,25.433593873377102
2024-11-04 17:47:01,4.200477038696013,0.372,28.465495270963004,4.200601902121312,0.37191999999999986,25.488389494619625
2024-11-04 17:47:01,4.200805626656267,0.372,24.9947353287605,4.200615045639722,0.37191999999999986,25.5034227404864
2024-11-04 17:47:02,4.201134214617624,0.372,24.2430730354219,4.200628189158176,0.3719199999999999,25.473769917018107
2024-11-04 17:47:02,4.200641332676002,0.371,25.72571420883662,4.2006413326765655,0.37187999999999993,25.473769917018107
2024-11-04 17:47:02,4.200477038696013,0.371,26.437220450515156,4.200647904435754,0.3718399999999999,25.5026196194532
2024-11-04 17:47:02,4.199984156757696,0.371,24.9947353287605,4.200654476194908,0.37179999999999985,25.502619619453203
2024-11-04 17:47:03,4.20014845073686,0.371,25.72571420883662,4.2006347609173424,0.3717599999999998,25.54774597113127
2024-11-04 17:47:03,4.200969920636808,0.371,24.2430730354219,4.200654476194973,0.37171999999999983,25.490000250956122
2024-11-04 17:47:03,4.200477038696013,0.371,24.9947353287605,4.2006741914725065,0.37167999999999984,25.447287776647755
2024-11-04 17:47:03,4.200641332676002,0.371,23.469396624933097,4.200667619713297,0.37163999999999986,25.38793130013612
2024-11-04 17:47:04,4.20014845073686,0.371,24.9947353287605,4.200641332676521,0.3715999999999999,25.3733117225346
2024-11-04 17:47:04,4.200641332676002,0.371,24.9947353287605,4.200647904435721,0.3715599999999999,25.373311722534595
2024-11-04 17:47:04,4.200969920636808,0.371,22.672238853203226,4.200654476194942,0.37151999999999996,25.326861793023454
2024-11-04 17:47:04,4.200969920636808,0.371,24.2430730354219,4.2006807632317615,0.37148,25.297208969555154
2024-11-04 17:47:05,4.200641332676002,0.371,25.72571420883662,4.2006807632317615,0.37144,25.34233532123322
2024-11-04 17:47:05,4.200805626656267,0.371,24.9947353287605,4.2006807632317615,0.3714,25.327715743631703
2024-11-04 17:47:05,4.200805626656267,0.371,27.80614130216054,4.2007004785093605,0.37136,25.369324285498173
2024-11-04 17:47:05,4.200805626656267,0.371,24.2430730354219,4.2007004785093605,0.37132000000000004,25.325441337196306
2024-11-04 17:47:06,4.200969920636808,0.371,25.72571420883662,4.20070705026858,0.37128,25.325441337196306
2024-11-04 17:47:06,4.200805626656267,0.371,24.9947353287605,4.2007136220277905,0.37124,25.340474583063084
2024-11-04 17:47:06,4.200312744716299,0.371,24.9947353287605,4.200700478509402,0.37120000000000003,25.31162488062799
2024-11-04 17:47:06,4.200805626656267,0.371,24.9947353287605,4.200674191472449,0.37116000000000005,25.311624880627992
2024-11-04 17:47:07,4.200641332676002,0.371,26.437220450515156,4.20066761971324,0.3711200000000001,25.297762108754704
2024-11-04 17:47:07,4.20014845073686,0.371,22.672238853203226,4.200634760917242,0.3711200000000001,25.251312179243556
2024-11-04 17:47:07,4.200312744716299,0.371,24.9947353287605,4.200621617398854,0.3711200000000001,25.26634542511034
2024-11-04 17:47:07,4.201298508598716,0.371,25.72571420883662,4.200654476194961,0.37108000000000013,25.252115300276763
2024-11-04 17:47:08,4.200969920636808,0.371,24.9947353287605,4.200661047954182,0.37104000000000015,25.26714854614353
2024-11-04 17:47:08,4.200477038696013,0.371,27.13035904417916,4.200634760917318,0.3710000000000001,25.30986102045191
2024-11-04 17:47:08,4.200641332676002,0.371,24.9947353287605,4.200634760917319,0.3710000000000001,25.281011318016812
2024-11-04 17:47:08,4.200312744716299,0.371,25.72571420883662,4.200628189158131,0.3710000000000001,25.295630895618334
2024-11-04 17:47:09,4.200969920636808,0.371,25.72571420883662,4.200667619713295,0.3710000000000001,25.281400770784767
2024-11-04 17:47:09,4.200477038696013,0.371,24.9947353287605,4.200680763231661,0.3710000000000001,25.296434016651542
2024-11-04 17:47:09,4.200969920636808,0.371,23.469396624933097,4.20068076323166,0.3710000000000001,25.2370775401399
2024-11-04 17:47:09,4.201134214617624,0.371,25.72571420883662,4.200707050268525,0.3710000000000001,25.251697117741415
2024-11-04 17:47:10,4.200969920636808,0.371,25.72571420883662,4.200720193786957,0.3710000000000001,25.26631669534294
2024-11-04 17:47:10,4.200969920636808,0.371,26.437220450515156,4.200753052582955,0.3710000000000001,25.29516639777803
2024-11-04 17:47:10,4.200969920636808,0.371,25.72571420883662,4.2007661961013865,0.3710000000000001,25.324819221246326
2024-11-04 17:47:10,4.200969920636808,0.371,25.72571420883662,4.200766196101386,0.3710000000000001,25.354472044714612
2024-11-04 17:47:11,4.201134214617624,0.371,25.72571420883662,4.200772767860618,0.3710000000000001,25.354472044714612
2024-11-04 17:47:11,4.200969920636808,0.371,26.437220450515156,4.20078591137905,0.3710000000000001,25.368702169548186
2024-11-04 17:47:11,4.200969920636808,0.371,24.2430730354219,4.200792483138271,0.3710000000000001,25.339049346079896
2024-11-04 17:47:11,4.200805626656267,0.37,24.9947353287605,4.200792483138271,0.3709600000000002,25.339049346079893
2024-11-04 17:47:12,4.200969920636808,0.37,25.72571420883662,4.200799054897492,0.37092000000000025,25.3390493460799
2024-11-04 17:47:12,4.200641332676002,0.37,25.72571420883662,4.200785911379062,0.3708800000000004,25.310956449373045
2024-11-04 17:47:12,4.200969920636808,0.37,25.72571420883662,4.200792483138283,0.3708400000000004,25.340609272841338
2024-11-04 17:47:12,4.201134214617624,0.37,24.9947353287605,4.200825341934336,0.37080000000000035,25.355642518708105
2024-11-04 17:47:13,4.200641332676002,0.37,25.72571420883662,4.200818770175126,0.3707600000000003,25.341412393874542
2024-11-04 17:47:13,4.200312744716299,0.37,26.437220450515156,4.200805626656738,0.3707200000000002,25.35564251870812
2024-11-04 17:47:13,4.200969920636808,0.37,24.9947353287605,4.200838485452737,0.3706800000000002,25.326792816273024
2024-11-04 17:47:13,4.200805626656267,0.37,25.72571420883662,4.200858200730336,0.37064000000000014,25.326792816273027
2024-11-04 17:47:14,4.200805626656267,0.37,27.13035904417916,4.200838485452638,0.3706000000000001,25.300090091737353
2024-11-04 17:47:14,4.200969920636808,0.37,24.9947353287605,4.200838485452638,0.37056000000000006,25.300090091737346
2024-11-04 17:47:14,4.200805626656267,0.37,24.9947353287605,4.200851628971048,0.37052,25.315123337604124
2024-11-04 17:47:14,4.200805626656267,0.37,25.72571420883662,4.200858200730258,0.3704799999999999,25.315123337604128
2024-11-04 17:47:15,4.200805626656267,0.37,25.72571420883662,4.200877916007856,0.3704399999999999,25.300893212770553
2024-11-04 17:47:15,4.200805626656267,0.37,27.13035904417916,4.200871344248635,0.37039999999999984,25.34360568707892
2024-11-04 17:47:15,4.200805626656267,0.37,25.72571420883662,4.200884487767045,0.37035999999999986,25.343605687078924
2024-11-04 17:47:15,4.200805626656267,0.37,25.72571420883662,4.200877916007824,0.3703199999999998,25.373258510547213
2024-11-04 17:47:16,4.200969920636808,0.37,24.2430730354219,4.200871344248592,0.37027999999999983,25.358225264680446
2024-11-04 17:47:16,4.200805626656267,0.37,25.72571420883662,4.2008647724893695,0.3702399999999998,25.403351616358513
2024-11-04 17:47:16,4.200969920636808,0.37,24.2430730354219,4.2008647724893695,0.3701999999999998,25.388318370491746
2024-11-04 17:47:16,4.200969920636808,0.37,25.72571420883662,4.2008647724893695,0.3701599999999998,25.402937948093268
2024-11-04 17:47:17,4.200805626656267,0.37,24.9947353287605,4.200858200730147,0.3701199999999998,25.44938787760442
2024-11-04 17:47:17,4.201134214617624,0.37,25.72571420883662,4.200858200730147,0.3700799999999998,25.47904070107271
2024-11-04 17:47:17,4.200312744716299,0.37,25.72571420883662,4.200831913693325,0.3700399999999998,25.47904070107271
2024-11-04 17:47:17,4.201462802580083,0.37,27.13035904417916,4.200851628971058,0.3699999999999998,25.52175317538108
2024-11-04 17:47:18,4.200805626656267,0.37,25.72571420883662,4.200851628971058,0.3699999999999998,25.48014463351461
2024-11-04 17:47:18,4.200312744716299,0.37,24.9947353287605,4.200825341934237,0.3699999999999998,25.495177879381377
2024-11-04 17:47:18,4.200805626656267,0.37,24.9947353287605,4.200831913693447,0.3699999999999998,25.480558301779855
2024-11-04 17:47:18,4.200969920636808,0.37,25.72571420883662,4.200831913693447,0.3699999999999998,25.495177879381373
2024-11-04 17:47:19,4.200969920636808,0.37,25.72571420883662,4.200825341934214,0.3699999999999998,25.509797456982888
2024-11-04 17:47:19,4.200805626656267,0.37,24.9947353287605,4.200831913693427,0.3699999999999998,25.509797456982884
2024-11-04 17:47:19,4.201462802580083,0.37,26.437220450515156,4.200877916007978,0.3699999999999998,25.509797456982888
2024-11-04 17:47:19,4.200805626656267,0.37,25.72571420883662,4.200871344248757,0.3699999999999998,25.570866964095547
2024-11-04 17:47:20,4.201627096561725,0.369,26.437220450515156,4.200904203044977,0.36995999999999973,25.59971666653064
2024-11-04 17:47:20,4.200641332676002,0.369,25.72571420883662,4.200897631285766,0.3699199999999997,25.59971666653065
2024-11-04 17:47:20,4.201462802580083,0.369,24.9947353287605,4.2009173465634975,0.36987999999999965,25.599716666530643
2024-11-04 17:47:20,4.201134214617624,0.369,27.13035904417916,4.2009304900819515,0.36983999999999967,25.59971666653065
2024-11-04 17:47:21,4.200641332676002,0.369,24.9947353287605,4.200923918322742,0.3697999999999997,25.599716666530643
2024-11-04 17:47:21,4.200805626656267,0.369,25.72571420883662,4.200923918322742,0.3697599999999997,25.599716666530657
2024-11-04 17:47:21,4.201298508598716,0.369,26.437220450515156,4.20094363360044,0.3697199999999997,25.613946791364224
2024-11-04 17:47:21,4.200969920636808,0.369,25.72571420883662,4.2009502053596615,0.36967999999999973,25.62856636896575
2024-11-04 17:47:22,4.200969920636808,0.369,25.72571420883662,4.200956777118883,0.36963999999999975,25.673692720643814
2024-11-04 17:47:22,4.201134214617624,0.369,26.437220450515156,4.200963348878114,0.3695999999999998,25.687922845477388
2024-11-04 17:47:22,4.201298508598716,0.369,26.437220450515156,4.200983064155812,0.36955999999999983,25.702152970310962
2024-11-04 17:47:22,4.201134214617624,0.369,24.9947353287605,4.200989635915043,0.36951999999999985,25.673303267875866
2024-11-04 17:47:23,4.201134214617624,0.369,24.9947353287605,4.200996207674275,0.36947999999999986,25.658683690274348
2024-11-04 17:47:23,4.200805626656267,0.369,24.9947353287605,4.200996207674275,0.3694399999999999,25.644064112672826
2024-11-04 17:47:23,4.200969920636808,0.369,24.9947353287605,4.200989635915042,0.3693999999999999,25.629444535071297
2024-11-04 17:47:23,4.201134214617624,0.369,25.72571420883662,4.201022494711094,0.3693599999999999,25.61521441023773
2024-11-04 17:47:24,4.201462802580083,0.369,25.72571420883662,4.201022494711095,0.36931999999999987,25.64486723370602
2024-11-04 17:47:24,4.200969920636808,0.369,26.437220450515156,4.2010290664703165,0.3692799999999999,25.67371693614112
2024-11-04 17:47:24,4.201298508598716,0.369,24.9947353287605,4.201068497025614,0.36923999999999985,25.659097358539597
2024-11-04 17:47:24,4.201134214617624,0.369,23.469396624933097,4.201081640544068,0.36919999999999986,25.61397100686152
2024-11-04 17:47:25,4.200805626656267,0.369,25.72571420883662,4.201075068784847,0.3691599999999998,25.61397100686152
2024-11-04 17:47:25,4.200805626656267,0.369,25.72571420883662,4.201068497025625,0.36911999999999984,25.628590584463044
2024-11-04 17:47:25,4.201134214617624,0.369,25.72571420883662,4.20108164054408,0.3690799999999998,25.628590584463037
2024-11-04 17:47:25,4.201134214617624,0.369,28.465495270963004,4.201068497025581,0.3690399999999998,25.669156080872
2024-11-04 17:47:26,4.201462802580083,0.369,26.437220450515156,4.201094784062534,0.36899999999999983,25.69800578330709
2024-11-04 17:47:26,4.200969920636808,0.369,27.13035904417916,4.201068497025537,0.36899999999999983,25.726098680013944
2024-11-04 17:47:26,4.201627096561725,0.369,25.72571420883662,4.201107927580966,0.36899999999999983,25.69800578330709
2024-11-04 17:47:26,4.200969920636808,0.369,25.72571420883662,4.201088212303236,0.36899999999999983,25.712625360908614
2024-11-04 17:47:27,4.200805626656267,0.369,24.2430730354219,4.201075068784782,0.36899999999999983,25.697592115041846
2024-11-04 17:47:27,4.200805626656267,0.369,25.72571420883662,4.201081640543992,0.36899999999999983,25.697592115041843
2024-11-04 17:47:27,4.200969920636808,0.369,24.9947353287605,4.201088212303214,0.36899999999999983,25.682972537440325
2024-11-04 17:47:27,4.201462802580083,0.369,25.72571420883662,4.2010947840624695,0.36899999999999983,25.65487964073348
2024-11-04 17:47:28,4.201298508598716,0.369,25.72571420883662,4.201107927580946,0.36899999999999983,25.65487964073348
2024-11-04 17:47:28,4.200969920636808,0.369,25.72571420883662,4.201107927580946,0.36899999999999983,25.65487964073347
2024-11-04 17:47:28,4.200969920636808,0.369,25.72571420883662,4.201101355821712,0.36899999999999983,25.684532464201766
2024-11-04 17:47:28,4.200477038696013,0.369,27.13035904417916,4.201068497025605,0.36899999999999983,25.71262536090861
2024-11-04 17:47:29,4.201134214617624,0.368,25.72571420883662,4.201068497025603,0.3689599999999998,25.74227818437691
2024-11-04 17:47:29,4.201627096561725,0.368,25.72571420883662,4.20108821230337,0.36891999999999975,25.74227818437691
2024-11-04 17:47:29,4.200969920636808,0.369,25.72571420883662,4.201094784062591,0.36891999999999975,25.756897761978426
2024-11-04 17:47:29,4.201134214617624,0.369,25.72571420883662,4.201101355821822,0.36891999999999975,25.756897761978426
2024-11-04 17:47:30,4.201298508598716,0.369,23.469396624933097,4.2011079275810665,0.3689199999999998,25.711771410300347
2024-11-04 17:47:30,4.201298508598716,0.369,27.13035904417916,4.201101355821811,0.3689199999999999,25.711771410300354
2024-11-04 17:47:30,4.201298508598716,0.369,27.13035904417916,4.201114499340287,0.3689199999999999,25.739864307007206
2024-11-04 17:47:30,4.200969920636808,0.368,24.9947353287605,4.201101355821811,0.3688799999999998,25.73986430700721
2024-11-04 17:47:31,4.201298508598716,0.368,24.9947353287605,4.201107927581055,0.3688399999999998,25.739864307007206
2024-11-04 17:47:31,4.200969920636808,0.368,22.672238853203226,4.201114499340275,0.36879999999999974,25.67879479989454
2024-11-04 17:47:31,4.201298508598716,0.368,22.672238853203226,4.201134214617975,0.3687599999999997,25.617725292781873
2024-11-04 17:47:31,4.200805626656267,0.368,26.437220450515156,4.201121071099519,0.3687199999999997,25.646574995216962
2024-11-04 17:47:32,4.201298508598716,0.368,25.72571420883662,4.201127642858763,0.36867999999999973,25.632344870383395
2024-11-04 17:47:32,4.200805626656267,0.368,25.72571420883662,4.201101355821811,0.36863999999999975,25.632344870383395
2024-11-04 17:47:32,4.201298508598716,0.369,23.469396624933097,4.201114499340288,0.36863999999999986,25.57298839387176
2024-11-04 17:47:32,4.201791390543644,0.369,27.13035904417916,4.201121071099563,0.3686399999999999,25.601081290578605
2024-11-04 17:47:33,4.201298508598716,0.369,24.9947353287605,4.20113421461804,0.36863999999999997,25.60108129057861
2024-11-04 17:47:33,4.201298508598716,0.369,24.2430730354219,4.201153929895738,0.36864,25.54333557040346
2024-11-04 17:47:33,4.201134214617624,0.368,26.437220450515156,4.201167073414192,0.3686,25.57218527283856
2024-11-04 17:47:33,4.201134214617624,0.368,26.437220450515156,4.201173645173424,0.36855999999999994,25.586415397672127
2024-11-04 17:47:34,4.201134214617624,0.368,23.469396624933097,4.201160501654925,0.3685199999999999,25.527058921160492
2024-11-04 17:47:34,4.201298508598716,0.368,23.469396624933097,4.201160501654925,0.36847999999999986,25.481932569482424
2024-11-04 17:47:34,4.201298508598716,0.368,25.72571420883662,4.201173645173402,0.3684399999999998,25.481932569482424
2024-11-04 17:47:34,4.201462802580083,0.368,22.672238853203226,4.201193360451134,0.36839999999999984,25.406632937536184
2024-11-04 17:47:35,4.201298508598716,0.368,26.437220450515156,4.201226219247242,0.36835999999999985,25.406632937536177
2024-11-04 17:47:35,4.201627096561725,0.368,26.437220450515156,4.201245934525007,0.3683599999999999,25.43548263997127
2024-11-04 17:47:35,4.200969920636808,0.368,27.13035904417916,4.20121964748801,0.3683599999999999,25.478195114279647
2024-11-04 17:47:35,4.201298508598716,0.368,26.437220450515156,4.201232791006486,0.3683199999999999,25.507044816714732
2024-11-04 17:47:36,4.201134214617624,0.368,23.469396624933097,4.201232791006487,0.36827999999999994,25.47653804263819
2024-11-04 17:47:36,4.201627096561725,0.368,24.2430730354219,4.201245934525008,0.3682399999999999,25.4468852191699
2024-11-04 17:47:36,4.201462802580083,0.368,24.9947353287605,4.2012525062842645,0.3681999999999999,25.43226564156837
2024-11-04 17:47:36,4.201462802580083,0.368,25.72571420883662,4.2012590780435195,0.36815999999999993,25.418035516734808
2024-11-04 17:47:37,4.201298508598716,0.368,25.72571420883662,4.201272221561996,0.3681599999999999,25.432655094336333
2024-11-04 17:47:37,4.200805626656267,0.368,26.437220450515156,4.201252506284297,0.36815999999999993,25.49201157084797
2024-11-04 17:47:37,4.201627096561725,0.368,25.72571420883662,4.201278793321294,0.36815999999999993,25.492011570847964
2024-11-04 17:47:37,4.201298508598716,0.368,24.2430730354219,4.2012787933212925,0.36815999999999993,25.46235874737968
2024-11-04 17:47:38,4.201298508598716,0.368,24.9947353287605,4.201298508598992,0.36815999999999993,25.447739169778153
2024-11-04 17:47:38,4.201298508598716,0.367,25.72571420883662,4.201298508598991,0.3681200000000001,25.392943548535623
2024-11-04 17:47:38,4.201298508598716,0.367,24.2430730354219,4.201318223876689,0.3680800000000002,25.349060600233756
2024-11-04 17:47:38,4.201627096561725,0.367,25.72571420883662,4.20133136739521,0.36800000000000027,25.320967703526904
2024-11-04 17:47:39,4.201134214617624,0.367,26.437220450515156,4.201305080358168,0.3679200000000003,25.335197828360478
2024-11-04 17:47:39,4.201298508598716,0.367,23.469396624933097,4.201305080358168,0.36784000000000033,25.29007147668241
2024-11-04 17:47:39,4.201627096561725,0.367,25.72571420883662,4.201318223876688,0.3677600000000003,25.31972430015071
2024-11-04 17:47:39,4.200805626656267,0.367,24.9947353287605,4.2013050803582335,0.3677200000000003,25.30510472254919
2024-11-04 17:47:40,4.201298508598716,0.367,27.80614130216054,4.201311652117477,0.36768000000000034,25.361332842017188
2024-11-04 17:47:40,4.201298508598716,0.367,24.2430730354219,4.20131822387672,0.3676400000000004,25.331680018548894
2024-11-04 17:47:40,4.200805626656267,0.367,24.9947353287605,4.201298508599023,0.3676000000000004,25.317060440947376
2024-11-04 17:47:40,4.201298508598716,0.367,26.437220450515156,4.201298508599022,0.36756000000000044,25.331290565780936
2024-11-04 17:47:41,4.201298508598716,0.367,22.672238853203226,4.201291936839767,0.36752000000000046,25.27022105866827
2024-11-04 17:47:41,4.201462802580083,0.367,25.72571420883662,4.201298508599022,0.3674800000000005,25.242128161961418
2024-11-04 17:47:41,4.201134214617624,0.367,24.2430730354219,4.201278793321259,0.3674400000000005,25.212475338493128
2024-11-04 17:47:41,4.201298508598716,0.367,24.2430730354219,4.201291936839734,0.3674000000000005,25.182822515024828
2024-11-04 17:47:42,4.201462802580083,0.368,27.13035904417916,4.20129850859899,0.36740000000000045,25.21091541173168
2024-11-04 17:47:42,4.200969920636808,0.368,25.72571420883662,4.201291936839757,0.3674000000000003,25.210915411731683
2024-11-04 17:47:42,4.201462802580083,0.368,24.9947353287605,4.2012853650804916,0.3674000000000002,25.24142218580823
2024-11-04 17:47:42,4.201134214617624,0.368,25.72571420883662,4.201272221561993,0.36740000000000017,25.213329289101384
2024-11-04 17:47:43,4.201627096561725,0.367,25.72571420883662,4.20127879332126,0.36736000000000024,25.185236392394525
2024-11-04 17:47:43,4.201462802580083,0.367,23.469396624933097,4.201285365080514,0.36732000000000037,25.154729618317972
2024-11-04 17:47:43,4.201462802580083,0.367,24.9947353287605,4.201311652117467,0.3672800000000004,25.15472961831798
2024-11-04 17:47:43,4.201134214617624,0.367,24.9947353287605,4.201291936839702,0.3672400000000004,25.20117954782912
2024-11-04 17:47:44,4.201462802580083,0.367,24.2430730354219,4.201298508598959,0.3672000000000004,25.232596231473497
2024-11-04 17:47:44,4.201462802580083,0.368,25.72571420883662,4.201305080358214,0.36720000000000025,25.218366106639923
2024-11-04 17:47:44,4.201134214617624,0.368,25.72571420883662,4.20129850859897,0.3672400000000002,25.218366106639923
2024-11-04 17:47:44,4.200969920636808,0.368,24.9947353287605,4.201285365080493,0.3672800000000001,25.203746529038394
2024-11-04 17:47:45,4.201134214617624,0.368,27.13035904417916,4.201265649802728,0.3673200000000001,25.27696577742332
2024-11-04 17:47:45,4.201955684525837,0.368,26.437220450515156,4.2012985085990575,0.36736,25.263103005550036
2024-11-04 17:47:45,4.200969920636808,0.367,26.437220450515156,4.20128536508058,0.3673600000000002,25.291952707985146
2024-11-04 17:47:45,4.201955684525837,0.367,24.2430730354219,4.2012985085991446,0.36736000000000024,25.291952707985143
2024-11-04 17:47:46,4.200969920636808,0.367,25.72571420883662,4.201305080358366,0.3673600000000004,25.27772258315158
2024-11-04 17:47:46,4.201462802580083,0.367,27.13035904417916,4.201311652117621,0.3673600000000004,25.29158535502485
2024-11-04 17:47:46,4.201627096561725,0.367,24.9947353287605,4.201324795636141,0.3673600000000004,25.322092129101403
2024-11-04 17:47:46,4.200969920636808,0.367,25.72571420883662,4.201331367395362,0.3673600000000004,25.367218480779467
2024-11-04 17:47:47,4.201462802580083,0.367,24.2430730354219,4.201337939154618,0.3673600000000004,25.337565657311174
2024-11-04 17:47:47,4.201298508598716,0.367,27.80614130216054,4.201337939154619,0.3673600000000004,25.440243706290325
2024-11-04 17:47:47,4.202119978508306,0.367,25.72571420883662,4.201364226191747,0.3673600000000004,25.426013581456754
2024-11-04 17:47:47,4.201462802580083,0.367,26.437220450515156,4.201377369710246,0.3673600000000004,25.426013581456747
2024-11-04 17:47:48,4.201462802580083,0.367,25.72571420883662,4.201383941469502,0.3673600000000004,25.3979206847499
2024-11-04 17:47:48,4.201134214617624,0.367,26.437220450515156,4.201370797951004,0.3673200000000004,25.3979206847499
2024-11-04 17:47:48,4.201627096561725,0.367,26.437220450515156,4.201397084988002,0.3672800000000005,25.457277161261544
2024-11-04 17:47:48,4.201462802580083,0.367,26.437220450515156,4.201397084988002,0.3672400000000005,25.501160109563408
2024-11-04 17:47:49,4.201298508598716,0.367,24.9947353287605,4.201403656747244,0.3672000000000006,25.50116010956341
2024-11-04 17:47:49,4.201462802580083,0.367,24.2430730354219,4.201397084987979,0.3672000000000006,25.47150728609511
2024-11-04 17:47:49,4.201627096561725,0.366,25.72571420883662,4.201403656747245,0.36716000000000043,25.47150728609511
2024-11-04 17:47:49,4.201298508598716,0.366,25.72571420883662,4.201397084987989,0.3671200000000004,25.457277161261544
2024-11-04 17:47:50,4.200969920636808,0.366,26.437220450515156,4.201390513228756,0.36708000000000035,25.47150728609511
2024-11-04 17:47:50,4.201791390543644,0.366,27.13035904417916,4.201403656747297,0.3670400000000003,25.52925300627026
2024-11-04 17:47:50,4.201791390543644,0.366,26.437220450515156,4.201416800265839,0.3669600000000003,25.558102708705345
2024-11-04 17:47:50,4.201627096561725,0.366,23.469396624933097,4.201436515543604,0.36688000000000015,25.512976357027277
2024-11-04 17:47:51,4.201627096561725,0.366,22.672238853203226,4.2014628025806005,0.3668000000000001,25.4815596733829
2024-11-04 17:47:51,4.201462802580083,0.366,27.13035904417916,4.2014759460991,0.3667200000000001,25.509652570089752
2024-11-04 17:47:51,4.201462802580083,0.367,25.72571420883662,4.20145623082127,0.36668000000000006,25.49542244525618
2024-11-04 17:47:51,4.201627096561725,0.367,26.437220450515156,4.201482517858267,0.36668000000000006,25.55477892176783
2024-11-04 17:47:52,4.201298508598716,0.366,26.437220450515156,4.201456230821182,0.36664,25.569009046601394
2024-11-04 17:47:52,4.201955684525837,0.366,25.72571420883662,4.201495661376742,0.3666,25.58362862420292
2024-11-04 17:47:52,4.201462802580083,0.366,27.80614130216054,4.201495661376743,0.36655999999999994,25.58362862420292
2024-11-04 17:47:52,4.201298508598716,0.367,25.72571420883662,4.201482517858223,0.36655999999999994,25.613281447671216
2024-11-04 17:47:53,4.201462802580083,0.367,27.13035904417916,4.2015022331359555,0.36656,25.655993921979583
2024-11-04 17:47:53,4.201627096561725,0.366,22.672238853203226,4.201508804895221,0.36651999999999996,25.580694290033342
2024-11-04 17:47:53,4.201298508598716,0.366,24.9947353287605,4.20150880489522,0.36648,25.627144219544494
2024-11-04 17:47:53,4.200969920636808,0.366,26.437220450515156,4.20146280258036,0.36643999999999993,25.641374344378054
2024-11-04 17:47:54,4.201791390543644,0.366,24.2430730354219,4.201475946098901,0.36639999999999995,25.64137434437806
2024-11-04 17:47:54,4.201462802580083,0.366,24.9947353287605,4.201475946098901,0.3663599999999999,25.656407590244825
2024-11-04 17:47:54,4.201462802580083,0.366,27.13035904417916,4.2014890896174,0.3663199999999999,25.65640759024483
2024-11-04 17:47:54,4.201627096561725,0.366,27.13035904417916,4.2014890896174,0.36627999999999994,25.684500486951684
2024-11-04 17:47:55,4.201627096561725,0.366,27.13035904417916,4.201495661376666,0.3662399999999999,25.72721296126005
2024-11-04 17:47:55,4.201462802580083,0.366,25.72571420883662,4.201502233135922,0.36619999999999986,25.727212961260058
2024-11-04 17:47:55,4.201462802580083,0.365,26.437220450515156,4.201502233135922,0.3661199999999998,25.741443086093632
2024-11-04 17:47:55,4.201462802580083,0.365,26.437220450515156,4.201495661376656,0.36607999999999974,25.80079956260527
2024-11-04 17:47:56,4.201298508598716,0.366,24.9947353287605,4.201495661376656,0.36607999999999974,25.800799562605274
2024-11-04 17:47:56,4.201298508598716,0.366,25.72571420883662,4.201508804895132,0.36607999999999985,25.815419140206796
2024-11-04 17:47:56,4.202284272491052,0.366,26.437220450515156,4.201528520173029,0.36607999999999985,25.859302088508667
2024-11-04 17:47:56,4.201627096561725,0.366,24.9947353287605,4.2015219484137525,0.36607999999999985,25.844682510907145
2024-11-04 17:47:57,4.200805626656267,0.366,26.437220450515156,4.201489089617533,0.36607999999999985,25.858912635740708
2024-11-04 17:47:57,4.201791390543644,0.366,24.2430730354219,4.20149566137681,0.36607999999999985,25.84387938987394
2024-11-04 17:47:57,4.201791390543644,0.366,24.9947353287605,4.201508804895351,0.36607999999999985,25.801166915565563
2024-11-04 17:47:57,4.201791390543644,0.366,25.72571420883662,4.201521948413893,0.36603999999999987,25.78693679073199
2024-11-04 17:47:58,4.201462802580083,0.365,23.469396624933097,4.201515376654627,0.36595999999999973,25.727580314220344
2024-11-04 17:47:58,4.201627096561725,0.365,24.2430730354219,4.201528520173147,0.3659199999999997,25.72758031422035
2024-11-04 17:47:58,4.201627096561725,0.365,26.437220450515156,4.201515376654583,0.36587999999999965,25.741810439053914
2024-11-04 17:47:58,4.201462802580083,0.365,25.72571420883662,4.201515376654584,0.36583999999999967,25.713717542347066
2024-11-04 17:47:59,4.201791390543644,0.365,25.72571420883662,4.20153509193238,0.36575999999999964,25.728337119948584
2024-11-04 17:47:59,4.201627096561725,0.365,27.13035904417916,4.201541663691646,0.36567999999999967,25.756430016655436
2024-11-04 17:47:59,4.201791390543644,0.365,24.9947353287605,4.201548235450922,0.36563999999999974,25.77146326252221
2024-11-04 17:47:59,4.201462802580083,0.366,27.13035904417916,4.201554807210178,0.3656399999999998,25.757947617362582
2024-11-04 17:48:00,4.201791390543644,0.366,27.13035904417916,4.201587666006452,0.36563999999999985,25.786040514069438
2024-11-04 17:48:00,4.201627096561725,0.366,25.72571420883662,4.201581094247176,0.3656399999999999,25.77181038923586
2024-11-04 17:48:00,4.201627096561725,0.366,27.13035904417916,4.201587666006442,0.3656399999999999,25.799903285942705
2024-11-04 17:48:00,4.201627096561725,0.366,27.13035904417916,4.201594237765708,0.3656399999999999,25.813766057815982
2024-11-04 17:48:01,4.202119978508306,0.365,25.72571420883662,4.20161395304357,0.36559999999999987,25.799535932982415
2024-11-04 17:48:01,4.201791390543644,0.365,25.72571420883662,4.201620524802846,0.36555999999999983,25.785305808148852
2024-11-04 17:48:01,4.201791390543644,0.365,25.72571420883662,4.201633668321389,0.3655199999999998,25.799925385750367
2024-11-04 17:48:01,4.201298508598716,0.365,26.437220450515156,4.201627096562134,0.3655199999999998,25.843808334052238
2024-11-04 17:48:02,4.201462802580083,0.365,24.9947353287605,4.2016270965621345,0.3655199999999998,25.82918875645071
2024-11-04 17:48:02,4.201462802580083,0.365,22.672238853203226,4.2016336683213895,0.3654799999999998,25.768119249338053
2024-11-04 17:48:02,4.201462802580083,0.365,26.437220450515156,4.2016402400806445,0.3654399999999998,25.768119249338042
2024-11-04 17:48:02,4.201627096561725,0.365,24.2430730354219,4.201613953043472,0.36539999999999984,25.710373529162904
2024-11-04 17:48:03,4.201791390543644,0.365,24.9947353287605,4.201620524802746,0.3653599999999998,25.681523826727815
2024-11-04 17:48:03,4.201627096561725,0.365,23.469396624933097,4.201653383598965,0.3653199999999998,25.681523826727812
2024-11-04 17:48:03,4.201955684525837,0.365,24.2430730354219,4.201659955358253,0.3652799999999998,25.71294051037218
2024-11-04 17:48:03,4.201462802580083,0.365,24.9947353287605,4.201646811839712,0.36523999999999984,25.670228036063822
2024-11-04 17:48:04,4.201462802580083,0.365,23.469396624933097,4.201633668321171,0.3651999999999998,25.625101684385744
2024-11-04 17:48:04,4.201627096561725,0.365,26.437220450515156,4.201640240080437,0.3651999999999998,25.625101684385744
2024-11-04 17:48:04,4.201627096561725,0.365,24.2430730354219,4.201640240080437,0.3651999999999998,25.58121873608388
2024-11-04 17:48:04,4.201627096561725,0.365,25.72571420883662,4.201640240080436,0.3651999999999998,25.581218736083883
2024-11-04 17:48:05,4.201955684525837,0.365,25.72571420883662,4.201659955358266,0.3651999999999999,25.539610194217403
2024-11-04 17:48:05,4.201462802580083,0.365,25.72571420883662,4.201646811839724,0.3651999999999999,25.539610194217392
2024-11-04 17:48:05,4.201627096561725,0.365,26.437220450515156,4.2016468118397245,0.36519999999999997,25.52574742234412
2024-11-04 17:48:05,4.201627096561725,0.365,26.437220450515156,4.201640240080448,0.36519999999999997,25.601047054290365
2024-11-04 17:48:06,4.201791390543644,0.365,24.2430730354219,4.201653383598991,0.36515999999999993,25.58601380842359
2024-11-04 17:48:06,4.201791390543644,0.365,25.72571420883662,4.201653383598989,0.36511999999999994,25.57178368359002
2024-11-04 17:48:06,4.202448566474072,0.365,24.9947353287605,4.201686242395482,0.36507999999999996,25.586816929456795
2024-11-04 17:48:06,4.202119978508306,0.365,25.72571420883662,4.201705957673345,0.36504,25.601436507058317
2024-11-04 17:48:07,4.201462802580083,0.365,25.72571420883662,4.201699385914079,0.36499999999999994,25.573343610351458
2024-11-04 17:48:07,4.201627096561725,0.365,23.469396624933097,4.201679670636215,0.36499999999999994,25.50012436196654
2024-11-04 17:48:07,4.201955684525837,0.365,26.437220450515156,4.201686242395503,0.36499999999999994,25.486261590093264
2024-11-04 17:48:07,4.201627096561725,0.365,24.9947353287605,4.201679670636227,0.36499999999999994,25.471642012491735
2024-11-04 17:48:08,4.202119978508306,0.364,24.2430730354219,4.201712529432609,0.36496,25.427759064189868
2024-11-04 17:48:08,4.201627096561725,0.364,27.13035904417916,4.201719101191875,0.36492000000000013,25.441621836063145
2024-11-04 17:48:08,4.201955684525837,0.365,26.437220450515156,4.201738816469707,0.36492000000000013,25.47047153849824
2024-11-04 17:48:08,4.201955684525837,0.365,25.72571420883662,4.201758531747537,0.36492,25.47047153849823
2024-11-04 17:48:09,4.201627096561725,0.365,24.9947353287605,4.201758531747538,0.36491999999999997,25.441621836063145
2024-11-04 17:48:09,4.202119978508306,0.364,24.9947353287605,4.201771675266125,0.3648800000000001,25.441621836063142
2024-11-04 17:48:09,4.202119978508306,0.364,24.2430730354219,4.201791390543987,0.36484000000000016,25.397738887761285
2024-11-04 17:48:09,4.201955684525837,0.365,25.72571420883662,4.201791390543987,0.36484000000000016,25.427391711229575
2024-11-04 17:48:10,4.201955684525837,0.365,27.13035904417916,4.201811105821817,0.3648400000000001,25.470104185537952
2024-11-04 17:48:10,4.201627096561725,0.365,25.72571420883662,4.201817677581083,0.36484,25.470104185537956
2024-11-04 17:48:10,4.201955684525837,0.364,24.9947353287605,4.201830821099648,0.3648000000000001,25.5006109596145
2024-11-04 17:48:10,4.201627096561725,0.364,25.72571420883662,4.201830821099648,0.3647600000000002,25.530263783082802
2024-11-04 17:48:11,4.201955684525837,0.365,25.72571420883662,4.201843964618213,0.3647600000000002,25.516033658249224
2024-11-04 17:48:11,4.201462802580083,0.365,25.72571420883662,4.201824249340383,0.36476000000000014,25.516033658249224
2024-11-04 17:48:11,4.201134214617624,0.364,25.72571420883662,4.201811105821884,0.36472000000000016,25.516033658249224
2024-11-04 17:48:11,4.201791390543644,0.364,24.2430730354219,4.201817677581159,0.36468000000000017,25.458287938074076
2024-11-04 17:48:12,4.201627096561725,0.364,24.2430730354219,4.20181767758116,0.3646400000000003,25.44325469220731
2024-11-04 17:48:12,4.202448566474072,0.364,26.437220450515156,4.2018439646183765,0.3646000000000003,25.429391920334027
2024-11-04 17:48:12,4.201955684525837,0.364,25.72571420883662,4.201850536377664,0.36456000000000033,25.40129902362717
2024-11-04 17:48:12,4.201955684525837,0.364,26.437220450515156,4.201830821099734,0.36452000000000034,25.415529148460745
2024-11-04 17:48:13,4.202119978508306,0.364,27.80614130216054,4.201830821099734,0.3644800000000003,25.429044793620378
2024-11-04 17:48:13,4.202119978508306,0.365,24.2430730354219,4.2018571081368625,0.3644800000000002,25.37129907344523
2024-11-04 17:48:13,4.201955684525837,0.365,25.72571420883662,4.201870251655428,0.36448000000000014,25.371299073445233
2024-11-04 17:48:13,4.201955684525837,0.365,23.469396624933097,4.201870251655428,0.3644800000000001,25.326172721767165
2024-11-04 17:48:14,4.201955684525837,0.364,27.13035904417916,4.201883395173993,0.36444000000000015,25.35426561847402
2024-11-04 17:48:14,4.202119978508306,0.364,24.2430730354219,4.201883395173993,0.36444000000000026,25.310382670172153
2024-11-04 17:48:14,4.201791390543644,0.364,24.2430730354219,4.201889966933269,0.3644400000000003,25.29534942430538
2024-11-04 17:48:14,4.201627096561725,0.364,24.9947353287605,4.201876823414705,0.36440000000000033,25.341799353816526
2024-11-04 17:48:15,4.201791390543644,0.364,22.672238853203226,4.201870251655417,0.36436000000000035,25.266499721870286
2024-11-04 17:48:15,4.202119978508306,0.364,26.437220450515156,4.20188996693328,0.36432000000000037,25.310382670172157
2024-11-04 17:48:15,4.201627096561725,0.364,24.9947353287605,4.201870251655417,0.36432000000000037,25.310382670172153
2024-11-04 17:48:15,4.201134214617624,0.364,24.9947353287605,4.201830821099789,0.3643200000000003,25.340889444248695
2024-11-04 17:48:16,4.201462802580083,0.364,24.9947353287605,4.201811105821959,0.3642800000000003,25.355922690115463
2024-11-04 17:48:16,4.201955684525837,0.364,24.9947353287605,4.201811105821959,0.36424000000000034,25.355922690115467
2024-11-04 17:48:16,4.202612860457368,0.364,26.437220450515156,4.201850536377786,0.3642000000000003,25.415279166627105
2024-11-04 17:48:16,4.201955684525837,0.364,24.2430730354219,4.201850536377786,0.3642000000000003,25.37139621832524
2024-11-04 17:48:17,4.202612860457368,0.363,24.9947353287605,4.201889966933612,0.3641600000000003,25.386429464192016
2024-11-04 17:48:17,4.201955684525837,0.363,24.2430730354219,4.201889966933612,0.3640800000000003,25.356776640723723
2024-11-04 17:48:17,4.202448566474072,0.364,26.437220450515156,4.201929397489371,0.3640400000000003,25.371006765557294
2024-11-04 17:48:17,4.201955684525837,0.364,26.437220450515156,4.2019622562857,0.36404000000000036,25.38523689039086
2024-11-04 17:48:18,4.201627096561725,0.364,22.672238853203226,4.201955684526423,0.3640400000000003,25.30993725844462
2024-11-04 17:48:18,4.202448566474072,0.364,25.72571420883662,4.2019885433229165,0.3640400000000003,25.29570713361105
2024-11-04 17:48:18,4.202119978508306,0.364,24.9947353287605,4.201975399804286,0.3640400000000003,25.310740379477824
2024-11-04 17:48:18,4.201955684525837,0.363,25.72571420883662,4.201975399804286,0.36400000000000027,25.310740379477828
2024-11-04 17:48:19,4.201791390543644,0.363,24.2430730354219,4.201968828044997,0.36396000000000023,25.295707133611064
2024-11-04 17:48:19,4.202119978508306,0.362,25.72571420883662,4.201968828044997,0.36388000000000015,25.29570713361106
2024-11-04 17:48:19,4.201955684525837,0.362,24.2430730354219,4.2019622562856975,0.36376000000000003,25.266054310142767
2024-11-04 17:48:19,4.202119978508306,0.363,24.9947353287605,4.201968828044997,0.36367999999999995,25.29656108421932
2024-11-04 17:48:20,4.201955684525837,0.363,26.437220450515156,4.201968828044998,0.3636,25.29656108421931
2024-11-04 17:48:20,4.201955684525837,0.363,24.2430730354219,4.201968828044998,0.36356,25.281527838352545
2024-11-04 17:48:20,4.201791390543644,0.363,23.469396624933097,4.2019556845264106,0.36352000000000007,25.26605431014277
2024-11-04 17:48:20,4.201955684525837,0.363,27.13035904417916,4.201962256285699,0.36347999999999997,25.266054310142767
2024-11-04 17:48:21,4.201955684525837,0.363,24.2430730354219,4.2019753998042635,0.36343999999999993,25.2221713618409
2024-11-04 17:48:21,4.201791390543644,0.363,24.2430730354219,4.2019753998042635,0.3633999999999999,25.19251853837261
2024-11-04 17:48:21,4.201627096561725,0.363,24.9947353287605,4.2019556845264,0.36335999999999985,25.192518538372607
2024-11-04 17:48:21,4.202119978508306,0.363,25.72571420883662,4.2019753998042635,0.3633199999999998,25.20713811597412
2024-11-04 17:48:22,4.202284272491052,0.363,25.72571420883662,4.2020214021192,0.36327999999999977,25.236790939442418
2024-11-04 17:48:22,4.201627096561725,0.362,25.72571420883662,4.202027973878467,0.36319999999999975,25.236790939442407
2024-11-04 17:48:22,4.201627096561725,0.362,25.72571420883662,4.202014830359903,0.36311999999999967,25.20869804273556
2024-11-04 17:48:22,4.202119978508306,0.362,27.13035904417916,4.201995115081941,0.3630399999999996,25.236790939442404
2024-11-04 17:48:23,4.201627096561725,0.362,27.13035904417916,4.201981971563376,0.36295999999999956,25.27950341375078
2024-11-04 17:48:23,4.201627096561725,0.362,24.9947353287605,4.2019425410075515,0.3629199999999996,25.26488383614926
2024-11-04 17:48:23,4.201298508598716,0.362,25.72571420883662,4.201916253970467,0.3628799999999996,25.264883836149256
2024-11-04 17:48:23,4.201627096561725,0.362,24.9947353287605,4.201883395173973,0.3627999999999997,25.250264258547737
2024-11-04 17:48:24,4.201627096561725,0.362,25.72571420883662,4.201870251655409,0.36271999999999965,25.25026425854774
2024-11-04 17:48:24,4.202119978508306,0.362,26.437220450515156,4.201889966933272,0.3626399999999997,25.294147206849612
2024-11-04 17:48:24,4.201298508598716,0.361,24.2430730354219,4.2018439646182575,0.3625199999999998,25.294147206849615
2024-11-04 17:48:24,4.202284272491052,0.361,25.72571420883662,4.201850536377567,0.3623999999999999,25.279917082016045
2024-11-04 17:48:25,4.201627096561725,0.361,24.9947353287605,4.201837392859002,0.36232,25.265297504414526
2024-11-04 17:48:25,4.201627096561725,0.361,22.672238853203226,4.201830821099724,0.36224000000000006,25.189997872468282
2024-11-04 17:48:25,4.201627096561725,0.361,26.437220450515156,4.201811105821862,0.3622000000000001,25.16261945543538
2024-11-04 17:48:25,4.201462802580083,0.36,24.9947353287605,4.201791390544032,0.36212000000000005,25.177652701302144
2024-11-04 17:48:26,4.201462802580083,0.36,24.9947353287605,4.2017651035069035,0.36200000000000004,25.163033123700625
2024-11-04 17:48:26,4.201462802580083,0.36,25.72571420883662,4.201745388229073,0.3618800000000001,25.20815947537869
2024-11-04 17:48:26,4.201955684525837,0.36,25.72571420883662,4.201745388229072,0.3617600000000001,25.18006657867184
2024-11-04 17:48:26,4.201791390543644,0.36,25.72571420883662,4.201745388229072,0.3616400000000001,25.209719402140127
2024-11-04 17:48:27,4.201134214617624,0.361,24.2430730354219,4.201712529432743,0.36156000000000005,25.20971940214013
2024-11-04 17:48:27,4.202119978508306,0.361,24.2430730354219,4.201719101192042,0.3614800000000001,25.194686156273356
2024-11-04 17:48:27,4.201955684525837,0.361,26.437220450515156,4.201725672951329,0.36140000000000005,25.2699857882196
2024-11-04 17:48:27,4.201627096561725,0.361,23.469396624933097,4.201725672951329,0.36132000000000014,25.210629311707958
2024-11-04 17:48:28,4.201627096561725,0.361,24.9947353287605,4.201705957673465,0.3612400000000001,25.210629311707955
2024-11-04 17:48:28,4.201955684525837,0.36,24.2430730354219,4.201692814154857,0.36112,25.195596065841187
2024-11-04 17:48:28,4.201462802580083,0.36,25.72571420883662,4.201686242395592,0.36103999999999997,25.21021564344271
2024-11-04 17:48:28,4.201627096561725,0.36,25.72571420883662,4.201686242395592,0.36095999999999995,25.22483522104423
2024-11-04 17:48:29,4.201791390543644,0.36,27.13035904417916,4.201673098877005,0.3608799999999999,25.23869799291752
2024-11-04 17:48:29,4.201791390543644,0.361,24.9947353287605,4.201679670636282,0.36083999999999994,25.253731238784283
2024-11-04 17:48:29,4.201791390543644,0.361,24.9947353287605,4.201686242395558,0.36080000000000007,25.25373123878428
2024-11-04 17:48:29,4.201462802580083,0.361,24.9947353287605,4.201692814154813,0.3607600000000001,25.268764484651054
2024-11-04 17:48:30,4.201298508598716,0.36,24.9947353287605,4.201679670636293,0.36068000000000006,25.23991478221595
2024-11-04 17:48:30,4.202119978508306,0.36,26.437220450515156,4.201699385914156,0.3606000000000001,25.239914782215955
2024-11-04 17:48:30,4.201955684525837,0.36,24.9947353287605,4.201692814154857,0.36052000000000006,25.286364711727096
2024-11-04 17:48:30,4.202119978508306,0.36,24.9947353287605,4.20172567295124,0.36048,25.271745134125577
2024-11-04 17:48:31,4.201627096561725,0.36,24.2430730354219,4.201699385914067,0.36043999999999987,25.25671188825881
2024-11-04 17:48:31,4.201791390543644,0.36,26.437220450515156,4.201705957673343,0.36039999999999983,25.27094201309238
2024-11-04 17:48:31,4.201627096561725,0.36,22.672238853203226,4.201705957673344,0.3603599999999998,25.239525329448
2024-11-04 17:48:31,4.201462802580083,0.36,25.72571420883662,4.201699385914079,0.3603199999999998,25.239525329448007
2024-11-04 17:48:32,4.201791390543644,0.36,24.2430730354219,4.201712529432622,0.3603199999999998,25.23952532944801
2024-11-04 17:48:32,4.201462802580083,0.36,24.2430730354219,4.201712529432622,0.3603199999999998,25.224492083581236
2024-11-04 17:48:32,4.201955684525837,0.36,27.13035904417916,4.201732244710452,0.3603199999999998,25.23835485545452
2024-11-04 17:48:32,4.201791390543644,0.36,24.9947353287605,4.201725672951164,0.3603199999999998,25.2533881013213
2024-11-04 17:48:33,4.201955684525837,0.36,25.72571420883662,4.201732244710452,0.36031999999999975,25.29851445299936
2024-11-04 17:48:33,4.201791390543644,0.36,25.72571420883662,4.201758531747492,0.3602799999999997,25.270421556292504
2024-11-04 17:48:33,4.202284272491052,0.36,24.9947353287605,4.201765103506802,0.3602399999999997,25.28545480215928
2024-11-04 17:48:33,4.201955684525837,0.36,26.437220450515156,4.201765103506802,0.3601999999999997,25.329337750461136
2024-11-04 17:48:34,4.201627096561725,0.36,24.9947353287605,4.201765103506802,0.3601599999999997,25.32933775046114
2024-11-04 17:48:34,4.202119978508306,0.36,25.72571420883662,4.201784818784665,0.3601199999999997,25.329337750461146
2024-11-04 17:48:34,4.201791390543644,0.36,24.9947353287605,4.201778247025377,0.3601199999999997,25.314718172859617
2024-11-04 17:48:34,4.202612860457368,0.36,26.437220450515156,4.2018242493404685,0.3601199999999997,25.328948297693188
2024-11-04 17:48:35,4.201462802580083,0.36,24.2430730354219,4.201817677581203,0.3601199999999997,25.299295474224895
2024-11-04 17:48:35,4.200969920636808,0.36,25.72571420883662,4.2017848187849305,0.3601199999999998,25.271202577518054
2024-11-04 17:48:35,4.201955684525837,0.36,25.72571420883662,4.201791390544218,0.36007999999999973,25.2431096808112
2024-11-04 17:48:35,4.201791390543644,0.36,24.9947353287605,4.201791390544218,0.36003999999999975,25.243109680811198
2024-11-04 17:48:36,4.202119978508306,0.36,27.13035904417916,4.201817677581347,0.35999999999999976,25.271202577518054
2024-11-04 17:48:36,4.201955684525837,0.36,24.2430730354219,4.2018439646184325,0.35999999999999976,25.256169331651275
2024-11-04 17:48:36,4.202284272491052,0.36,27.80614130216054,4.201850536377741,0.35999999999999976,25.297777873517756
2024-11-04 17:48:36,4.202284272491052,0.36,24.2430730354219,4.201863679896351,0.35999999999999976,25.253894925215892
2024-11-04 17:48:37,4.201955684525837,0.36,24.9947353287605,4.201857108137052,0.35999999999999976,25.268928171082667
2024-11-04 17:48:37,4.202284272491052,0.36,27.80614130216054,4.201883395174224,0.35999999999999976,25.310536712949137
2024-11-04 17:48:37,4.202119978508306,0.36,24.9947353287605,4.201896538692811,0.35999999999999976,25.310536712949144
2024-11-04 17:48:37,4.202119978508306,0.36,27.13035904417916,4.201916253970674,0.35999999999999976,25.399699116768662
2024-11-04 17:48:38,4.201955684525837,0.36,25.72571420883662,4.201935969248504,0.35999999999999976,25.385468991935095
2024-11-04 17:48:38,4.201627096561725,0.36,27.13035904417916,4.201929397489228,0.35999999999999976,25.428181466243462
2024-11-04 17:48:38,4.201955684525837,0.36,24.2430730354219,4.201949112767058,0.35999999999999976,25.413148220376687
2024-11-04 17:48:38,4.202284272491052,0.36,26.437220450515156,4.201962256285667,0.35999999999999976,25.427378345210265
2024-11-04 17:48:39,4.202119978508306,0.36,26.437220450515156,4.201975399804254,0.35999999999999976,25.44160847004384
2024-11-04 17:48:39,4.202119978508306,0.36,24.9947353287605,4.201981971563552,0.35999999999999976,25.426988892442317
2024-11-04 17:48:39,4.202284272491052,0.36,26.437220450515156,4.202001686841449,0.35999999999999976,25.470871840744177
2024-11-04 17:48:39,4.201791390543644,0.36,25.72571420883662,4.201981971563552,0.35999999999999976,25.50052466421247
2024-11-04 17:48:40,4.202119978508306,0.36,25.72571420883662,4.201988543322851,0.35999999999999976,25.486294539378896
2024-11-04 17:48:40,4.201462802580083,0.36,25.72571420883662,4.201981971563586,0.35999999999999976,25.531420891056968
2024-11-04 17:48:40,4.201955684525837,0.36,24.2430730354219,4.201975399804287,0.35999999999999976,25.516387645190193
2024-11-04 17:48:40,4.202119978508306,0.36,25.72571420883662,4.201988543322872,0.35999999999999976,25.546040468658486
2024-11-04 17:48:41,4.201955684525837,0.36,24.9947353287605,4.201962256285611,0.35999999999999976,25.531420891056964
2024-11-04 17:48:41,4.202284272491052,0.359,23.469396624933097,4.20199511508205,0.35995999999999984,25.486294539378896
2024-11-04 17:48:41,4.202448566474072,0.359,25.72571420883662,4.20205426091554,0.3599199999999999,25.458201642672037
2024-11-04 17:48:41,4.201955684525837,0.36,25.72571420883662,4.20205426091554,0.3599199999999999,25.472821220273563
2024-11-04 17:48:42,4.201627096561725,0.36,26.437220450515156,4.202047689156264,0.35991999999999974,25.501670922708662
2024-11-04 17:48:42,4.202119978508306,0.359,24.2430730354219,4.202047689156265,0.35987999999999987,25.486637676841887
2024-11-04 17:48:42,4.202448566474072,0.359,26.437220450515156,4.202067404434193,0.35983999999999994,25.515487379276983
2024-11-04 17:48:42,4.201955684525837,0.36,24.9947353287605,4.202054260915585,0.35983999999999994,25.486637676841887
2024-11-04 17:48:43,4.202284272491052,0.36,24.2430730354219,4.202054260915585,0.3598399999999998,25.471604430975113
2024-11-04 17:48:43,4.201955684525837,0.36,25.72571420883662,4.202054260915585,0.3598399999999999,25.486224008576638
2024-11-04 17:48:43,4.202119978508306,0.359,22.672238853203226,4.202047689156275,0.3597999999999999,25.454807324932258
2024-11-04 17:48:43,4.201627096561725,0.359,25.72571420883662,4.202027973878412,0.35975999999999997,25.440577200098698
2024-11-04 17:48:44,4.201627096561725,0.36,24.9947353287605,4.202008258600549,0.35975999999999997,25.487027129609846
2024-11-04 17:48:44,4.201955684525837,0.36,25.72571420883662,4.20200825860055,0.35975999999999986,25.487027129609842
2024-11-04 17:48:44,4.201955684525837,0.36,24.2430730354219,4.202021402119113,0.3597599999999999,25.487027129609846
2024-11-04 17:48:44,4.202119978508306,0.359,24.9947353287605,4.202027973878413,0.35971999999999993,25.50206037547662
2024-11-04 17:48:45,4.201955684525837,0.359,25.72571420883662,4.202014830359804,0.35968000000000006,25.473967478769765
2024-11-04 17:48:45,4.202284272491052,0.359,23.469396624933097,4.202021402119114,0.35963999999999996,25.44346070469322
2024-11-04 17:48:45,4.202448566474072,0.359,23.469396624933097,4.202034545637744,0.3596000000000001,25.39833435301515
2024-11-04 17:48:45,4.202119978508306,0.359,26.437220450515156,4.202027973878434,0.35956000000000005,25.41256447784872
2024-11-04 17:48:46,4.202119978508306,0.359,24.9947353287605,4.2020411173970205,0.35952,25.412564477848715
2024-11-04 17:48:46,4.202284272491052,0.359,24.9947353287605,4.20204768915633,0.3594800000000001,25.38371477541362
2024-11-04 17:48:46,4.202612860457368,0.359,24.9947353287605,4.202093691471421,0.35944000000000015,25.383714775413623
2024-11-04 17:48:46,4.202284272491052,0.359,25.72571420883662,4.20210683499003,0.3594000000000001,25.383714775413626
2024-11-04 17:48:47,4.201955684525837,0.36,24.2430730354219,4.202100263230731,0.3594,25.36868152954685
2024-11-04 17:48:47,4.202284272491052,0.36,25.72571420883662,4.20211340674934,0.3594,25.35445140471328
2024-11-04 17:48:47,4.201955684525837,0.36,26.437220450515156,4.202100263230731,0.35944,25.398334353015144
2024-11-04 17:48:47,4.202119978508306,0.359,24.9947353287605,4.2020871197121,0.35944000000000004,25.383714775413633
2024-11-04 17:48:48,4.202284272491052,0.359,23.469396624933097,4.20210026323071,0.3594000000000001,25.338588423735555
2024-11-04 17:48:48,4.202119978508306,0.359,27.80614130216054,4.202119978508573,0.35936000000000007,25.39481654320355
2024-11-04 17:48:48,4.202777154440939,0.359,27.80614130216054,4.202146265545879,0.35936000000000007,25.408332188363183
2024-11-04 17:48:48,4.202448566474072,0.359,24.9947353287605,4.202146265545879,0.35936000000000007,25.42336543422995
2024-11-04 17:48:49,4.202448566474072,0.359,24.2430730354219,4.202165980823806,0.35932000000000003,25.352104068895176
2024-11-04 17:48:49,4.202448566474072,0.359,24.9947353287605,4.202172552583127,0.3592800000000001,25.367137314761955
2024-11-04 17:48:49,4.201955684525837,0.36,22.672238853203226,4.202172552583127,0.35928,25.320687385250803
2024-11-04 17:48:49,4.202284272491052,0.36,23.469396624933097,4.202179124342437,0.35931999999999986,25.233952491706255
2024-11-04 17:48:50,4.202448566474072,0.36,24.9947353287605,4.20221198313893,0.35935999999999985,25.233952491706255
2024-11-04 17:48:50,4.202284272491052,0.36,23.469396624933097,4.202238270176103,0.35935999999999985,25.16073324332133
2024-11-04 17:48:50,4.202448566474072,0.359,24.9947353287605,4.2022579854540325,0.35931999999999986,25.146113665719813
2024-11-04 17:48:50,4.202284272491052,0.359,21.84997632024192,4.202271128972641,0.35928,25.040506011241067
2024-11-04 17:48:51,4.202119978508306,0.359,24.2430730354219,4.20227112897264,0.3592800000000001,25.040506011241067
2024-11-04 17:48:51,4.202284272491052,0.359,23.469396624933097,4.20228427249125,0.3592800000000001,24.981149534729425
2024-11-04 17:48:51,4.202448566474072,0.359,26.437220450515156,4.20229084425057,0.3592800000000001,24.98114953472943
2024-11-04 17:48:51,4.201955684525837,0.359,24.9947353287605,4.202271128972641,0.3592800000000001,24.981149534729425
2024-11-04 17:48:52,4.202612860457368,0.359,22.672238853203226,4.202290844250604,0.3592800000000001,24.905849902783192
2024-11-04 17:48:52,4.201955684525837,0.359,25.72571420883662,4.202284272491306,0.35928,24.905849902783185
2024-11-04 17:48:52,4.201791390543644,0.359,26.437220450515156,4.202264557213409,0.35928,24.92008002761676
2024-11-04 17:48:52,4.202284272491052,0.359,24.9947353287605,4.202251413694757,0.3592800000000001,24.90546045001524
2024-11-04 17:48:53,4.202284272491052,0.359,24.9947353287605,4.202251413694757,0.3592800000000001,24.920493695882005
2024-11-04 17:48:53,4.203105742408909,0.359,24.2430730354219,4.202297416010081,0.35924000000000006,24.890840872413715
2024-11-04 17:48:53,4.202448566474072,0.359,26.437220450515156,4.202303987769401,0.3592000000000002,24.91969057484881
2024-11-04 17:48:53,4.201791390543644,0.359,25.72571420883662,4.202297416010113,0.35916000000000026,24.964816926526883
2024-11-04 17:48:54,4.202284272491052,0.359,25.72571420883662,4.202303987769423,0.35916000000000026,24.964816926526872
2024-11-04 17:48:54,4.202284272491052,0.359,23.469396624933097,4.202303987769423,0.3591600000000001,24.919690574848804
2024-11-04 17:48:54,4.202284272491052,0.359,27.13035904417916,4.2023105595287324,0.3591600000000001,24.933553346722082
2024-11-04 17:48:54,4.201955684525837,0.359,24.2430730354219,4.202277700732129,0.3591600000000001,24.93355334672209
2024-11-04 17:48:55,4.201955684525837,0.359,24.9947353287605,4.2022579854541995,0.3591600000000001,24.904703644286993
2024-11-04 17:48:55,4.201955684525837,0.358,24.2430730354219,4.20223827017627,0.35912000000000005,24.88967039842022
2024-11-04 17:48:55,4.202612860457368,0.358,25.72571420883662,4.202244841935602,0.35908,24.91932322188852
2024-11-04 17:48:55,4.202941448424786,0.358,24.9947353287605,4.20228427249156,0.35900000000000004,24.904703644286997
2024-11-04 17:48:56,4.202119978508306,0.358,24.9947353287605,4.2022777007322505,0.35892,24.95115357379815
2024-11-04 17:48:56,4.202284272491052,0.358,23.469396624933097,4.20227112897293,0.35884000000000005,24.90602722212007
2024-11-04 17:48:56,4.202612860457368,0.359,24.2430730354219,4.202284272491583,0.3588000000000001,24.890993976253302
2024-11-04 17:48:56,4.202284272491052,0.359,24.2430730354219,4.202277700732262,0.35880000000000023,24.861341152785002
2024-11-04 17:48:57,4.202612860457368,0.359,23.469396624933097,4.202290844250915,0.35880000000000023,24.84586762457523
2024-11-04 17:48:57,4.202777154440939,0.359,25.72571420883662,4.20231713128822,0.35880000000000023,24.860487202176746
2024-11-04 17:48:57,4.202284272491052,0.359,24.2430730354219,4.202317131288221,0.35880000000000023,24.830834378708456
2024-11-04 17:48:57,4.202284272491052,0.359,24.2430730354219,4.2023105595289,0.35880000000000023,24.846307906918238
2024-11-04 17:48:58,4.202284272491052,0.359,24.2430730354219,4.202323703047509,0.35880000000000023,24.86178143512801
2024-11-04 17:48:58,4.202284272491052,0.358,24.9947353287605,4.202310559528856,0.3587600000000002,24.832931732692924
2024-11-04 17:48:58,4.202284272491052,0.358,24.9947353287605,4.2023237030474645,0.35872000000000015,24.83293173269292
2024-11-04 17:48:58,4.202284272491052,0.358,23.469396624933097,4.20234341832536,0.3586800000000001,24.802424958616367
2024-11-04 17:48:59,4.202284272491052,0.358,25.72571420883662,4.202343418325359,0.3586400000000001,24.817044536217892
2024-11-04 17:48:59,4.202448566474072,0.358,25.72571420883662,4.20234999008468,0.3586000000000001,24.817044536217892
2024-11-04 17:48:59,4.202448566474072,0.358,25.72571420883662,4.202323703047285,0.3585600000000001,24.84669735968618
2024-11-04 17:48:59,4.201955684525837,0.358,25.72571420883662,4.202303987769356,0.35852000000000006,24.84669735968618
2024-11-04 17:49:00,4.202284272491052,0.358,25.72571420883662,4.202323703047252,0.3584800000000001,24.8324672348526
2024-11-04 17:49:00,4.202612860457368,0.358,25.72571420883662,4.202336846565905,0.35844000000000015,24.847086812454126
2024-11-04 17:49:00,4.202448566474072,0.358,25.72571420883662,4.202343418325225,0.35840000000000016,24.89221316413219
2024-11-04 17:49:00,4.202284272491052,0.358,25.72571420883662,4.202343418325226,0.3583600000000002,24.85060462226571
2024-11-04 17:49:01,4.202448566474072,0.358,25.72571420883662,4.202363133603154,0.3583200000000002,24.80899608039923
2024-11-04 17:49:01,4.202777154440939,0.358,24.9947353287605,4.202395992399759,0.35828000000000026,24.808996080399233
2024-11-04 17:49:01,4.202448566474072,0.358,23.469396624933097,4.202415707677688,0.3582800000000003,24.79352255218946
2024-11-04 17:49:01,4.201955684525837,0.358,24.2430730354219,4.202389420640428,0.35828000000000026,24.778489306322694
2024-11-04 17:49:02,4.202119978508306,0.358,24.9947353287605,4.202356561843769,0.35828000000000026,24.824939235833835
2024-11-04 17:49:02,4.202448566474072,0.358,27.13035904417916,4.202369705362399,0.35828000000000026,24.89815848421876
2024-11-04 17:49:02,4.202612860457368,0.358,24.9947353287605,4.202382848881052,0.35828000000000026,24.898158484218765
2024-11-04 17:49:02,4.202284272491052,0.358,26.437220450515156,4.202369705362399,0.35824000000000017,24.957514960730414
2024-11-04 17:49:03,4.202448566474072,0.358,23.469396624933097,4.2023762771217195,0.35820000000000024,24.92700818665386
2024-11-04 17:49:03,4.202448566474072,0.358,24.9947353287605,4.202369705362387,0.35816000000000026,24.989903366824237
2024-11-04 17:49:03,4.202448566474072,0.358,23.469396624933097,4.202356561843712,0.3581200000000002,24.974429838614455
2024-11-04 17:49:03,4.202448566474072,0.358,24.9947353287605,4.202363133603033,0.35808000000000023,25.004936612691008
2024-11-04 17:49:04,4.202119978508306,0.358,24.9947353287605,4.202356561843723,0.35804000000000025,24.976086910255912
2024-11-04 17:49:04,4.202777154440939,0.358,23.469396624933097,4.202376277121719,0.3580000000000002,24.94558013617936
2024-11-04 17:49:04,4.202448566474072,0.358,24.9947353287605,4.202382848881039,0.3580000000000002,24.99203006569051
2024-11-04 17:49:04,4.202612860457368,0.358,24.9947353287605,4.202395992399692,0.3580000000000002,24.97741048808898
2024-11-04 17:49:05,4.202612860457368,0.358,23.469396624933097,4.202409135918345,0.3580000000000002,24.918054011577347
2024-11-04 17:49:05,4.202777154440939,0.358,24.9947353287605,4.202428851196341,0.3580000000000002,24.918054011577347
2024-11-04 17:49:05,4.202777154440939,0.357,24.2430730354219,4.202441994715017,0.3579600000000001,24.903020765710576
2024-11-04 17:49:05,4.202119978508306,0.357,26.437220450515156,4.2024288511963865,0.35792000000000007,24.946903714012443
2024-11-04 17:49:06,4.202777154440939,0.358,24.2430730354219,4.202461709992992,0.3579200000000002,24.903020765710576
2024-11-04 17:49:06,4.202284272491052,0.358,22.672238853203226,4.202461709992992,0.3579200000000002,24.841951258597902
2024-11-04 17:49:06,4.202612860457368,0.358,26.437220450515156,4.202461709992992,0.35792000000000007,24.856181383431476
2024-11-04 17:49:06,4.202448566474072,0.357,26.437220450515156,4.202461709992992,0.35788000000000003,24.915537859943125
2024-11-04 17:49:07,4.202941448424786,0.357,26.437220450515156,4.202487997030341,0.35784,24.90167508806984
2024-11-04 17:49:07,4.202612860457368,0.357,25.72571420883662,4.202494568789673,0.3578,24.931327911538137
2024-11-04 17:49:07,4.202448566474072,0.357,25.72571420883662,4.202481425270997,0.35775999999999997,24.94594748913965
2024-11-04 17:49:07,4.202448566474072,0.358,24.2430730354219,4.202481425270996,0.35775999999999997,24.94594748913966
2024-11-04 17:49:08,4.203270036393308,0.358,26.437220450515156,4.202533999345695,0.35775999999999997,24.96017761397322
2024-11-04 17:49:08,4.202941448424786,0.358,26.437220450515156,4.202566858142354,0.3577599999999999,24.98902731640832
2024-11-04 17:49:08,4.202284272491052,0.357,24.9947353287605,4.202560286383032,0.3577199999999998,24.989027316408315
2024-11-04 17:49:08,4.202448566474072,0.357,24.9947353287605,4.202553714623701,0.3576799999999999,25.019534090484857
2024-11-04 17:49:09,4.202448566474072,0.357,24.2430730354219,4.20256028638302,0.3576399999999999,25.019534090484864
2024-11-04 17:49:09,4.202941448424786,0.357,25.72571420883662,4.202580001661048,0.3575999999999999,25.049186913953164
2024-11-04 17:49:09,4.202612860457368,0.357,27.80614130216054,4.202586573420381,0.3575599999999999,25.135921807497706
2024-11-04 17:49:09,4.202448566474072,0.357,22.672238853203226,4.20258657342038,0.35751999999999984,25.074852300385043
2024-11-04 17:49:10,4.202941448424786,0.357,24.9947353287605,4.202606288698409,0.35747999999999974,25.089885546251818
2024-11-04 17:49:10,4.202777154440939,0.357,24.2430730354219,4.2026325757357155,0.35743999999999976,25.08988554625181
2024-11-04 17:49:10,4.202777154440939,0.357,26.437220450515156,4.2026325757357155,0.35739999999999983,25.133768494553678
2024-11-04 17:49:10,4.202284272491052,0.357,25.72571420883662,4.202626003976395,0.35735999999999984,25.148388072155193
2024-11-04 17:49:11,4.202612860457368,0.357,24.2430730354219,4.202626003976395,0.3573199999999998,25.13335482628843
2024-11-04 17:49:11,4.202941448424786,0.357,24.9947353287605,4.202639147495093,0.3572799999999997,25.16386160036497
2024-11-04 17:49:11,4.202284272491052,0.357,25.72571420883662,4.202619432217098,0.35723999999999967,25.16386160036497
2024-11-04 17:49:11,4.202941448424786,0.357,25.72571420883662,4.202626003976452,0.3572399999999996,25.16386160036497
2024-11-04 17:49:12,4.202612860457368,0.357,26.437220450515156,4.202645719254415,0.3572399999999996,25.178091725198545
2024-11-04 17:49:12,4.202777154440939,0.357,26.437220450515156,4.2026457192544155,0.35719999999999963,25.192321850032112
2024-11-04 17:49:12,4.202612860457368,0.356,24.9947353287605,4.2026588627730685,0.35711999999999977,25.177702272430594
2024-11-04 17:49:12,4.203105742408909,0.356,24.9947353287605,4.202678578051129,0.35703999999999986,25.163082694829072
2024-11-04 17:49:13,4.202612860457368,0.356,25.72571420883662,4.202685149810461,0.357,25.163082694829072
2024-11-04 17:49:13,4.202448566474072,0.357,24.9947353287605,4.202665434532432,0.3569999999999999,25.148463117227553
2024-11-04 17:49:13,4.202777154440939,0.357,24.2430730354219,4.202672006291775,0.3569999999999998,25.118810293759253
2024-11-04 17:49:13,4.202777154440939,0.357,24.9947353287605,4.20268514981045,0.35699999999999976,25.118810293759257
2024-11-04 17:49:14,4.202448566474072,0.357,23.469396624933097,4.20268514981045,0.3569599999999998,25.118810293759253
2024-11-04 17:49:14,4.202941448424786,0.357,25.72571420883662,4.202672006291709,0.3569199999999998,25.148463117227546
2024-11-04 17:49:14,4.203105742408909,0.357,25.72571420883662,4.202678578051074,0.35687999999999975,25.163082694829072
2024-11-04 17:49:14,4.203105742408909,0.357,25.72571420883662,4.202711436847788,0.35687999999999975,25.134989798122216
2024-11-04 17:49:15,4.202284272491052,0.357,26.437220450515156,4.202704865088466,0.35687999999999975,25.163839500557316
2024-11-04 17:49:15,4.202777154440939,0.357,24.2430730354219,4.202718008607141,0.35687999999999975,25.11995655225545
2024-11-04 17:49:15,4.202612860457368,0.356,24.2430730354219,4.202704865088445,0.3568399999999998,25.13543008046523
2024-11-04 17:49:15,4.202777154440939,0.356,24.2430730354219,4.202711436847789,0.35679999999999995,25.120396834598456
2024-11-04 17:49:16,4.202777154440939,0.356,26.437220450515156,4.202724580366463,0.35675999999999997,25.17975331111009
2024-11-04 17:49:16,4.202777154440939,0.356,25.72571420883662,4.20271800860711,0.35672,25.194372888711612
2024-11-04 17:49:16,4.202448566474072,0.356,24.2430730354219,4.202704865088435,0.35667999999999994,25.179339642844837
2024-11-04 17:49:16,4.203105742408909,0.356,23.469396624933097,4.202718008607155,0.35663999999999996,25.179339642844845
2024-11-04 17:49:17,4.203270036393308,0.356,26.437220450515156,4.2027574391632445,0.3566,25.208189345279944
2024-11-04 17:49:17,4.203105742408909,0.356,24.9947353287605,4.202777154441306,0.35656,25.208189345279937
2024-11-04 17:49:17,4.202448566474072,0.356,24.9947353287605,4.202757439163277,0.35652,25.23869611935649
2024-11-04 17:49:17,4.202941448424786,0.356,23.469396624933097,4.202783726200626,0.35648000000000013,25.208189345279937
2024-11-04 17:49:18,4.202448566474072,0.356,26.437220450515156,4.202764010922596,0.35644000000000015,25.252072293581804
2024-11-04 17:49:18,4.202941448424786,0.356,23.469396624933097,4.202777154441292,0.35640000000000016,25.192715817070162
2024-11-04 17:49:18,4.202777154440939,0.356,24.2430730354219,4.202777154441292,0.3563600000000002,25.192715817070166
2024-11-04 17:49:18,4.202941448424786,0.356,25.72571420883662,4.202790297959989,0.3563600000000002,25.25378532418283
2024-11-04 17:49:19,4.202777154440939,0.356,24.2430730354219,4.202777154441271,0.3563600000000002,25.20990237588097
2024-11-04 17:49:19,4.202284272491052,0.356,24.9947353287605,4.202764010922618,0.3563600000000002,25.181052673445876
2024-11-04 17:49:19,4.202612860457368,0.356,25.72571420883662,4.202770582681949,0.35632000000000014,25.16682254861231
2024-11-04 17:49:19,4.202941448424786,0.356,24.9947353287605,4.202777154441303,0.35628000000000015,25.15220297101078
2024-11-04 17:49:20,4.202941448424786,0.356,28.465495270963004,4.202783726200657,0.3562400000000001,25.206998592253306
2024-11-04 17:49:20,4.202941448424786,0.356,25.72571420883662,4.202803441478685,0.3562000000000001,25.236651415721607
2024-11-04 17:49:20,4.203105742408909,0.356,25.72571420883662,4.202810013238051,0.3561600000000001,25.222421290888033
2024-11-04 17:49:20,4.202777154440939,0.356,24.2430730354219,4.202796869719333,0.3561200000000001,25.178538342586165
2024-11-04 17:49:21,4.202941448424786,0.356,27.13035904417916,4.202790297959967,0.3560800000000001,25.221250816894543
2024-11-04 17:49:21,4.203105742408909,0.356,26.437220450515156,4.202823156756682,0.3560400000000001,25.250100519329635
2024-11-04 17:49:21,4.202777154440939,0.356,24.9947353287605,4.202823156756682,0.3560000000000001,25.26513376519641
2024-11-04 17:49:21,4.202284272491052,0.356,26.437220450515156,4.20281001323803,0.3560000000000001,25.27936389002998
2024-11-04 17:49:22,4.202777154440939,0.356,26.437220450515156,4.202810013238031,0.3560000000000001,25.251985472997067
2024-11-04 17:49:22,4.202448566474072,0.356,24.9947353287605,4.202796869719355,0.3560000000000001,25.29843540250822
2024-11-04 17:49:22,4.202941448424786,0.356,25.72571420883662,4.202803441478709,0.3560000000000001,25.313054980109737
2024-11-04 17:49:22,4.203105742408909,0.356,25.72571420883662,4.202829728516103,0.3560000000000001,25.342707803578033
2024-11-04 17:49:23,4.202941448424786,0.356,27.13035904417916,4.202823156756737,0.3560000000000001,25.35657057545131
2024-11-04 17:49:23,4.203270036393308,0.355,24.2430730354219,4.202823156756737,0.35596000000000005,25.326917751983018
2024-11-04 17:49:23,4.202777154440939,0.355,24.9947353287605,4.202810013238018,0.35592,25.341950997849786
2024-11-04 17:49:23,4.202612860457368,0.355,26.437220450515156,4.20281658499735,0.3558799999999999,25.37080070028488
2024-11-04 17:49:24,4.202777154440939,0.355,24.9947353287605,4.202810013237997,0.35583999999999993,25.35618112268336
2024-11-04 17:49:24,4.202777154440939,0.355,23.469396624933097,4.202823156756672,0.3558,25.311054771005285
2024-11-04 17:49:24,4.202941448424786,0.355,25.72571420883662,4.202823156756672,0.35576,25.296824646171707
2024-11-04 17:49:24,4.202777154440939,0.355,25.72571420883662,4.202823156756673,0.35572000000000004,25.28259452133814
2024-11-04 17:49:25,4.202941448424786,0.355,23.469396624933097,4.202823156756672,0.35568000000000005,25.25208774726159
2024-11-04 17:49:25,4.202941448424786,0.355,24.9947353287605,4.202829728516026,0.35564000000000007,25.252087747261594
2024-11-04 17:49:25,4.202777154440939,0.355,24.9947353287605,4.202849443794022,0.3556000000000001,25.237468169660072
2024-11-04 17:49:25,4.202612860457368,0.355,24.9947353287605,4.202849443794022,0.3555600000000001,25.23746816966007
2024-11-04 17:49:26,4.202612860457368,0.355,25.72571420883662,4.202836300275325,0.3555200000000001,25.267120993128366
2024-11-04 17:49:26,4.203270036393308,0.355,24.9947353287605,4.202849443794065,0.3554800000000002,25.26712099312837
2024-11-04 17:49:26,4.202941448424786,0.355,26.437220450515156,4.202849443794064,0.3554400000000002,25.326477469640004
2024-11-04 17:49:26,4.202941448424786,0.355,24.9947353287605,4.202842872034699,0.3554000000000002,25.311857892038482
2024-11-04 17:49:27,4.202941448424786,0.355,24.9947353287605,4.202849443794053,0.35536000000000023,25.297238314436964
2024-11-04 17:49:27,4.202941448424786,0.355,26.437220450515156,4.202849443794053,0.35532000000000025,25.311468439270538
2024-11-04 17:49:27,4.202612860457368,0.355,25.72571420883662,4.202829728515991,0.35528000000000026,25.297238314436953
2024-11-04 17:49:27,4.202777154440939,0.355,24.2430730354219,4.202829728515991,0.3552400000000003,25.297238314436967
2024-11-04 17:49:28,4.202941448424786,0.355,24.2430730354219,4.2028560155533405,0.3552000000000003,25.297238314436964
2024-11-04 17:49:28,4.202448566474072,0.355,24.2430730354219,4.2028428720346644,0.35516000000000025,25.297238314436967
2024-11-04 17:49:28,4.202941448424786,0.355,24.9947353287605,4.202862587312692,0.35512000000000027,25.26838861200187
2024-11-04 17:49:28,4.202612860457368,0.355,24.9947353287605,4.202849443793996,0.3550800000000003,25.253769034400353
2024-11-04 17:49:29,4.202777154440939,0.355,23.469396624933097,4.202836300275278,0.35504000000000024,25.23829550619057
2024-11-04 17:49:29,4.202612860457368,0.355,25.72571420883662,4.202823156756582,0.35500000000000026,25.283421857868642
2024-11-04 17:49:29,4.202941448424786,0.355,26.437220450515156,4.2028100132378405,0.35500000000000026,25.283421857868642
2024-11-04 17:49:29,4.202941448424786,0.355,24.2430730354219,4.202816584997195,0.35500000000000026,25.26838861200188
2024-11-04 17:49:30,4.202941448424786,0.355,26.437220450515156,4.202829728515891,0.35500000000000026,25.297238314436964
2024-11-04 17:49:30,4.2034343303779815,0.355,26.437220450515156,4.202856015553372,0.35500000000000026,25.356594790948613
2024-11-04 17:49:30,4.202777154440939,0.355,26.437220450515156,4.2028560155533725,0.35500000000000026,25.356594790948613
2024-11-04 17:49:30,4.202941448424786,0.355,23.469396624933097,4.2028560155533725,0.35500000000000026,25.356594790948616
2024-11-04 17:49:31,4.202941448424786,0.355,24.9947353287605,4.202862587312726,0.35500000000000026,25.37162803681538
2024-11-04 17:49:31,4.202777154440939,0.355,24.9947353287605,4.2028560155533725,0.35500000000000026,25.357008459213862
2024-11-04 17:49:31,4.203105742408909,0.355,24.9947353287605,4.202862587312738,0.35500000000000026,25.372041705080637
2024-11-04 17:49:31,4.202941448424786,0.355,26.437220450515156,4.202869159072091,0.35500000000000026,25.40089140751573
2024-11-04 17:49:32,4.202777154440939,0.355,27.13035904417916,4.202875730831435,0.35500000000000026,25.42898430422258
2024-11-04 17:49:32,4.202941448424786,0.355,23.469396624933097,4.202888874350132,0.35500000000000026,25.39847753014604
2024-11-04 17:49:32,4.202777154440939,0.354,24.9947353287605,4.202869159072038,0.3549600000000002,25.32906233130198
2024-11-04 17:49:32,4.202941448424786,0.354,24.2430730354219,4.202869159072038,0.3549200000000002,25.299409507833687
2024-11-04 17:49:33,4.202448566474072,0.354,24.2430730354219,4.202849443794008,0.3548800000000002,25.26975668436539
2024-11-04 17:49:33,4.203105742408909,0.354,27.13035904417916,4.202856015553374,0.35484000000000016,25.32750240454054
2024-11-04 17:49:33,4.202612860457368,0.354,24.9947353287605,4.202842872034677,0.3548000000000001,25.284789930232158
2024-11-04 17:49:33,4.2034343303779815,0.354,27.13035904417916,4.202875730831501,0.3547600000000001,25.298652702105446
2024-11-04 17:49:34,4.202941448424786,0.354,24.9947353287605,4.202882302590854,0.35472000000000004,25.298652702105443
2024-11-04 17:49:34,4.2034343303779815,0.354,26.437220450515156,4.202902017868983,0.35467999999999994,25.298652702105446
2024-11-04 17:49:34,4.202941448424786,0.355,24.2430730354219,4.202921733147011,0.35467999999999994,25.25476975380358
2024-11-04 17:49:34,4.202941448424786,0.355,24.9947353287605,4.20292173314701,0.35467999999999994,25.254769753803576
2024-11-04 17:49:35,4.2034343303779815,0.354,25.72571420883662,4.202954591943834,0.35463999999999984,25.254769753803576
2024-11-04 17:49:35,4.202777154440939,0.354,24.9947353287605,4.2029545919438345,0.3545999999999998,25.240150176202054
2024-11-04 17:49:35,4.202777154440939,0.354,24.9947353287605,4.202961163703178,0.3545599999999998,25.197437701893676
2024-11-04 17:49:35,4.202941448424786,0.354,24.9947353287605,4.202961163703177,0.3545199999999998,25.21247094776045
2024-11-04 17:49:36,4.203105742408909,0.354,25.72571420883662,4.202967735462543,0.35447999999999974,25.227090525361973
2024-11-04 17:49:36,4.202448566474072,0.354,24.9947353287605,4.202948020184515,0.35443999999999976,25.198240822926877
2024-11-04 17:49:36,4.202777154440939,0.354,25.72571420883662,4.202921733147034,0.3543999999999997,25.212860400528406
2024-11-04 17:49:36,4.2035986243629315,0.354,27.13035904417916,4.202954591943914,0.35435999999999973,25.286079648913322
2024-11-04 17:49:37,4.202612860457368,0.354,25.72571420883662,4.202941448425218,0.3543199999999997,25.28607964891333
2024-11-04 17:49:37,4.202941448424786,0.354,24.9947353287605,4.202941448425218,0.3542799999999997,25.271460071311807
2024-11-04 17:49:37,4.203105742408909,0.354,24.9947353287605,4.2029545919439375,0.3542399999999997,25.30196684538835
2024-11-04 17:49:37,4.203270036393308,0.354,27.13035904417916,4.202961163703313,0.3541999999999997,25.34467931969673
2024-11-04 17:49:38,4.202777154440939,0.354,24.2430730354219,4.20295459194396,0.3541599999999997,25.329646073829952
2024-11-04 17:49:38,4.202941448424786,0.354,23.469396624933097,4.202961163703313,0.35411999999999966,25.299139299753403
2024-11-04 17:49:38,4.202777154440939,0.354,24.2430730354219,4.202954591943959,0.35407999999999956,25.26948647628511
2024-11-04 17:49:38,4.202941448424786,0.354,25.72571420883662,4.202961163703313,0.35407999999999956,25.284106053886624
2024-11-04 17:49:39,4.202612860457368,0.354,24.2430730354219,4.202948020184617,0.35407999999999956,25.24022310558476
2024-11-04 17:49:39,4.203270036393308,0.354,24.2430730354219,4.202980878981386,0.35407999999999956,25.225189859717993
2024-11-04 17:49:39,4.202777154440939,0.354,25.72571420883662,4.202967735462668,0.35407999999999956,25.23980943731952
2024-11-04 17:49:39,4.202941448424786,0.354,25.72571420883662,4.202980878981363,0.35407999999999956,25.225579312485944
2024-11-04 17:49:40,4.202777154440939,0.354,24.9947353287605,4.2029545919438815,0.35407999999999956,25.210959734884423
2024-11-04 17:49:40,4.202612860457368,0.354,24.9947353287605,4.202941448425185,0.35407999999999956,25.22599298075119
2024-11-04 17:49:40,4.202612860457368,0.354,24.2430730354219,4.202908589628361,0.35407999999999956,25.225992980751194
2024-11-04 17:49:40,4.2035986243629315,0.354,26.437220450515156,4.2029348766658865,0.35403999999999963,25.26987592905305
2024-11-04 17:49:41,4.203105742408909,0.354,24.9947353287605,4.2029414484252525,0.35399999999999965,25.269875929053054
2024-11-04 17:49:41,4.202777154440939,0.354,24.9947353287605,4.202915161387771,0.35399999999999965,25.26987592905305
2024-11-04 17:49:41,4.2035986243629315,0.353,25.72571420883662,4.2029480201846505,0.3539599999999997,25.31500228073112
2024-11-04 17:49:41,4.202777154440939,0.353,24.9947353287605,4.2029480201846505,0.3539199999999998,25.300382703129603
2024-11-04 17:49:42,4.202941448424786,0.353,25.72571420883662,4.20294802018465,0.35387999999999986,25.286152578296033
2024-11-04 17:49:42,4.2034343303779815,0.353,25.72571420883662,4.202961163703412,0.3538399999999999,25.31580540176433
2024-11-04 17:49:42,4.2034343303779815,0.353,24.9947353287605,4.203000594259567,0.3537999999999999,25.286955699329233
2024-11-04 17:49:42,4.202612860457368,0.353,26.437220450515156,4.202994022500225,0.3537599999999999,25.286955699329226
2024-11-04 17:49:43,4.203105742408909,0.353,24.2430730354219,4.202974307222064,0.3537199999999999,25.24307275102737
2024-11-04 17:49:43,4.203270036393308,0.353,25.72571420883662,4.2030005942595015,0.35367999999999994,25.28819910270545
2024-11-04 17:49:43,4.202941448424786,0.353,24.9947353287605,4.2030005942595015,0.35363999999999995,25.288199102705445
2024-11-04 17:49:43,4.202941448424786,0.353,23.469396624933097,4.202994022500135,0.35359999999999997,25.25769232862889
2024-11-04 17:49:44,4.203270036393308,0.353,25.72571420883662,4.202994022500135,0.35356000000000004,25.272311906230417
2024-11-04 17:49:44,4.203105742408909,0.353,24.2430730354219,4.203007166018855,0.35352000000000006,25.22842895792855
2024-11-04 17:49:44,4.203105742408909,0.353,24.9947353287605,4.20301373777822,0.35348000000000007,25.18571648362018
2024-11-04 17:49:44,4.202777154440939,0.353,28.465495270963004,4.203013737778222,0.3534400000000001,25.28563845654078
2024-11-04 17:49:45,4.203105742408909,0.353,27.13035904417916,4.203020309537587,0.35340000000000005,25.32835093084915
2024-11-04 17:49:45,4.2035986243629315,0.353,26.437220450515156,4.20305974009381,0.35336000000000006,25.372233879151008
2024-11-04 17:49:45,4.2034343303779815,0.353,24.9947353287605,4.2030663118531955,0.35332,25.387267125017782
2024-11-04 17:49:45,4.203270036393308,0.353,25.72571420883662,4.203086027131291,0.35328000000000004,25.35917422831094
2024-11-04 17:49:46,4.2034343303779815,0.353,24.9947353287605,4.203105742409419,0.35324,25.359174228310934
2024-11-04 17:49:46,4.203105742408909,0.353,25.72571420883662,4.203118885928138,0.3532,25.331081331604093
2024-11-04 17:49:46,4.202777154440939,0.353,24.9947353287605,4.203125457687481,0.35316,25.331081331604086
2024-11-04 17:49:46,4.203105742408909,0.353,24.9947353287605,4.203145172965542,0.35312,25.30223162916899
2024-11-04 17:49:47,4.203270036393308,0.353,25.72571420883662,4.203132029446757,0.35307999999999995,25.331884452637286
2024-11-04 17:49:47,4.203270036393308,0.353,24.2430730354219,4.203138601206133,0.35303999999999996,25.31685120677051
2024-11-04 17:49:47,4.202941448424786,0.353,27.13035904417916,4.2031451729654865,0.353,25.344944103477363
2024-11-04 17:49:47,4.202941448424786,0.353,24.9947353287605,4.20311888592796,0.353,25.34494410347736
2024-11-04 17:49:48,4.2035986243629315,0.353,24.9947353287605,4.20315174472484,0.353,25.344944103477363
2024-11-04 17:49:48,4.202612860457368,0.353,25.72571420883662,4.2031386012061445,0.353,25.359563681078882
2024-11-04 17:49:48,4.203105742408909,0.353,24.9947353287605,4.203125457687382,0.353,25.34494410347736
2024-11-04 17:49:48,4.202941448424786,0.353,24.9947353287605,4.203105742409253,0.353,25.344944103477363
2024-11-04 17:49:49,4.203270036393308,0.353,24.9947353287605,4.203132029446691,0.353,25.330324525875834
2024-11-04 17:49:49,4.203762918348157,0.352,24.2430730354219,4.20315831648426,0.35295999999999994,25.272578805700697
2024-11-04 17:49:49,4.203270036393308,0.352,23.469396624933097,4.20315831648426,0.3529199999999999,25.22745245402263
2024-11-04 17:49:49,4.2034343303779815,0.353,24.9947353287605,4.203178031762388,0.3529199999999999,25.22745245402262
2024-11-04 17:49:50,4.202941448424786,0.353,24.2430730354219,4.203178031762388,0.35291999999999996,25.212419208155858
2024-11-04 17:49:50,4.203270036393308,0.353,25.72571420883662,4.203178031762388,0.35292,25.184326311449002
2024-11-04 17:49:50,4.203270036393308,0.352,24.9947353287605,4.2031846035217635,0.35287999999999997,25.19935955731578
2024-11-04 17:49:50,4.2034343303779815,0.352,24.2430730354219,4.203197747040526,0.35283999999999993,25.21483308552555
2024-11-04 17:49:51,4.203105742408909,0.352,24.2430730354219,4.2032108905592445,0.3527999999999999,25.214833085525555
2024-11-04 17:49:51,4.2034343303779815,0.352,24.9947353287605,4.203224034078007,0.3527599999999999,25.200213507924026
2024-11-04 17:49:51,4.203270036393308,0.352,23.469396624933097,4.203210890559222,0.3527199999999999,25.184739979714255
2024-11-04 17:49:51,4.203105742408909,0.352,24.9947353287605,4.20319774704046,0.35267999999999994,25.19977322558103
2024-11-04 17:49:52,4.2034343303779815,0.352,24.9947353287605,4.2032043187998465,0.35263999999999995,25.1851536479795
2024-11-04 17:49:52,4.202777154440939,0.352,22.672238853203226,4.203178031762366,0.35259999999999997,25.124084140866835
2024-11-04 17:49:52,4.2034343303779815,0.352,24.2430730354219,4.203191175281129,0.35256,25.109050895000067
2024-11-04 17:49:52,4.203105742408909,0.352,27.13035904417916,4.203204318799847,0.35252,25.15176336930844
2024-11-04 17:49:53,4.203270036393308,0.352,24.9947353287605,4.203210890559224,0.35248000000000007,25.16679661517521
2024-11-04 17:49:53,4.202941448424786,0.352,24.9947353287605,4.203197747040483,0.3524400000000001,25.137946912740116
2024-11-04 17:49:53,4.203270036393308,0.352,24.9947353287605,4.203197747040483,0.3524000000000001,25.137946912740112
2024-11-04 17:49:53,4.203270036393308,0.352,24.9947353287605,4.203210890559225,0.3523600000000001,25.137946912740112
2024-11-04 17:49:54,4.203105742408909,0.352,24.2430730354219,4.203217462318589,0.35232000000000013,25.108294089271823
2024-11-04 17:49:54,4.2039272123336575,0.352,26.437220450515156,4.203230605837418,0.35228000000000015,25.13714379170691
2024-11-04 17:49:54,4.2035986243629315,0.352,24.9947353287605,4.203270036393642,0.35224000000000016,25.122524214105393
2024-11-04 17:49:54,4.202941448424786,0.352,24.9947353287605,4.203263464634277,0.3522000000000001,25.10790463650387
2024-11-04 17:49:55,4.203270036393308,0.352,25.72571420883662,4.2032766081530175,0.35216000000000014,25.122524214105386
2024-11-04 17:49:55,4.203105742408909,0.352,24.9947353287605,4.203270036393642,0.35212000000000016,25.0936745116703
2024-11-04 17:49:55,4.203270036393308,0.352,25.72571420883662,4.203250321115448,0.35212000000000016,25.123327335138594
2024-11-04 17:49:55,4.203270036393308,0.352,22.672238853203226,4.203250321115449,0.35212000000000016,25.062257828025928
2024-11-04 17:49:56,4.2034343303779815,0.352,23.469396624933097,4.203250321115447,0.35208000000000017,25.03175105394938
2024-11-04 17:49:56,4.203105742408909,0.352,24.2430730354219,4.203256892874812,0.35204000000000024,25.047224582159156
2024-11-04 17:49:56,4.203105742408909,0.352,24.9947353287605,4.203250321115436,0.35200000000000015,25.032605004557634
2024-11-04 17:49:56,4.203105742408909,0.352,24.9947353287605,4.2032437493560595,0.35200000000000015,25.047638250424413
2024-11-04 17:49:57,4.2034343303779815,0.352,24.2430730354219,4.2032437493560595,0.35200000000000015,25.032605004557634
2024-11-04 17:49:57,4.203270036393308,0.352,22.672238853203226,4.203250321115436,0.35200000000000015,24.916739876202442
2024-11-04 17:49:57,4.203105742408909,0.352,25.72571420883662,4.203237177596673,0.35200000000000015,24.88864697949559
2024-11-04 17:49:57,4.203270036393308,0.352,24.9947353287605,4.203237177596673,0.35200000000000015,24.8597972770605
2024-11-04 17:49:58,4.2034343303779815,0.351,25.72571420883662,4.203250321115435,0.3519600000000001,24.874416854662023
2024-11-04 17:49:58,4.203105742408909,0.351,25.72571420883662,4.203237177596673,0.35192000000000007,24.874416854662012
2024-11-04 17:49:58,4.2034343303779815,0.352,24.9947353287605,4.203263464634154,0.3519200000000001,24.874416854662016
2024-11-04 17:49:58,4.2034343303779815,0.352,23.469396624933097,4.203263464634153,0.3519200000000001,24.82929050298394
2024-11-04 17:49:59,4.2035986243629315,0.352,24.9947353287605,4.203283179912315,0.3519200000000001,24.829290502983945
2024-11-04 17:49:59,4.2034343303779815,0.352,22.672238853203226,4.203289751671701,0.3519200000000001,24.782840573472797
2024-11-04 17:49:59,4.203270036393308,0.352,25.72571420883662,4.2033028951904425,0.3519200000000001,24.782840573472797
2024-11-04 17:49:59,4.2034343303779815,0.352,24.2430730354219,4.203309466949829,0.3519200000000001,24.78284057347279
2024-11-04 17:50:00,4.203105742408909,0.351,24.9947353287605,4.203302895190452,0.3518800000000001,24.740128099164423
2024-11-04 17:50:00,4.2035986243629315,0.351,23.469396624933097,4.203322610468613,0.35184000000000004,24.709621325087877
2024-11-04 17:50:00,4.203270036393308,0.351,25.72571420883662,4.203296323431,0.3518,24.724240902689406
2024-11-04 17:50:00,4.2035986243629315,0.351,25.72571420883662,4.203296323431,0.35175999999999996,24.7242409026894
2024-11-04 17:50:01,4.203105742408909,0.351,24.9947353287605,4.203302895190366,0.3517199999999999,24.724240902689402
2024-11-04 17:50:01,4.203105742408909,0.351,24.9947353287605,4.203296323430991,0.3516799999999998,24.7242409026894
2024-11-04 17:50:01,4.2035986243629315,0.351,25.72571420883662,4.203316038709152,0.3516399999999999,24.738860480290914
2024-11-04 17:50:01,4.203105742408909,0.351,25.72571420883662,4.203309466949777,0.3515999999999998,24.76851330375921
2024-11-04 17:50:02,4.203270036393308,0.351,24.9947353287605,4.2033094669497775,0.35155999999999976,24.799020077835763
2024-11-04 17:50:02,4.2034343303779815,0.351,26.437220450515156,4.203309466949777,0.3515199999999997,24.82786978027085
2024-11-04 17:50:02,4.202941448424786,0.351,23.469396624933097,4.2033028951904114,0.3514799999999997,24.812396252061077
2024-11-04 17:50:02,4.2035986243629315,0.351,24.2430730354219,4.203322610468572,0.35143999999999964,24.782743428592784
2024-11-04 17:50:03,4.2035986243629315,0.351,27.13035904417916,4.203342325746732,0.3513999999999996,24.825455902901155
2024-11-04 17:50:03,4.2034343303779815,0.351,22.672238853203226,4.203342325746731,0.3513599999999996,24.794039219256785
2024-11-04 17:50:03,4.203105742408909,0.351,26.437220450515156,4.203335753987355,0.3513199999999996,24.837922167558656
2024-11-04 17:50:03,4.2034343303779815,0.351,23.469396624933097,4.2033488975061175,0.3512799999999995,24.80741539348211
2024-11-04 17:50:04,4.203270036393308,0.351,24.9947353287605,4.203348897506117,0.35123999999999955,24.837922167558656
2024-11-04 17:50:04,4.2035986243629315,0.351,24.9947353287605,4.203355469265515,0.35123999999999955,24.83792216755865
2024-11-04 17:50:04,4.203762918348157,0.351,25.72571420883662,4.203381756303084,0.35123999999999955,24.85254174516017
2024-11-04 17:50:04,4.2034343303779815,0.351,25.72571420883662,4.203381756303085,0.35119999999999946,24.91361125227284
2024-11-04 17:50:05,4.203270036393308,0.351,24.9947353287605,4.203375184543699,0.3511599999999995,24.928644498139604
2024-11-04 17:50:05,4.2034343303779815,0.351,23.469396624933097,4.2033686127843,0.35111999999999954,24.85542524975469
2024-11-04 17:50:05,4.2034343303779815,0.351,24.9947353287605,4.203368612784299,0.35107999999999945,24.855425249754685
2024-11-04 17:50:05,4.2034343303779815,0.351,23.469396624933097,4.203375184543686,0.3510399999999995,24.824918475678132
2024-11-04 17:50:06,4.2039272123336575,0.351,24.2430730354219,4.203394899821913,0.35099999999999953,24.809885229811368
2024-11-04 17:50:06,4.202777154440939,0.351,24.9947353287605,4.203381756303195,0.35099999999999953,24.80988522981136
2024-11-04 17:50:06,4.2035986243629315,0.35,24.9947353287605,4.203381756303195,0.3509599999999996,24.824918475678146
2024-11-04 17:50:06,4.203270036393308,0.35,26.437220450515156,4.203381756303195,0.3509199999999997,24.824918475678142
2024-11-04 17:50:07,4.2039272123336575,0.35,25.72571420883662,4.203394899822025,0.35087999999999975,24.839538053279668
2024-11-04 17:50:07,4.2034343303779815,0.35,24.9947353287605,4.203408043340788,0.35083999999999976,24.83953805327966
2024-11-04 17:50:07,4.2035986243629315,0.35,25.72571420883662,4.203427758618949,0.3507999999999998,24.839538053279668
2024-11-04 17:50:07,4.2034343303779815,0.351,26.437220450515156,4.2034211868595515,0.3507999999999997,24.868387755714757
2024-11-04 17:50:08,4.2035986243629315,0.351,26.437220450515156,4.203440902137713,0.3507999999999996,24.88261788054833
2024-11-04 17:50:08,4.203762918348157,0.351,24.2430730354219,4.2034606174159075,0.3507999999999996,24.914034564192704
2024-11-04 17:50:08,4.2035986243629315,0.351,23.469396624933097,4.2034671891753055,0.3507999999999996,24.914034564192708
2024-11-04 17:50:08,4.203762918348157,0.351,24.9947353287605,4.2035000479722395,0.3507999999999996,24.929067810059482
2024-11-04 17:50:09,4.203105742408909,0.351,25.72571420883662,4.203480332694078,0.3507999999999996,24.943687387661
2024-11-04 17:50:09,4.203762918348157,0.351,24.2430730354219,4.203486904453487,0.3507999999999996,24.928654141794237
2024-11-04 17:50:09,4.203762918348157,0.351,24.9947353287605,4.203500047972294,0.3507999999999996,24.943687387661
2024-11-04 17:50:09,4.2034343303779815,0.351,25.72571420883662,4.203513191491056,0.3507999999999996,25.004756894773664
2024-11-04 17:50:10,4.2034343303779815,0.351,25.72571420883662,4.203513191491056,0.35079999999999956,25.004756894773664
2024-11-04 17:50:10,4.2039272123336575,0.351,24.9947353287605,4.20353947852867,0.35079999999999956,25.004756894773667
2024-11-04 17:50:10,4.203270036393308,0.35,25.72571420883662,4.203526335009886,0.35075999999999957,25.004756894773664
2024-11-04 17:50:10,4.203270036393308,0.35,24.9947353287605,4.203506619731693,0.3507199999999997,24.99013731717214
2024-11-04 17:50:11,4.203270036393308,0.35,22.672238853203226,4.203500047972305,0.3506799999999996,24.943687387660994
2024-11-04 17:50:11,4.2035986243629315,0.35,21.84997632024192,4.203513191491091,0.35063999999999973,24.911298981567175
2024-11-04 17:50:11,4.2035986243629315,0.35,24.9947353287605,4.203519763250489,0.35059999999999975,24.91129898156717
2024-11-04 17:50:11,4.2034343303779815,0.35,25.72571420883662,4.203519763250489,0.35055999999999976,24.97236848867984
2024-11-04 17:50:12,4.203762918348157,0.35,27.80614130216054,4.203532906769295,0.3505199999999998,25.01397703054631
2024-11-04 17:50:12,4.2035986243629315,0.35,25.72571420883662,4.203519763250467,0.3504799999999999,25.043629854014608
2024-11-04 17:50:12,4.203270036393308,0.35,24.9947353287605,4.203539478528563,0.3504399999999998,25.04362985401461
2024-11-04 17:50:12,4.204091506319434,0.35,27.13035904417916,4.203559193806822,0.3504399999999999,25.116849102399527
2024-11-04 17:50:13,4.2034343303779815,0.35,25.72571420883662,4.203565765566208,0.3504399999999999,25.116849102399527
2024-11-04 17:50:13,4.203762918348157,0.35,23.469396624933097,4.203559193806788,0.3504399999999999,25.07172275072146
2024-11-04 17:50:13,4.203762918348157,0.35,24.9947353287605,4.203572337325594,0.35044,25.071722750721456
2024-11-04 17:50:13,4.2035986243629315,0.35,24.9947353287605,4.2035723373255935,0.35044,25.07172275072146
2024-11-04 17:50:14,4.2034343303779815,0.35,24.2430730354219,4.203572337325593,0.35039999999999993,25.04206992725317
2024-11-04 17:50:14,4.203762918348157,0.35,24.2430730354219,4.203578909085002,0.35035999999999995,25.012417103784877
2024-11-04 17:50:14,4.2034343303779815,0.35,26.437220450515156,4.203565765566195,0.3503199999999999,25.041266806219966
2024-11-04 17:50:14,4.2035986243629315,0.35,24.2430730354219,4.2035657655661955,0.3502799999999999,24.99738385791811
2024-11-04 17:50:15,4.2035986243629315,0.35,24.2430730354219,4.203559193806786,0.3502399999999999,25.01285738612788
2024-11-04 17:50:15,4.2042558003054875,0.35,25.72571420883662,4.203605196122648,0.3501999999999999,25.042510209596177
2024-11-04 17:50:15,4.203762918348157,0.35,26.437220450515156,4.203605196122649,0.3501599999999999,25.028647437722903
2024-11-04 17:50:15,4.2035986243629315,0.35,24.2430730354219,4.203598624363241,0.35011999999999993,25.060064121367272
2024-11-04 17:50:16,4.204091506319434,0.35,25.72571420883662,4.203624911400898,0.3500799999999999,25.045833996533702
2024-11-04 17:50:16,4.204091506319434,0.35,24.9947353287605,4.203651198438556,0.3500399999999999,25.076340770610255
2024-11-04 17:50:16,4.203762918348157,0.35,24.9947353287605,4.203644626679137,0.3499999999999999,25.07634077061025
2024-11-04 17:50:16,4.203762918348157,0.35,28.465495270963004,4.203664341957332,0.3499999999999999,25.145755969454303
2024-11-04 17:50:17,4.2034343303779815,0.35,25.72571420883662,4.203670913716718,0.3499999999999999,25.145755969454296
2024-11-04 17:50:17,4.2042558003054875,0.35,24.9947353287605,4.203710344273204,0.3499999999999999,25.131136391852774
2024-11-04 17:50:17,4.203762918348157,0.35,24.2430730354219,4.203716916032613,0.3499999999999999,25.116103145986006
2024-11-04 17:50:17,4.203762918348157,0.35,27.13035904417916,4.203723487792022,0.3499999999999999,25.189322394370926
2024-11-04 17:50:18,4.203762918348157,0.35,24.9947353287605,4.2037366313108295,0.3499999999999999,25.18932239437092
2024-11-04 17:50:18,4.203270036393308,0.35,26.437220450515156,4.2037169160326355,0.3499999999999999,25.248678870882568
2024-11-04 17:50:18,4.2035986243629315,0.35,24.9947353287605,4.2037169160326355,0.3499999999999999,25.263712116749343
2024-11-04 17:50:18,4.2034343303779815,0.35,25.72571420883662,4.203723487792022,0.3499999999999999,25.278331694350864
2024-11-04 17:50:19,4.2034343303779815,0.35,25.72571420883662,4.203697200754363,0.3499999999999999,25.29295127195239
2024-11-04 17:50:19,4.203762918348157,0.35,24.9947353287605,4.203710344273172,0.3499999999999999,25.264101569517294
2024-11-04 17:50:19,4.203762918348157,0.35,24.9947353287605,4.203710344273173,0.3499999999999999,25.249481991915765
2024-11-04 17:50:19,4.204091506319434,0.35,26.437220450515156,4.203723487792024,0.3499999999999999,25.278331694350864
2024-11-04 17:50:20,4.2035986243629315,0.35,26.437220450515156,4.203723487792024,0.3499999999999999,25.29256181918444
2024-11-04 17:50:20,4.2035986243629315,0.35,26.437220450515156,4.203730059551422,0.3499999999999999,25.29256181918444
2024-11-04 17:50:20,4.2034343303779815,0.35,26.437220450515156,4.203716916032615,0.3499999999999999,25.29256181918444
2024-11-04 17:50:20,4.203762918348157,0.35,24.9947353287605,4.203730059551422,0.3499999999999999,25.307595065051206
2024-11-04 17:50:21,4.203105742408909,0.35,25.72571420883662,4.203710344273261,0.3499999999999999,25.35272141672928
2024-11-04 17:50:21,4.2039272123336575,0.349,24.9947353287605,4.20372348779209,0.3499599999999999,25.35272141672929
2024-11-04 17:50:21,4.203762918348157,0.349,24.9947353287605,4.203703772513798,0.34991999999999984,25.33810183912776
2024-11-04 17:50:21,4.2034343303779815,0.35,24.9947353287605,4.20369062899499,0.34991999999999984,25.353135084994534
2024-11-04 17:50:22,4.204091506319434,0.35,25.72571420883662,4.20371034427325,0.3499199999999999,25.367754662596052
2024-11-04 17:50:22,4.2035986243629315,0.35,24.2430730354219,4.20369062899499,0.34991999999999995,25.338101839127763
2024-11-04 17:50:22,4.2035986243629315,0.35,25.72571420883662,4.20367091371673,0.34991999999999995,25.33810183912776
2024-11-04 17:50:22,4.203762918348157,0.35,26.437220450515156,4.20367091371673,0.34991999999999995,25.366951541562848
2024-11-04 17:50:23,4.204091506319434,0.349,26.437220450515156,4.203684057235581,0.3498799999999999,25.381181666396422
2024-11-04 17:50:23,4.2035986243629315,0.349,24.9947353287605,4.203690628994979,0.3498399999999999,25.38118166639642
2024-11-04 17:50:23,4.2039272123336575,0.349,27.13035904417916,4.203677485476105,0.34979999999999983,25.470344070215933
2024-11-04 17:50:23,4.203762918348157,0.349,27.13035904417916,4.2036774854761045,0.34975999999999985,25.575951724694683
2024-11-04 17:50:24,4.203762918348157,0.349,24.9947353287605,4.203677485476105,0.34971999999999986,25.575951724694686
2024-11-04 17:50:24,4.2035986243629315,0.349,24.9947353287605,4.203670913716698,0.3496799999999999,25.561332147093157
2024-11-04 17:50:24,4.2039272123336575,0.349,26.437220450515156,4.203697200754312,0.3496399999999999,25.533953730060247
2024-11-04 17:50:24,4.2034343303779815,0.349,25.72571420883662,4.203690628994913,0.3495999999999999,25.533953730060247
2024-11-04 17:50:25,4.2042558003054875,0.349,25.72571420883662,4.203723487792011,0.34956,25.548573307661762
2024-11-04 17:50:25,4.204091506319434,0.349,25.72571420883662,4.20374977482967,0.34952,25.520480410954907
2024-11-04 17:50:25,4.2035986243629315,0.349,25.72571420883662,4.203743203070261,0.34948,25.520480410954914
2024-11-04 17:50:25,4.2034343303779815,0.349,24.9947353287605,4.203730059551453,0.34944000000000003,25.55098718503146
2024-11-04 17:50:26,4.203270036393308,0.349,25.72571420883662,4.203697200754408,0.34940000000000004,25.565606762632978
2024-11-04 17:50:26,4.2042558003054875,0.349,25.72571420883662,4.203723487792109,0.34936,25.580226340234503
2024-11-04 17:50:26,4.2034343303779815,0.349,25.72571420883662,4.203716916032711,0.34932,25.6098791637028
2024-11-04 17:50:26,4.2039272123336575,0.349,24.9947353287605,4.203736631310939,0.34928000000000003,25.624912409569564
2024-11-04 17:50:27,4.204091506319434,0.349,25.72571420883662,4.203749774829789,0.34924000000000005,25.610682284735994
2024-11-04 17:50:27,4.2034343303779815,0.349,24.9947353287605,4.203762918348552,0.34920000000000007,25.62571553060277
2024-11-04 17:50:27,4.204091506319434,0.349,25.72571420883662,4.203769490107984,0.3492000000000002,25.65536835407107
2024-11-04 17:50:27,4.204420094291815,0.349,24.2430730354219,4.20379577714573,0.3492000000000002,25.62571553060278
2024-11-04 17:50:28,4.2035986243629315,0.349,24.9947353287605,4.2038023489051275,0.34916000000000014,25.596865828167683
2024-11-04 17:50:28,4.2039272123336575,0.348,26.437220450515156,4.2037957771456975,0.34908000000000006,25.640748776469554
2024-11-04 17:50:28,4.2039272123336575,0.348,25.72571420883662,4.203808920664526,0.34900000000000003,25.640748776469554
2024-11-04 17:50:28,4.203762918348157,0.348,25.72571420883662,4.203815492423937,0.3489200000000001,25.65536835407108
2024-11-04 17:50:29,4.203270036393308,0.349,24.9947353287605,4.203795777145744,0.34888000000000013,25.655368354071076
2024-11-04 17:50:29,4.203762918348157,0.349,24.9947353287605,4.203782633626892,0.3488800000000002,25.585953155227024
2024-11-04 17:50:29,4.2039272123336575,0.349,23.469396624933097,4.2037957771457215,0.3488800000000002,25.54082680354895
2024-11-04 17:50:29,4.204420094291815,0.349,25.72571420883662,4.203815492424049,0.3488800000000002,25.555446381150478
2024-11-04 17:50:30,4.204091506319434,0.349,23.469396624933097,4.203828635942899,0.3488800000000002,25.539972852940696
2024-11-04 17:50:30,4.203762918348157,0.349,23.469396624933097,4.2038286359429,0.3488800000000002,25.46675360455578
2024-11-04 17:50:30,4.204091506319434,0.348,24.9947353287605,4.203848351221159,0.34884000000000015,25.466753604555773
2024-11-04 17:50:30,4.204091506319434,0.348,25.72571420883662,4.203854922980589,0.3488000000000001,25.452523479722203
2024-11-04 17:50:31,4.2039272123336575,0.348,25.72571420883662,4.2038746382588155,0.3487600000000001,25.467143057323728
2024-11-04 17:50:31,4.204748682265299,0.349,27.13035904417916,4.203894353537208,0.3487600000000002,25.49523595403058
2024-11-04 17:50:31,4.204091506319434,0.349,24.9947353287605,4.2038943535372075,0.34876000000000024,25.48061637642905
2024-11-04 17:50:31,4.203762918348157,0.348,25.72571420883662,4.203900925296617,0.3487200000000002,25.495235954030576
2024-11-04 17:50:32,4.2042558003054875,0.348,26.437220450515156,4.203933784093715,0.3486800000000001,25.52408565646567
2024-11-04 17:50:32,4.203762918348157,0.348,24.9947353287605,4.20395349937191,0.3486400000000001,25.49523595403058
2024-11-04 17:50:32,4.2039272123336575,0.348,24.9947353287605,4.203940355853038,0.34860000000000013,25.466386251595488
2024-11-04 17:50:32,4.2039272123336575,0.348,26.437220450515156,4.203960071131266,0.34856000000000015,25.466386251595488
2024-11-04 17:50:33,4.2042558003054875,0.348,27.13035904417916,4.203973214650138,0.34852000000000016,25.480249023468765
2024-11-04 17:50:33,4.204091506319434,0.348,23.469396624933097,4.203973214650138,0.3484800000000002,25.44974224939222
2024-11-04 17:50:33,4.203762918348157,0.348,24.9947353287605,4.203986358168945,0.34844000000000025,25.4351226717907
2024-11-04 17:50:33,4.2035986243629315,0.348,24.9947353287605,4.203966642890685,0.34840000000000027,25.435122671790694
2024-11-04 17:50:34,4.204091506319434,0.348,25.72571420883662,4.2039534993717895,0.3483600000000002,25.44974224939222
2024-11-04 17:50:34,4.203762918348157,0.348,24.2430730354219,4.203960071131199,0.34832000000000024,25.434709003525445
2024-11-04 17:50:34,4.203762918348157,0.348,24.9947353287605,4.20395349937178,0.34832000000000024,25.420089425923926
2024-11-04 17:50:34,4.204420094291815,0.348,25.72571420883662,4.203973214650105,0.34832000000000024,25.449742249392212
2024-11-04 17:50:35,4.204091506319434,0.348,23.469396624933097,4.203986358168956,0.3483200000000003,25.404615897714145
2024-11-04 17:50:35,4.2039272123336575,0.348,24.9947353287605,4.2040126452065705,0.34828000000000026,25.375766195279056
2024-11-04 17:50:35,4.2039272123336575,0.348,22.672238853203226,4.204019216965992,0.34824000000000027,25.300466563332815
2024-11-04 17:50:35,4.204420094291815,0.348,25.72571420883662,4.204038932244317,0.34820000000000023,25.315086140934337
2024-11-04 17:50:36,4.2042558003054875,0.348,25.72571420883662,4.204032360484863,0.34816000000000025,25.28699324422749
2024-11-04 17:50:36,4.204091506319434,0.348,24.9947353287605,4.204032360484862,0.3481200000000002,25.24428076991911
2024-11-04 17:50:36,4.2042558003054875,0.348,25.72571420883662,4.204052075763155,0.3480800000000002,25.25890034752064
2024-11-04 17:50:36,4.203762918348157,0.348,24.2430730354219,4.204038932244305,0.3480800000000002,25.243867101653862
2024-11-04 17:50:37,4.2035986243629315,0.348,24.9947353287605,4.204019216966045,0.3480800000000002,25.215017399218777
2024-11-04 17:50:37,4.2042558003054875,0.348,24.9947353287605,4.204032360484918,0.3480800000000002,25.200397821617248
2024-11-04 17:50:37,4.2039272123336575,0.348,24.9947353287605,4.203999501687653,0.34804000000000024,25.18577824401573
2024-11-04 17:50:37,4.2039272123336575,0.348,24.9947353287605,4.203992929928222,0.3480000000000002,25.171158666414208
2024-11-04 17:50:38,4.203762918348157,0.348,25.72571420883662,4.203992929928222,0.3480000000000002,25.17115866641421
2024-11-04 17:50:38,4.204420094291815,0.348,24.9947353287605,4.203999501687675,0.3480000000000002,25.171158666414208
2024-11-04 17:50:38,4.204091506319434,0.348,24.2430730354219,4.204012645206526,0.3480000000000002,25.141505842945918
2024-11-04 17:50:38,4.2035986243629315,0.348,24.9947353287605,4.203999501687697,0.3480000000000002,25.12688626534439
2024-11-04 17:50:39,4.2039272123336575,0.348,24.2430730354219,4.203999501687697,0.3480000000000002,25.097233441876096
2024-11-04 17:50:39,4.204091506319434,0.348,24.9947353287605,4.203992929928256,0.3480000000000002,25.0972334418761
2024-11-04 17:50:39,4.2042558003054875,0.347,25.72571420883662,4.203999501687697,0.34796000000000027,25.097233441876096
2024-11-04 17:50:39,4.204420094291815,0.347,24.9947353287605,4.204025788725444,0.3479200000000004,25.0972334418761
2024-11-04 17:50:40,4.204091506319434,0.347,24.9947353287605,4.204045504003703,0.3478800000000004,25.08261386427457
2024-11-04 17:50:40,4.204091506319434,0.347,25.72571420883662,4.204045504003703,0.34784000000000037,25.112266687742867
2024-11-04 17:50:40,4.2042558003054875,0.347,24.9947353287605,4.204065219281995,0.3478000000000003,25.112266687742864
2024-11-04 17:50:40,4.2042558003054875,0.348,24.9947353287605,4.204084934560289,0.34780000000000016,25.083416985307768
2024-11-04 17:50:41,4.2035986243629315,0.348,24.9947353287605,4.204052075763133,0.3478,25.068797407706246
2024-11-04 17:50:41,4.2042558003054875,0.347,25.72571420883662,4.204058647522574,0.3477600000000001,25.068797407706253
2024-11-04 17:50:41,4.2035986243629315,0.347,25.72571420883662,4.204045504003745,0.34772000000000014,25.083416985307768
2024-11-04 17:50:41,4.204420094291815,0.347,24.9947353287605,4.2040652192820716,0.3476800000000001,25.08341698530777
2024-11-04 17:50:42,4.204091506319434,0.347,26.437220450515156,4.204052075763177,0.34764,25.142773461819417
2024-11-04 17:50:42,4.204420094291815,0.348,24.2430730354219,4.20405864752263,0.3476399999999999,25.113120638351116
2024-11-04 17:50:42,4.204584388278419,0.348,23.469396624933097,4.204078362800988,0.34763999999999984,25.11312063835111
2024-11-04 17:50:42,4.204420094291815,0.348,25.72571420883662,4.204084934560441,0.34763999999999984,25.158246990029184
2024-11-04 17:50:43,4.204420094291815,0.348,26.437220450515156,4.204111221598188,0.3476399999999999,25.187096692464284
2024-11-04 17:50:43,4.204420094291815,0.347,24.2430730354219,4.204144080395344,0.34759999999999996,25.157443868995983
2024-11-04 17:50:43,4.204091506319434,0.347,28.465495270963004,4.204137508635902,0.3475600000000001,25.212239490238513
2024-11-04 17:50:43,4.204091506319434,0.347,25.72571420883662,4.2041440803953325,0.3475200000000001,25.18414659353167
2024-11-04 17:50:44,4.2034343303779815,0.347,25.72571420883662,4.204124365117105,0.34748000000000007,25.198766171133194
2024-11-04 17:50:44,4.2035986243629315,0.347,24.2430730354219,4.204117793357697,0.34743999999999997,25.169113347664894
2024-11-04 17:50:44,4.204420094291815,0.347,25.72571420883662,4.204117793357697,0.34739999999999993,25.15488322283133
2024-11-04 17:50:44,4.203762918348157,0.347,24.2430730354219,4.204104649838846,0.34735999999999995,25.139849976964555
2024-11-04 17:50:45,4.204584388278419,0.347,25.72571420883662,4.204144080395467,0.34732,25.154469554566084
2024-11-04 17:50:45,4.203762918348157,0.347,25.72571420883662,4.204137508636047,0.34728000000000003,25.1402394297325
2024-11-04 17:50:45,4.204584388278419,0.347,25.72571420883662,4.2041572239144065,0.34724,25.11214653302565
2024-11-04 17:50:45,4.203762918348157,0.347,25.72571420883662,4.204137508636115,0.3472399999999999,25.157272884703715
2024-11-04 17:50:46,4.2039272123336575,0.347,25.72571420883662,4.2041177933577885,0.3472399999999998,25.17189246230524
2024-11-04 17:50:46,4.204091506319434,0.347,25.72571420883662,4.2041177933577885,0.3472399999999998,25.186512039906756
2024-11-04 17:50:46,4.2039272123336575,0.347,24.9947353287605,4.204111221598358,0.3472399999999998,25.171892462305237
2024-11-04 17:50:46,4.2042558003054875,0.347,24.2430730354219,4.204111221598357,0.3472399999999998,25.17189246230524
2024-11-04 17:50:47,4.204091506319434,0.347,27.13035904417916,4.204104649838914,0.3471999999999998,25.21460493661361
2024-11-04 17:50:47,4.204091506319434,0.347,24.2430730354219,4.204124365117174,0.3471599999999998,25.184952113145318
2024-11-04 17:50:47,4.2042558003054875,0.347,24.9947353287605,4.204124365117174,0.3471599999999998,25.21545888722186
2024-11-04 17:50:47,4.204584388278419,0.347,26.437220450515156,4.204163795673793,0.34715999999999975,25.244308589656956
2024-11-04 17:50:48,4.204091506319434,0.347,24.9947353287605,4.2041506521548975,0.34715999999999975,25.290758519168108
2024-11-04 17:50:48,4.2042558003054875,0.347,25.72571420883662,4.20415722391434,0.34715999999999975,25.29075851916811
2024-11-04 17:50:48,4.2042558003054875,0.346,24.2430730354219,4.204150652154886,0.3470799999999997,25.261105695699822
2024-11-04 17:50:48,4.204091506319434,0.346,24.9947353287605,4.204130936876526,0.3469999999999997,25.261105695699815
2024-11-04 17:50:49,4.204091506319434,0.346,23.469396624933097,4.20411779335763,0.34691999999999973,25.215979344021747
2024-11-04 17:50:49,4.2042558003054875,0.346,25.72571420883662,4.204111221598177,0.3468399999999997,25.245632167490047
2024-11-04 17:50:49,4.2042558003054875,0.346,24.2430730354219,4.204104649838723,0.3467999999999997,25.230598921623272
2024-11-04 17:50:49,4.2039272123336575,0.346,23.469396624933097,4.2040980780792925,0.34675999999999974,25.20009214754673
2024-11-04 17:50:50,4.204091506319434,0.346,22.672238853203226,4.2040980780792925,0.34671999999999975,25.15364221803558
2024-11-04 17:50:50,4.204091506319434,0.346,27.13035904417916,4.20412436511695,0.34667999999999977,25.19635469234395
2024-11-04 17:50:50,4.2042558003054875,0.346,24.9947353287605,4.204150652154653,0.3466399999999998,25.181735114742427
2024-11-04 17:50:50,4.204420094291815,0.346,25.72571420883662,4.204150652154653,0.3465999999999998,25.196354692343956
2024-11-04 17:50:51,4.2039272123336575,0.346,26.437220450515156,4.204157223914074,0.34655999999999987,25.24023764064582
2024-11-04 17:50:51,4.204420094291815,0.346,26.437220450515156,4.20415065215461,0.3465199999999999,25.26908734308092
2024-11-04 17:50:51,4.2042558003054875,0.346,24.9947353287605,4.204170367432903,0.3464799999999999,25.284120588947687
2024-11-04 17:50:51,4.204748682265299,0.346,24.9947353287605,4.2041769391923784,0.3464399999999999,25.28412058894768
2024-11-04 17:50:52,4.2042558003054875,0.346,23.469396624933097,4.204196654470671,0.34639999999999993,25.238994237269612
2024-11-04 17:50:52,4.204091506319434,0.346,25.72571420883662,4.204203226230102,0.34635999999999995,25.253613814871134
2024-11-04 17:50:52,4.2042558003054875,0.346,24.2430730354219,4.204209797989543,0.34631999999999996,25.238580569004366
2024-11-04 17:50:52,4.204584388278419,0.346,23.469396624933097,4.2042360850273335,0.34628,25.1934542173263
2024-11-04 17:50:53,4.203762918348157,0.346,24.9947353287605,4.204216369749042,0.34624000000000005,25.193454217326295
2024-11-04 17:50:53,4.2042558003054875,0.346,26.437220450515156,4.204222941508483,0.34620000000000006,25.22230391976138
2024-11-04 17:50:53,4.204091506319434,0.346,24.2430730354219,4.204222941508483,0.3461600000000001,25.207270673894612
2024-11-04 17:50:53,4.204584388278419,0.345,23.469396624933097,4.204236085027401,0.34607999999999994,25.162144322216538
2024-11-04 17:50:54,4.204748682265299,0.345,25.72571420883662,4.204242656786877,0.34600000000000003,25.162144322216538
2024-11-04 17:50:54,4.204091506319434,0.345,24.2430730354219,4.204242656786877,0.34592,25.14711107634976
2024-11-04 17:50:54,4.204420094291815,0.345,25.72571420883662,4.20424922854633,0.34584000000000004,25.1328809515162
2024-11-04 17:50:54,4.204091506319434,0.345,24.9947353287605,4.204242656786888,0.34580000000000005,25.147914197382967
2024-11-04 17:50:55,4.2042558003054875,0.346,25.72571420883662,4.20424922854633,0.3458000000000001,25.193040549061042
2024-11-04 17:50:55,4.2042558003054875,0.346,25.72571420883662,4.204255800305772,0.3458000000000001,25.193040549061042
2024-11-04 17:50:55,4.204584388278419,0.346,24.9947353287605,4.204268943824689,0.3458000000000001,25.164190846625946
2024-11-04 17:50:55,4.204420094291815,0.346,24.9947353287605,4.2042755155841425,0.3458000000000001,25.179224092492724
2024-11-04 17:50:56,4.203762918348157,0.345,25.72571420883662,4.204268943824722,0.34576000000000007,25.124428471250184
2024-11-04 17:50:56,4.2042558003054875,0.345,23.469396624933097,4.204275515584163,0.3457200000000001,25.079302119572116
2024-11-04 17:50:56,4.204748682265299,0.345,25.72571420883662,4.204301802621999,0.3456800000000001,25.07930211957212
2024-11-04 17:50:56,4.204420094291815,0.345,26.437220450515156,4.204308374381451,0.34564000000000017,25.123185067873983
2024-11-04 17:50:57,4.204091506319434,0.345,24.2430730354219,4.204295230862557,0.3456000000000002,25.093532244405683
2024-11-04 17:50:57,4.204091506319434,0.345,24.9947353287605,4.204301802621987,0.3455600000000001,25.108565490272458
2024-11-04 17:50:57,4.2039272123336575,0.345,24.9947353287605,4.204282087343662,0.34552000000000016,25.09394591267094
2024-11-04 17:50:57,4.204420094291815,0.345,26.437220450515156,4.204288659103115,0.34548000000000006,25.10817603750451
2024-11-04 17:50:58,4.204091506319434,0.345,26.437220450515156,4.20426237206528,0.34544000000000014,25.122406162338084
2024-11-04 17:50:58,4.2042558003054875,0.345,27.13035904417916,4.20426237206528,0.34540000000000004,25.15049905904493
2024-11-04 17:50:58,4.2042558003054875,0.345,24.9947353287605,4.204268943824722,0.34536000000000017,25.135879481443407
2024-11-04 17:50:58,4.204091506319434,0.345,24.9947353287605,4.20426237206528,0.3453200000000002,25.12125990384189
2024-11-04 17:50:59,4.204091506319434,0.345,25.72571420883662,4.204242656786921,0.3452800000000002,25.135879481443407
2024-11-04 17:50:59,4.2042558003054875,0.345,24.9947353287605,4.204262372065214,0.34524000000000016,25.150912727310182
2024-11-04 17:50:59,4.2039272123336575,0.345,27.13035904417916,4.204249228546342,0.3452000000000002,25.15091272731019
2024-11-04 17:50:59,4.204091506319434,0.345,24.9947353287605,4.204249228546342,0.3451600000000002,25.165945973176953
2024-11-04 17:51:00,4.204748682265299,0.345,25.72571420883662,4.204255800305815,0.3451600000000002,25.180565550778482
2024-11-04 17:51:00,4.203762918348157,0.345,25.72571420883662,4.204216369749131,0.3451600000000002,25.166335425944897
2024-11-04 17:51:00,4.204091506319434,0.345,25.72571420883662,4.20421636974913,0.3451600000000002,25.180955003546423
2024-11-04 17:51:00,4.204420094291815,0.345,26.437220450515156,4.20421636974913,0.3451600000000002,25.19518512838
2024-11-04 17:51:01,4.204420094291815,0.345,25.72571420883662,4.204229513268025,0.34516000000000013,25.224837951848286
2024-11-04 17:51:01,4.204091506319434,0.344,24.2430730354219,4.204222941508583,0.3450800000000002,25.20980470598152
2024-11-04 17:51:01,4.204584388278419,0.344,23.469396624933097,4.2042360850275005,0.3450000000000003,25.209804705981515
2024-11-04 17:51:01,4.2042558003054875,0.344,24.2430730354219,4.204222941508583,0.3449200000000003,25.180151882513222
2024-11-04 17:51:02,4.204091506319434,0.344,25.72571420883662,4.204209797989687,0.34484000000000015,25.209804705981515
2024-11-04 17:51:02,4.2042558003054875,0.344,25.72571420883662,4.204229513267981,0.3448000000000001,25.254931057659586
2024-11-04 17:51:02,4.204420094291815,0.345,25.72571420883662,4.204236085027433,0.3448,25.316000564772256
2024-11-04 17:51:02,4.204584388278419,0.345,23.469396624933097,4.204229513267959,0.3447999999999999,25.242781316387333
2024-11-04 17:51:03,4.204584388278419,0.345,25.72571420883662,4.204236085027423,0.3447999999999999,25.257400893988862
2024-11-04 17:51:03,4.2042558003054875,0.344,26.437220450515156,4.204242656786866,0.34476,25.271631018822436
2024-11-04 17:51:03,4.204420094291815,0.344,24.2430730354219,4.204255800305761,0.34472,25.22774807052057
2024-11-04 17:51:03,4.204420094291815,0.344,23.469396624933097,4.2042755155840865,0.34468,25.168391594008927
2024-11-04 17:51:04,4.204420094291815,0.344,25.72571420883662,4.2042755155840865,0.3446399999999999,25.183011171610453
2024-11-04 17:51:04,4.204091506319434,0.344,24.9947353287605,4.204275515584087,0.34459999999999985,25.183011171610445
2024-11-04 17:51:04,4.2042558003054875,0.344,24.9947353287605,4.204275515584086,0.34455999999999987,25.213517945687
2024-11-04 17:51:04,4.204420094291815,0.344,24.9947353287605,4.20428208734354,0.34451999999999994,25.19889836808548
2024-11-04 17:51:05,4.204748682265299,0.344,24.9947353287605,4.204308374381373,0.34447999999999995,25.213931613952244
2024-11-04 17:51:05,4.204420094291815,0.344,25.72571420883662,4.204321517900268,0.34443999999999997,25.25905796563031
2024-11-04 17:51:05,4.203762918348157,0.344,24.9947353287605,4.204301802621975,0.3444,25.259057965630312
2024-11-04 17:51:05,4.2042558003054875,0.344,24.2430730354219,4.204314946140849,0.34435999999999994,25.21517501732845
2024-11-04 17:51:06,4.2042558003054875,0.344,25.72571420883662,4.204321517900292,0.3443199999999999,25.24482784079674
2024-11-04 17:51:06,4.2042558003054875,0.344,24.9947353287605,4.2043018026219,0.3442799999999998,25.275334614873287
2024-11-04 17:51:06,4.2042558003054875,0.344,23.469396624933097,4.204321517900192,0.34423999999999977,25.23020826319522
2024-11-04 17:51:06,4.204420094291815,0.344,24.2430730354219,4.204334661419087,0.3441999999999998,25.230208263195212
2024-11-04 17:51:07,4.204748682265299,0.344,23.469396624933097,4.204347804938027,0.3441599999999998,25.185081911517155
2024-11-04 17:51:07,4.2042558003054875,0.343,23.469396624933097,4.204341233178573,0.3440799999999998,25.154575137440602
2024-11-04 17:51:07,4.2042558003054875,0.343,24.9947353287605,4.204347804938015,0.34403999999999973,25.13995555983908
2024-11-04 17:51:07,4.204584388278419,0.343,24.9947353287605,4.204347804938015,0.34399999999999986,25.125335982237562
2024-11-04 17:51:08,4.204584388278419,0.343,24.2430730354219,4.204360948456933,0.3439599999999999,25.110302736370787
2024-11-04 17:51:08,4.204091506319434,0.343,27.13035904417916,4.204360948456933,0.3439199999999999,25.153015210679165
2024-11-04 17:51:08,4.204584388278419,0.343,26.437220450515156,4.204374091975851,0.3438799999999999,25.167245335512735
2024-11-04 17:51:08,4.204091506319434,0.343,24.9947353287605,4.204360948456956,0.3437999999999999,25.197752109589278
2024-11-04 17:51:09,4.2042558003054875,0.343,26.437220450515156,4.204347804938039,0.3437199999999999,25.211982234422848
2024-11-04 17:51:09,4.204091506319434,0.343,25.72571420883662,4.20432808965968,0.34363999999999995,25.197752109589274
2024-11-04 17:51:09,4.204420094291815,0.343,24.2430730354219,4.204334661419132,0.3436,25.197752109589278
2024-11-04 17:51:09,4.204584388278419,0.343,25.72571420883662,4.204341233178597,0.34356000000000003,25.2123716871908
2024-11-04 17:51:10,4.204091506319434,0.343,25.72571420883662,4.204328089659702,0.34352000000000005,25.22699126479232
2024-11-04 17:51:10,4.204748682265299,0.344,27.80614130216054,4.204341233178641,0.3435200000000001,25.254369681825228
2024-11-04 17:51:10,4.204420094291815,0.344,24.2430730354219,4.204354376697537,0.3435200000000001,25.21048673352336
2024-11-04 17:51:10,4.2042558003054875,0.343,21.000806169342923,4.204354376697535,0.34348000000000006,25.08789567602664
2024-11-04 17:51:11,4.204091506319434,0.343,24.9947353287605,4.20434123317864,0.34344,25.087895676026648
2024-11-04 17:51:11,4.204420094291815,0.343,21.84997632024192,4.2043280896597,0.3434,25.025000495856272
2024-11-04 17:51:11,4.204584388278419,0.343,26.437220450515156,4.204334661419165,0.34336,25.039230620689843
2024-11-04 17:51:11,4.204420094291815,0.343,24.2430730354219,4.204360948456911,0.34331999999999996,25.024197374823064
2024-11-04 17:51:12,4.2042558003054875,0.343,26.437220450515156,4.204360948456911,0.34328,25.01033460294978
2024-11-04 17:51:12,4.2035986243629315,0.343,24.9947353287605,4.2043346614192085,0.34324,25.010334602949783
2024-11-04 17:51:12,4.204420094291815,0.343,24.9947353287605,4.204341233178662,0.34319999999999995,24.995715025348265
2024-11-04 17:51:12,4.2039272123336575,0.343,25.72571420883662,4.204328089659789,0.34315999999999997,24.995715025348265
2024-11-04 17:51:13,4.2042558003054875,0.343,25.72571420883662,4.204321517900337,0.34312,24.995715025348265
2024-11-04 17:51:13,4.204420094291815,0.343,24.2430730354219,4.204308374381397,0.34308,24.951832077046397
2024-11-04 17:51:13,4.204420094291815,0.343,24.2430730354219,4.20431494614085,0.34308,24.922179253578108
2024-11-04 17:51:13,4.204420094291815,0.343,24.9947353287605,4.204321517900303,0.34308,24.937212499444872
2024-11-04 17:51:14,4.204420094291815,0.343,24.2430730354219,4.204314946140839,0.34308000000000005,24.952686027654654
2024-11-04 17:51:14,4.204420094291815,0.343,24.9947353287605,4.204308374381375,0.34308000000000005,24.96771927352142
2024-11-04 17:51:14,4.204912976252455,0.343,25.72571420883662,4.204341233178695,0.34308000000000005,24.967719273521425
2024-11-04 17:51:14,4.204584388278419,0.343,25.72571420883662,4.2043412331786945,0.34308000000000005,24.967719273521425
2024-11-04 17:51:15,4.204420094291815,0.343,27.80614130216054,4.20435437669759,0.34308,25.009327815387906
2024-11-04 17:51:15,4.204748682265299,0.343,25.72571420883662,4.204374091975982,0.34308,25.054454167065977
2024-11-04 17:51:15,4.204912976252455,0.343,24.9947353287605,4.204406950773302,0.34308,25.039834589464448
2024-11-04 17:51:15,4.204420094291815,0.343,26.437220450515156,4.204406950773303,0.34308,25.039834589464444
2024-11-04 17:51:16,4.204912976252455,0.343,24.2430730354219,4.2044200942922645,0.34308,25.039834589464448
2024-11-04 17:51:16,4.205077270239886,0.343,26.437220450515156,4.204459524849082,0.34308,25.099191065976083
2024-11-04 17:51:16,4.198505510957618,0.343,26.437220450515156,4.204209797996777,0.34304,25.11342119080966
2024-11-04 17:51:16,4.204584388278419,0.312,24.9947353287605,4.204216369756241,0.34176000000000006,25.113421190809664
2024-11-04 17:51:17,4.204584388278419,0.312,24.9947353287605,4.204229513275159,0.34052000000000004,25.11342119080966
2024-11-04 17:51:17,4.198998392888499,0.312,25.72571420883662,4.204025788737923,0.33928,25.128040768411182
2024-11-04 17:51:17,4.198998392888499,0.343,27.13035904417916,4.203808920681791,0.33927999999999997,25.170753242719552
2024-11-04 17:51:17,4.198341216981209,0.343,24.9947353287605,4.2035591938299035,0.33927999999999997,25.15613366511804
2024-11-04 17:51:18,4.198834098911264,0.312,24.9947353287605,4.203335754014682,0.33804,25.156133665118038
2024-11-04 17:51:18,4.198834098911264,0.312,25.72571420883662,4.203118885958914,0.3368,25.185786488586338
2024-11-04 17:51:18,4.199326980843797,0.312,27.80614130216054,4.202948020218149,0.33555999999999997,25.22739503045282
2024-11-04 17:51:18,4.198998392888499,0.312,24.9947353287605,4.202731152162017,0.33431999999999995,25.22739503045281
2024-11-04 17:51:19,4.198834098911264,0.312,26.437220450515156,4.202527427625121,0.33307999999999993,25.286751506964457
2024-11-04 17:51:19,4.198834098911264,0.312,24.2430730354219,4.202310559569352,0.33183999999999986,25.28675150696445
2024-11-04 17:51:19,4.198176923005075,0.312,24.9947353287605,4.202060832717882,0.3305999999999998,25.317258281041003
2024-11-04 17:51:19,4.198505510957618,0.312,26.437220450515156,4.201824249384514,0.32935999999999976,25.376614757552645
2024-11-04 17:51:20,4.198669804934304,0.312,24.2430730354219,4.2015942378102125,0.32811999999999975,25.361581511685877
2024-11-04 17:51:20,4.199162686866011,0.312,25.72571420883662,4.20138394151318,0.32687999999999984,25.376201089287395
2024-11-04 17:51:20,4.198505510957618,0.312,24.9947353287605,4.201147358179812,0.32563999999999976,25.391234335154174
2024-11-04 17:51:20,4.198834098911264,0.312,24.9947353287605,4.200904203086164,0.32439999999999974,25.348521860845793
2024-11-04 17:51:21,4.198998392888499,0.312,24.9947353287605,4.200680763270567,0.3231599999999997,25.319672158410707
2024-11-04 17:51:21,4.198998392888499,0.312,25.72571420883662,4.200463895214435,0.32191999999999976,25.33429173601223
2024-11-04 17:51:21,4.198505510957618,0.312,24.2430730354219,4.200214168362127,0.32067999999999974,25.290408787710362
2024-11-04 17:51:21,4.198834098911264,0.312,25.72571420883662,4.19997101326848,0.3194399999999997,25.29040878771036
2024-11-04 17:51:22,4.198341216981209,0.312,27.80614130216054,4.199727858176057,0.3181999999999997,25.361670153045132
2024-11-04 17:51:22,4.198341216981209,0.312,27.13035904417916,4.199464987805207,0.31695999999999974,25.389763049751977
2024-11-04 17:51:22,4.198834098911264,0.312,24.9947353287605,4.199215260952062,0.3157199999999998,25.37514347215046
2024-11-04 17:51:22,4.198998392888499,0.312,26.437220450515156,4.199234976229299,0.31447999999999976,25.34776505511754
2024-11-04 17:51:23,4.199162686866011,0.312,24.9947353287605,4.199018108172801,0.31447999999999976,25.362798300984327
2024-11-04 17:51:23,4.198176923005075,0.312,25.72571420883662,4.198761809561867,0.31447999999999976,25.457296461774195
2024-11-04 17:51:23,4.198012629029216,0.312,25.72571420883662,4.198722379007495,0.31447999999999976,25.47191603937572
2024-11-04 17:51:23,4.198505510957618,0.312,26.437220450515156,4.19870266373026,0.31323999999999974,25.56366092198118
2024-11-04 17:51:24,4.198669804934304,0.311,24.2430730354219,4.198715807248383,0.3119599999999998,25.519777973679314
2024-11-04 17:51:24,4.198998392888499,0.311,26.437220450515156,4.198722379007473,0.3119199999999998,25.56366092198118
2024-11-04 17:51:24,4.198669804934304,0.312,25.72571420883662,4.198715807248393,0.3119199999999998,25.549430797147608
2024-11-04 17:51:24,4.198834098911264,0.312,25.72571420883662,4.198696091971092,0.3119199999999998,25.56405037474913
2024-11-04 17:51:25,4.198669804934304,0.312,25.72571420883662,4.198682948452923,0.3119199999999998,25.578669952350648
2024-11-04 17:51:25,4.198669804934304,0.312,23.469396624933097,4.198676376693844,0.3119199999999998,25.53354360067258
2024-11-04 17:51:25,4.198834098911264,0.312,27.13035904417916,4.198676376693845,0.3119199999999998,25.56163649737942
2024-11-04 17:51:25,4.198834098911264,0.312,27.13035904417916,4.198702663730094,0.3119199999999998,25.61938221755457
2024-11-04 17:51:26,4.199326980843797,0.312,26.437220450515156,4.198735522525541,0.3119199999999998,25.663265165856437
2024-11-04 17:51:26,4.198998392888499,0.312,23.469396624933097,4.198748666043709,0.3119199999999998,25.632758391779884
2024-11-04 17:51:26,4.198834098911264,0.312,21.84997632024192,4.19873552252552,0.3119199999999998,25.58489645747629
2024-11-04 17:51:26,4.198669804934304,0.312,26.437220450515156,4.198742094284587,0.3119199999999998,25.61374615991138
2024-11-04 17:51:27,4.198505510957618,0.312,23.469396624933097,4.198728950766441,0.3119199999999998,25.568619808233322
2024-11-04 17:51:27,4.198669804934304,0.312,25.72571420883662,4.198715807248273,0.31191999999999975,25.568619808233315
2024-11-04 17:51:27,4.198834098911264,0.312,25.72571420883662,4.198709235489184,0.3119199999999997,25.527011266366845
2024-11-04 17:51:27,4.198505510957618,0.312,25.72571420883662,4.198709235489184,0.3119199999999997,25.527011266366834
2024-11-04 17:51:28,4.198998392888499,0.311,26.437220450515156,4.1987158072482735,0.3118799999999997,25.555860968801934
2024-11-04 17:51:28,4.198341216981209,0.311,24.9947353287605,4.1987158072482735,0.3118399999999998,25.52701126636684
2024-11-04 17:51:28,4.198834098911264,0.311,24.9947353287605,4.198735522525475,0.3117999999999998,25.542044512233616
2024-11-04 17:51:28,4.198669804934304,0.311,26.437220450515156,4.198728950766396,0.3117599999999998,25.542044512233616
2024-11-04 17:51:29,4.198834098911264,0.311,23.469396624933097,4.198722379007307,0.3117199999999999,25.48268803572197
2024-11-04 17:51:29,4.198669804934304,0.312,26.437220450515156,4.198702663730039,0.3117199999999999,25.511537738157067
2024-11-04 17:51:29,4.198834098911264,0.312,27.13035904417916,4.198728950766287,0.3117199999999999,25.554250212465437
2024-11-04 17:51:29,4.198012629029216,0.312,25.72571420883662,4.198728950766287,0.3117199999999999,25.55425021246544
2024-11-04 17:51:30,4.198669804934304,0.312,24.9947353287605,4.198735522525354,0.3117199999999999,25.51153773815707
2024-11-04 17:51:30,4.198669804934304,0.312,27.13035904417916,4.198735522525353,0.31175999999999987,25.55425021246544
2024-11-04 17:51:30,4.198505510957618,0.312,26.437220450515156,4.198715807248118,0.31179999999999986,25.58309991490053
2024-11-04 17:51:30,4.198176923005075,0.312,25.72571420883662,4.198696091970947,0.31179999999999986,25.58309991490053
2024-11-04 17:51:31,4.198176923005075,0.311,24.9947353287605,4.198669804934699,0.31175999999999987,25.52687179543253
2024-11-04 17:51:31,4.198669804934304,0.311,24.9947353287605,4.198669804934699,0.3117199999999999,25.526871795432534
2024-11-04 17:51:31,4.198341216981209,0.311,26.437220450515156,4.1986566614165755,0.31167999999999985,25.526871795432534
2024-11-04 17:51:31,4.198505510957618,0.311,25.72571420883662,4.19864351789843,0.31163999999999986,25.55652461890082
2024-11-04 17:51:32,4.198669804934304,0.311,27.13035904417916,4.1986369461393505,0.3115999999999998,25.599237093209197
2024-11-04 17:51:32,4.198834098911264,0.311,25.72571420883662,4.198617230862051,0.31155999999999984,25.585006968375627
2024-11-04 17:51:32,4.198669804934304,0.311,24.2430730354219,4.198604087343882,0.31151999999999985,25.585006968375634
2024-11-04 17:51:32,4.198998392888499,0.311,24.2430730354219,4.198610659102972,0.31147999999999987,25.555354144907334
2024-11-04 17:51:33,4.198505510957618,0.311,24.9947353287605,4.198604087343906,0.31143999999999994,25.555354144907337
2024-11-04 17:51:33,4.198012629029216,0.311,24.9947353287605,4.19858437206677,0.31139999999999995,25.555354144907334
2024-11-04 17:51:33,4.198505510957618,0.311,24.2430730354219,4.198577800307704,0.31135999999999997,25.540320899040566
2024-11-04 17:51:33,4.198341216981209,0.311,22.672238853203226,4.198558085030502,0.31132000000000004,25.4792513919279
2024-11-04 17:51:34,4.198669804934304,0.311,23.469396624933097,4.198564656789569,0.31128000000000006,25.463777863718118
2024-11-04 17:51:34,4.198505510957618,0.311,23.469396624933097,4.198544941512333,0.31128,25.41865151204005
2024-11-04 17:51:34,4.198998392888499,0.311,26.437220450515156,4.198571228548626,0.31128,25.391273095007147
2024-11-04 17:51:34,4.198669804934304,0.311,28.465495270963004,4.1985646567895465,0.31128,25.417975819542818
2024-11-04 17:51:35,4.198998392888499,0.311,25.72571420883662,4.1985778003077145,0.31127999999999995,25.432595397144333
2024-11-04 17:51:35,4.198505510957618,0.311,23.469396624933097,4.198564656789569,0.31127999999999995,25.373238920632698
2024-11-04 17:51:35,4.198834098911264,0.311,27.80614130216054,4.198571228548648,0.31123999999999996,25.429467040100693
2024-11-04 17:51:35,4.198505510957618,0.311,24.9947353287605,4.198558085030502,0.3112,25.414847462499175
2024-11-04 17:51:36,4.198834098911264,0.311,27.13035904417916,4.198590943825784,0.31115999999999994,25.442940359206027
2024-11-04 17:51:36,4.198834098911264,0.311,26.437220450515156,4.198597515584862,0.31112,25.442940359206023
2024-11-04 17:51:36,4.198669804934304,0.311,26.437220450515156,4.198597515584862,0.31107999999999997,25.486823307507894
2024-11-04 17:51:36,4.198669804934304,0.311,21.84997632024192,4.198604087343929,0.31104,25.395078424902426
2024-11-04 17:51:37,4.198341216981209,0.31,24.9947353287605,4.198610659102975,0.31096,25.380458847300908
2024-11-04 17:51:37,4.198669804934304,0.31,26.437220450515156,4.198630374380143,0.31092000000000003,25.39468897213448
2024-11-04 17:51:37,4.198998392888499,0.311,24.2430730354219,4.1986435178983115,0.31092000000000003,25.365036148666192
2024-11-04 17:51:37,4.198998392888499,0.311,25.72571420883662,4.198669804934602,0.31092000000000003,25.410162500344267
2024-11-04 17:51:38,4.198834098911264,0.311,24.2430730354219,4.198682948452748,0.31092000000000003,25.35241678016912
2024-11-04 17:51:38,4.198505510957618,0.31,24.9947353287605,4.1986763766936805,0.31088000000000005,25.309704305860752
2024-11-04 17:51:38,4.198834098911264,0.31,25.72571420883662,4.1986763766936805,0.31084000000000006,25.295474181027167
2024-11-04 17:51:38,4.198505510957618,0.31,25.72571420883662,4.198669804934614,0.3108000000000001,25.34060053270524
2024-11-04 17:51:39,4.198176923005075,0.31,26.437220450515156,4.198636946139277,0.3107600000000001,25.432345415310703
2024-11-04 17:51:39,4.198505510957618,0.31,24.9947353287605,4.198636946139278,0.3107200000000001,25.403495712875614
2024-11-04 17:51:39,4.198505510957618,0.31,24.2430730354219,4.198656661416414,0.3106800000000002,25.41896924108539
2024-11-04 17:51:39,4.198669804934304,0.31,24.9947353287605,4.1986632331754805,0.3106400000000002,25.40434966348386
2024-11-04 17:51:40,4.198012629029216,0.31,24.2430730354219,4.1986500896574,0.31060000000000015,25.374696840015567
2024-11-04 17:51:40,4.198505510957618,0.31,24.2430730354219,4.198643517898334,0.31056000000000017,25.345044016547277
2024-11-04 17:51:40,4.198176923005075,0.309,25.72571420883662,4.1986303743802305,0.31048000000000014,25.330813891713706
2024-11-04 17:51:40,4.198176923005075,0.309,24.2430730354219,4.1985975155848925,0.3104000000000001,25.31578064584693
2024-11-04 17:51:41,4.198505510957618,0.31,25.72571420883662,4.198590943825826,0.31036000000000014,25.33040022344846
2024-11-04 17:51:41,4.198176923005075,0.31,24.9947353287605,4.198558085030488,0.3103200000000001,25.301550521013365
2024-11-04 17:51:41,4.198505510957618,0.309,23.469396624933097,4.1985580850304896,0.31024000000000007,25.30155052101336
2024-11-04 17:51:41,4.198834098911264,0.309,24.2430730354219,4.198558085030489,0.31016,25.257667572711494
2024-11-04 17:51:42,4.198505510957618,0.309,25.72571420883662,4.1985580850304896,0.31007999999999997,25.22957467600465
2024-11-04 17:51:42,4.198669804934304,0.309,25.72571420883662,4.19855151327141,0.30999999999999983,25.229574676004642
2024-11-04 17:51:42,4.198669804934304,0.309,27.13035904417916,4.198544941512331,0.3099199999999998,25.27228715031302
2024-11-04 17:51:42,4.198176923005075,0.309,27.13035904417916,4.198525226235162,0.3098399999999997,25.272287150313012
2024-11-04 17:51:43,4.198341216981209,0.309,28.465495270963004,4.1985120827170395,0.3097599999999997,25.312852646721968
2024-11-04 17:51:43,4.198669804934304,0.309,23.469396624933097,4.198525226235163,0.30971999999999966,25.2677262950439
2024-11-04 17:51:43,4.198505510957618,0.309,24.9947353287605,4.1985186544760955,0.3096799999999996,25.267726295043893
2024-11-04 17:51:43,4.198341216981209,0.309,27.13035904417916,4.198492367439805,0.3095999999999997,25.310438769352274
2024-11-04 17:51:44,4.198669804934304,0.309,25.72571420883662,4.198479223921637,0.3095199999999997,25.2962086445187
2024-11-04 17:51:44,4.198341216981209,0.309,25.72571420883662,4.198459508644434,0.3094399999999996,25.296208644518693
2024-11-04 17:51:44,4.198176923005075,0.309,24.9947353287605,4.1984463651263315,0.3093999999999996,25.253496170210322
2024-11-04 17:51:44,4.198669804934304,0.309,25.72571420883662,4.198439793367253,0.30935999999999964,25.25349617021033
2024-11-04 17:51:45,4.199162686866011,0.309,25.72571420883662,4.1984660804035885,0.30931999999999965,25.283148993678616
2024-11-04 17:51:45,4.198669804934304,0.309,26.437220450515156,4.1984857956807575,0.30927999999999967,25.327031941980486
2024-11-04 17:51:45,4.198834098911264,0.309,24.2430730354219,4.198498939198903,0.3092399999999997,25.31199869611372
2024-11-04 17:51:45,4.198505510957618,0.309,24.9947353287605,4.198498939198903,0.3091999999999997,25.311998696113715
2024-11-04 17:51:46,4.198505510957618,0.309,24.2430730354219,4.198492367439837,0.30915999999999966,25.31199869611372
2024-11-04 17:51:46,4.198341216981209,0.309,25.72571420883662,4.198505510957916,0.30911999999999973,25.373068203226385
2024-11-04 17:51:46,4.198341216981209,0.309,24.2430730354219,4.19849893919886,0.3090799999999997,25.388541731436167
2024-11-04 17:51:46,4.198176923005075,0.309,24.2430730354219,4.19849893919886,0.3090799999999997,25.404015259645938
2024-11-04 17:51:47,4.198505510957618,0.309,25.72571420883662,4.198512082716962,0.3090799999999997,25.389785134812364
2024-11-04 17:51:47,4.198505510957618,0.309,25.72571420883662,4.198512082716963,0.3090399999999997,25.334989513569834
2024-11-04 17:51:47,4.198176923005075,0.309,27.80614130216054,4.198512082716963,0.3089999999999997,25.376598055436315
2024-11-04 17:51:47,4.198341216981209,0.309,25.72571420883662,4.198505510957907,0.3089999999999997,25.42172440711438
2024-11-04 17:51:48,4.198176923005075,0.309,24.9947353287605,4.198479223921659,0.3089999999999997,25.36549628764638
2024-11-04 17:51:48,4.198341216981209,0.309,25.72571420883662,4.198472652162602,0.3089999999999997,25.38011586524791
2024-11-04 17:51:48,4.198834098911264,0.309,24.9947353287605,4.198479223921681,0.3089999999999997,25.33740339093953
2024-11-04 17:51:48,4.198505510957618,0.309,24.2430730354219,4.198472652162613,0.3089999999999997,25.293520442637664
2024-11-04 17:51:49,4.198505510957618,0.309,26.437220450515156,4.198485795680715,0.3089999999999997,25.29352044263767
2024-11-04 17:51:49,4.198176923005075,0.309,26.437220450515156,4.1984792239216695,0.3089999999999997,25.385265325243136
2024-11-04 17:51:49,4.199162686866011,0.309,25.72571420883662,4.198498939198938,0.3089999999999997,25.39988490284466
2024-11-04 17:51:49,4.198669804934304,0.309,25.72571420883662,4.198505510958005,0.3089999999999997,25.385654778011084
2024-11-04 17:51:50,4.198669804934304,0.309,23.469396624933097,4.198518654476128,0.3089999999999997,25.370181249801313
2024-11-04 17:51:50,4.198669804934304,0.309,24.9947353287605,4.198518654476128,0.3089999999999997,25.355561672199784
2024-11-04 17:51:50,4.198669804934304,0.308,27.13035904417916,4.198531797994252,0.30895999999999973,25.413307392374932
2024-11-04 17:51:50,4.198505510957618,0.308,24.2430730354219,4.1985449415123535,0.30891999999999975,25.398274146508165
2024-11-04 17:51:51,4.198505510957618,0.308,26.437220450515156,4.198538369753286,0.30887999999999977,25.41250427134173
2024-11-04 17:51:51,4.198012629029216,0.309,24.9947353287605,4.198492367439814,0.30887999999999977,25.39788469374021
2024-11-04 17:51:51,4.198669804934304,0.309,25.72571420883662,4.198492367439814,0.30887999999999977,25.38365456890664
2024-11-04 17:51:51,4.198176923005075,0.309,27.13035904417916,4.198466080403566,0.30887999999999977,25.42636704321502
2024-11-04 17:51:52,4.198669804934304,0.309,24.2430730354219,4.198472652162633,0.30887999999999977,25.426367043215024
2024-11-04 17:51:52,4.198176923005075,0.309,25.72571420883662,4.198459508644531,0.30887999999999977,25.44098662081654
2024-11-04 17:51:52,4.198341216981209,0.309,24.2430730354219,4.1984595086445315,0.30887999999999977,25.440986620816542
2024-11-04 17:51:52,4.199162686866011,0.308,26.437220450515156,4.198492367439923,0.3088399999999998,25.484869569118402
2024-11-04 17:51:53,4.198012629029216,0.308,25.72571420883662,4.198485795680889,0.3087999999999998,25.484869569118402
2024-11-04 17:51:53,4.198176923005075,0.308,27.13035904417916,4.198472652162787,0.3087599999999998,25.54261528929355
2024-11-04 17:51:53,4.199162686866011,0.309,25.72571420883662,4.198498939199121,0.3087599999999998,25.542615289293543
2024-11-04 17:51:53,4.198505510957618,0.309,24.9947353287605,4.198512082717224,0.30875999999999976,25.54261528929355
2024-11-04 17:51:54,4.198505510957618,0.309,26.437220450515156,4.198518654476281,0.3087599999999997,25.60197176580518
2024-11-04 17:51:54,4.198505510957618,0.309,25.72571420883662,4.198531797994384,0.3087599999999997,25.63162458927348
2024-11-04 17:51:54,4.198505510957618,0.309,24.2430730354219,4.198538369753441,0.3087599999999997,25.60197176580519
2024-11-04 17:51:54,4.198669804934304,0.309,26.437220450515156,4.198531797994363,0.3087599999999997,25.61620189063875
2024-11-04 17:51:55,4.198505510957618,0.309,26.437220450515156,4.198531797994364,0.3087599999999997,25.602339118765475
2024-11-04 17:51:55,4.198505510957618,0.308,27.13035904417916,4.198531797994364,0.3087199999999998,25.60233911876547
2024-11-04 17:51:55,4.198998392888499,0.308,27.13035904417916,4.198564656789701,0.3086799999999998,25.575636394229797
2024-11-04 17:51:55,4.198669804934304,0.308,23.469396624933097,4.198544941512433,0.3086399999999998,25.5756363942298
2024-11-04 17:51:56,4.198341216981209,0.308,27.13035904417916,4.19853179799431,0.30859999999999976,25.618348868538177
2024-11-04 17:51:56,4.198505510957618,0.308,24.9947353287605,4.198525226235243,0.3085599999999998,25.5756363942298
2024-11-04 17:51:56,4.198176923005075,0.308,25.72571420883662,4.198505510958072,0.3085199999999998,25.575636394229804
2024-11-04 17:51:56,4.198505510957618,0.308,26.437220450515156,4.1984989391990055,0.30851999999999985,25.58986651906337
2024-11-04 17:51:57,4.198834098911264,0.308,24.9947353287605,4.198512082717151,0.30851999999999985,25.589866519063374
2024-11-04 17:51:57,4.198834098911264,0.308,26.437220450515156,4.198525226235297,0.30851999999999985,25.604096643896938
2024-11-04 17:51:57,4.197684041078324,0.308,24.2430730354219,4.1985120827172615,0.30847999999999987,25.574443820428645
2024-11-04 17:51:57,4.198669804934304,0.308,27.13035904417916,4.198512082717261,0.3084399999999999,25.588306592301922
2024-11-04 17:51:58,4.198341216981209,0.308,26.437220450515156,4.198518654476306,0.30839999999999995,25.632189540603793
2024-11-04 17:51:58,4.198176923005075,0.308,25.72571420883662,4.198498939199136,0.30835999999999997,25.64680911820531
2024-11-04 17:51:58,4.198341216981209,0.308,22.672238853203226,4.1985055109581815,0.3083199999999999,25.615392434560942
2024-11-04 17:51:58,4.198176923005075,0.308,24.9947353287605,4.198498939199135,0.30827999999999994,25.60077285695942
2024-11-04 17:51:59,4.198669804934304,0.308,25.72571420883662,4.198479223921868,0.30827999999999994,25.630425680427706
2024-11-04 17:51:59,4.198505510957618,0.308,26.437220450515156,4.198498939199004,0.30827999999999994,25.674308628729577
2024-11-04 17:51:59,4.198341216981209,0.308,25.72571420883662,4.198505510958048,0.3082799999999999,25.674308628729577
2024-11-04 17:51:59,4.198669804934304,0.308,25.72571420883662,4.19848579568078,0.3082399999999999,25.674308628729577
2024-11-04 17:52:00,4.198341216981209,0.308,24.2430730354219,4.198479223921724,0.3081999999999999,25.603047263394796
2024-11-04 17:52:00,4.198669804934304,0.308,25.72571420883662,4.19848579568079,0.3081599999999999,25.6030472633948
2024-11-04 17:52:00,4.198341216981209,0.308,21.000806169342923,4.198479223921734,0.3081199999999999,25.523168680206446
2024-11-04 17:52:00,4.198341216981209,0.308,26.437220450515156,4.198472652162679,0.30807999999999985,25.53739880504003
2024-11-04 17:52:01,4.198341216981209,0.308,25.72571420883662,4.1984595086445555,0.30803999999999987,25.552018382641545
2024-11-04 17:52:01,4.1978483350536315,0.307,24.9947353287605,4.198433221608396,0.3079599999999999,25.56705162850832
2024-11-04 17:52:01,4.198505510957618,0.307,26.437220450515156,4.198433221608396,0.3079199999999999,25.567051628508317
2024-11-04 17:52:01,4.198505510957618,0.307,24.2430730354219,4.198413506331161,0.30787999999999993,25.52316868020645
2024-11-04 17:52:02,4.198505510957618,0.307,25.72571420883662,4.198406934572095,0.30783999999999995,25.523168680206453
2024-11-04 17:52:02,4.199326980843797,0.307,28.465495270963004,4.198446365126599,0.30779999999999996,25.577964301448983
2024-11-04 17:52:02,4.198341216981209,0.307,24.9947353287605,4.198439793367542,0.30776,25.608471075525525
2024-11-04 17:52:02,4.198012629029216,0.307,24.9947353287605,4.198433221608508,0.30772,25.608471075525532
2024-11-04 17:52:03,4.198176923005075,0.306,25.72571420883662,4.198420078090405,0.30763999999999997,25.580378178818673
2024-11-04 17:52:03,4.198341216981209,0.306,24.2430730354219,4.198400362813203,0.30755999999999994,25.580378178818677
2024-11-04 17:52:03,4.198341216981209,0.307,24.9947353287605,4.198380647536001,0.30752,25.55152847638359
2024-11-04 17:52:03,4.198505510957618,0.307,25.72571420883662,4.198413506331173,0.30748000000000003,25.566148053985106
2024-11-04 17:52:04,4.198341216981209,0.307,27.13035904417916,4.198400362813049,0.30744000000000005,25.59424095069196
2024-11-04 17:52:04,4.1978483350536315,0.307,23.469396624933097,4.198380647535946,0.30740000000000006,25.521021702307035
2024-11-04 17:52:04,4.198834098911264,0.307,24.9947353287605,4.198406934572193,0.3073600000000001,25.53605494817381
2024-11-04 17:52:04,4.198834098911264,0.306,27.13035904417916,4.198426649849396,0.30728000000000005,25.56414784488066
2024-11-04 17:52:05,4.198176923005075,0.306,22.672238853203226,4.198426649849395,0.30720000000000003,25.532731161236285
2024-11-04 17:52:05,4.197684041078324,0.307,24.2430730354219,4.198387219295157,0.30716000000000004,25.48884821293443
2024-11-04 17:52:05,4.198834098911264,0.307,24.9947353287605,4.198400362813303,0.30712000000000006,25.474228635332896
2024-11-04 17:52:05,4.198834098911264,0.307,26.437220450515156,4.198420078090505,0.3070800000000001,25.460365863459618
2024-11-04 17:52:06,4.198505510957618,0.307,25.72571420883662,4.198413506331438,0.3070400000000001,25.460365863459618
2024-11-04 17:52:06,4.198176923005075,0.307,22.672238853203226,4.198406934572392,0.30700000000000016,25.413915933948477
2024-11-04 17:52:06,4.198998392888499,0.306,25.72571420883662,4.19842007809056,0.3069200000000001,25.3996858091149
2024-11-04 17:52:06,4.198341216981209,0.306,24.2430730354219,4.19842007809056,0.30684000000000006,25.370032985646617
2024-11-04 17:52:07,4.198669804934304,0.306,27.13035904417916,4.198433221608683,0.30676,25.427778705821755
2024-11-04 17:52:07,4.198669804934304,0.307,22.672238853203226,4.198446365126806,0.30672,25.352479073875525
2024-11-04 17:52:07,4.198341216981209,0.307,24.2430730354219,4.19846608040391,0.30672,25.30859612557365
2024-11-04 17:52:07,4.198834098911264,0.307,24.2430730354219,4.198479223922056,0.3067200000000001,25.25085040539851
2024-11-04 17:52:08,4.198341216981209,0.307,26.437220450515156,4.198472652163,0.3067200000000001,25.236987633525224
2024-11-04 17:52:08,4.198505510957618,0.307,24.9947353287605,4.198472652163,0.3067200000000001,25.267494407601774
2024-11-04 17:52:08,4.198834098911264,0.307,25.72571420883662,4.198452936885698,0.3067200000000001,25.239401510894922
2024-11-04 17:52:08,4.198341216981209,0.306,26.437220450515156,4.198452936885699,0.30668,25.26825121333002
2024-11-04 17:52:09,4.198834098911264,0.306,25.72571420883662,4.198485795680981,0.30663999999999997,25.268251213330014
2024-11-04 17:52:09,4.198341216981209,0.306,24.2430730354219,4.198492367440027,0.30663999999999997,25.224368265028147
2024-11-04 17:52:09,4.198012629029216,0.306,24.9947353287605,4.1984792239219475,0.30663999999999997,25.22436826502815
2024-11-04 17:52:09,4.198505510957618,0.306,24.9947353287605,4.1984857956810036,0.3066,25.195518562593055
2024-11-04 17:52:10,4.198341216981209,0.306,27.80614130216054,4.1984792239219475,0.30655999999999994,25.266779927927832
2024-11-04 17:52:10,4.198341216981209,0.306,24.2430730354219,4.1984792239219475,0.30651999999999985,25.209034207752694
2024-11-04 17:52:10,4.198341216981209,0.306,24.9947353287605,4.19849893919905,0.3064799999999998,25.180184505317587
2024-11-04 17:52:10,4.198176923005075,0.306,25.72571420883662,4.198472652162802,0.30643999999999977,25.180184505317595
2024-11-04 17:52:11,4.198341216981209,0.306,27.13035904417916,4.198452936885599,0.3064399999999997,25.269346909137116
2024-11-04 17:52:11,4.198669804934304,0.306,24.2430730354219,4.198472652162768,0.3064399999999997,25.25431366327034
2024-11-04 17:52:11,4.198505510957618,0.306,24.9947353287605,4.19850551095794,0.3063999999999997,25.23969408566882
2024-11-04 17:52:11,4.198505510957618,0.306,25.72571420883662,4.198492367439794,0.3063599999999997,25.22546396083525
2024-11-04 17:52:12,4.198176923005075,0.306,23.469396624933097,4.198466080403546,0.30631999999999965,25.18033760915718
2024-11-04 17:52:12,4.198505510957618,0.306,27.80614130216054,4.198466080403546,0.30627999999999966,25.221946151023662
2024-11-04 17:52:12,4.198505510957618,0.306,24.2430730354219,4.198479223921648,0.3062399999999996,25.22194615102366
2024-11-04 17:52:12,4.198669804934304,0.306,24.9947353287605,4.198466080403479,0.3062399999999996,25.207326573422137
2024-11-04 17:52:13,4.198505510957618,0.306,25.72571420883662,4.198472652162536,0.3062399999999996,25.301824734212015
2024-11-04 17:52:13,4.198176923005075,0.306,26.437220450515156,4.198452936885367,0.3062399999999996,25.301824734212015
2024-11-04 17:52:13,4.198341216981209,0.306,23.469396624933097,4.1984397933672435,0.30619999999999964,25.256698382533944
2024-11-04 17:52:13,4.198834098911264,0.306,24.2430730354219,4.198459508644445,0.3061599999999996,25.24166513666717
2024-11-04 17:52:14,4.198834098911264,0.306,24.2430730354219,4.198459508644445,0.3061199999999996,25.197782188365306
2024-11-04 17:52:14,4.198669804934304,0.306,25.72571420883662,4.198472652162568,0.30607999999999963,25.227435011833595
2024-11-04 17:52:14,4.198669804934304,0.306,27.13035904417916,4.198479223921637,0.30603999999999965,25.255527908540447
2024-11-04 17:52:14,4.198669804934304,0.306,24.9947353287605,4.1984726521625575,0.3059999999999996,25.1861127096964
2024-11-04 17:52:15,4.198341216981209,0.306,26.437220450515156,4.1984726521625575,0.3059999999999996,25.21496241213149
2024-11-04 17:52:15,4.198505510957618,0.306,26.437220450515156,4.198459508644412,0.3059999999999996,25.24381211456659
2024-11-04 17:52:15,4.198505510957618,0.306,24.9947353287605,4.198466080403469,0.3059999999999996,25.229192536965062
2024-11-04 17:52:15,4.198505510957618,0.306,24.9947353287605,4.198485795680606,0.3059999999999996,25.244225782831837
2024-11-04 17:52:16,4.198669804934304,0.306,23.469396624933097,4.198492367439672,0.3059999999999996,25.213719008755284
2024-11-04 17:52:16,4.198669804934304,0.306,24.2430730354219,4.198505510957796,0.3059999999999996,25.184066185286994
2024-11-04 17:52:16,4.198834098911264,0.306,24.2430730354219,4.198525226234998,0.3059999999999996,25.126320465111846
2024-11-04 17:52:16,4.198505510957618,0.306,27.13035904417916,4.198531797994055,0.3059999999999996,25.199539713496762
2024-11-04 17:52:17,4.198834098911264,0.306,25.72571420883662,4.198558085030303,0.3059999999999996,25.214159291098284
2024-11-04 17:52:17,4.198834098911264,0.306,25.72571420883662,4.198577800307506,0.3059999999999996,25.18606639439143
2024-11-04 17:52:17,4.198834098911264,0.306,24.9947353287605,4.198584372066584,0.3059999999999996,25.232516323902576
2024-11-04 17:52:17,4.198834098911264,0.306,22.672238853203226,4.19859751558473,0.3059999999999996,25.201099640258207
2024-11-04 17:52:18,4.198998392888499,0.306,25.72571420883662,4.198617230861965,0.3059999999999996,25.215719217859725
2024-11-04 17:52:18,4.198505510957618,0.306,22.672238853203226,4.198630374380067,0.3059999999999996,25.14041958591349
2024-11-04 17:52:18,4.198012629029216,0.306,24.9947353287605,4.198610659102931,0.3059999999999996,25.125800008311963
2024-11-04 17:52:18,4.198669804934304,0.306,28.465495270963004,4.1986172308619985,0.3059999999999996,25.241665136667162
2024-11-04 17:52:19,4.198505510957618,0.306,24.9947353287605,4.198610659102931,0.3059999999999996,25.227045559065633
2024-11-04 17:52:19,4.198176923005075,0.306,26.437220450515156,4.1985975155848285,0.3059999999999996,25.270928507367497
2024-11-04 17:52:19,4.198669804934304,0.306,27.13035904417916,4.198617230861998,0.3059999999999996,25.270928507367504
2024-11-04 17:52:19,4.198834098911264,0.306,25.72571420883662,4.1986369461391995,0.3059999999999996,25.331998014480167
2024-11-04 17:52:20,4.198176923005075,0.306,23.469396624933097,4.19861065910295,0.3059999999999996,25.316524486270396
2024-11-04 17:52:20,4.198998392888499,0.306,26.437220450515156,4.19861723086204,0.3059999999999996,25.360407434572263
2024-11-04 17:52:20,4.198998392888499,0.306,26.437220450515156,4.198630374380208,0.3059999999999996,25.360407434572263
2024-11-04 17:52:20,4.198669804934304,0.306,25.72571420883662,4.198630374380208,0.3059999999999996,25.375027012173778
2024-11-04 17:52:21,4.198998392888499,0.306,22.672238853203226,4.198643517898376,0.3059999999999996,25.313957505061122
2024-11-04 17:52:21,4.199162686866011,0.306,24.9947353287605,4.198676376693768,0.3059999999999996,25.285107802626026
2024-11-04 17:52:21,4.198834098911264,0.306,25.72571420883662,4.198689520211914,0.3059999999999996,25.285107802626026
2024-11-04 17:52:21,4.198834098911264,0.306,24.9947353287605,4.198702663730061,0.3059999999999996,25.30014104849279
2024-11-04 17:52:22,4.198834098911264,0.305,27.80614130216054,4.198715807248207,0.3059599999999996,25.356369167960796
2024-11-04 17:52:22,4.198998392888499,0.305,24.9947353287605,4.198728950766375,0.3059199999999997,25.356369167960793
2024-11-04 17:52:22,4.198669804934304,0.306,24.9947353287605,4.198728950766375,0.3059199999999997,25.30014104849279
2024-11-04 17:52:22,4.198505510957618,0.306,25.72571420883662,4.198715807248229,0.3059199999999997,25.32979387196109
2024-11-04 17:52:23,4.198669804934304,0.306,26.437220450515156,4.198722379007296,0.3059199999999997,25.358643574396183
2024-11-04 17:52:23,4.198669804934304,0.306,24.9947353287605,4.198715807248218,0.3059199999999997,25.34402399679467
2024-11-04 17:52:23,4.198834098911264,0.306,25.72571420883662,4.198715807248218,0.3059199999999997,25.31593110008782
2024-11-04 17:52:23,4.199162686866011,0.306,26.437220450515156,4.198728950766408,0.3059199999999997,25.35981404838968
2024-11-04 17:52:24,4.198341216981209,0.306,25.72571420883662,4.198709235489205,0.3059199999999997,25.374433625991205
2024-11-04 17:52:24,4.199162686866011,0.305,26.437220450515156,4.198715807248305,0.3058799999999997,25.388663750824772
2024-11-04 17:52:24,4.198505510957618,0.305,24.9947353287605,4.198715807248305,0.3058399999999997,25.419170524901325
2024-11-04 17:52:24,4.198669804934304,0.306,24.2430730354219,4.1987420942845075,0.3058399999999997,25.34790915956655
2024-11-04 17:52:25,4.199162686866011,0.306,26.437220450515156,4.198761809561776,0.30583999999999967,25.391792107868415
2024-11-04 17:52:25,4.198669804934304,0.306,25.72571420883662,4.198768381320843,0.30583999999999967,25.40641168546993
2024-11-04 17:52:25,4.198669804934304,0.306,22.672238853203226,4.198788096598011,0.30583999999999967,25.345342178357264
2024-11-04 17:52:25,4.198669804934304,0.306,25.72571420883662,4.198788096598011,0.30583999999999967,25.331112053523693
2024-11-04 17:52:26,4.198834098911264,0.306,24.2430730354219,4.198788096598011,0.30583999999999967,25.346585581733475
2024-11-04 17:52:26,4.198998392888499,0.306,24.2430730354219,4.198820955393349,0.30583999999999967,25.34658558173347
2024-11-04 17:52:26,4.198998392888499,0.306,24.9947353287605,4.198820955393348,0.30583999999999967,25.361618827600246
2024-11-04 17:52:26,4.198834098911264,0.306,25.72571420883662,4.19881438363426,0.30583999999999967,25.361618827600243
2024-11-04 17:52:27,4.198998392888499,0.306,26.437220450515156,4.198827527152428,0.30583999999999967,25.34775605572697
2024-11-04 17:52:27,4.198669804934304,0.306,24.9947353287605,4.19881438363426,0.30583999999999967,25.347756055726965
2024-11-04 17:52:27,4.198834098911264,0.306,24.9947353287605,4.1988012401160715,0.3058399999999996,25.31890635329187
2024-11-04 17:52:27,4.198505510957618,0.306,25.72571420883662,4.198788096597926,0.3058399999999996,25.304676228458302
2024-11-04 17:52:28,4.198834098911264,0.306,25.72571420883662,4.1987880965979265,0.3058399999999996,25.319295806059817
2024-11-04 17:52:28,4.199162686866011,0.306,26.437220450515156,4.198801240116116,0.3058799999999996,25.34814550849491
2024-11-04 17:52:28,4.198669804934304,0.306,25.72571420883662,4.198788096597948,0.3059199999999996,25.39327186017298
2024-11-04 17:52:28,4.198834098911264,0.306,24.9947353287605,4.198794668357027,0.3059199999999996,25.408305106039748
2024-11-04 17:52:29,4.198669804934304,0.305,24.2430730354219,4.198801240116094,0.30587999999999965,25.40830510603975
2024-11-04 17:52:29,4.198669804934304,0.305,23.469396624933097,4.198801240116093,0.30583999999999967,25.335085857654835
2024-11-04 17:52:29,4.199326980843797,0.306,26.437220450515156,4.198827527152472,0.30583999999999967,25.349315982488395
2024-11-04 17:52:29,4.198669804934304,0.306,23.469396624933097,4.198820955393394,0.30583999999999967,25.304189630810328
2024-11-04 17:52:30,4.199162686866011,0.306,25.72571420883662,4.198820955393393,0.30583999999999967,25.31880920841185
2024-11-04 17:52:30,4.198505510957618,0.306,25.72571420883662,4.198827527152449,0.30583999999999967,25.37987871552452
2024-11-04 17:52:30,4.198834098911264,0.306,26.437220450515156,4.19881438363426,0.30587999999999965,25.394108840358093
2024-11-04 17:52:30,4.198998392888499,0.305,24.9947353287605,4.198834098911496,0.3058799999999997,25.440558769869245
2024-11-04 17:52:31,4.198998392888499,0.305,26.437220450515156,4.198847242429664,0.3058399999999997,25.46940847230433
2024-11-04 17:52:31,4.198998392888499,0.306,24.9947353287605,4.198840670670564,0.3058399999999997,25.399993273460282
2024-11-04 17:52:31,4.198834098911264,0.306,25.72571420883662,4.198847242429643,0.3058399999999997,25.41461285106181
2024-11-04 17:52:31,4.198834098911264,0.306,25.72571420883662,4.1988538141887215,0.3058399999999997,25.400382726228237
2024-11-04 17:52:32,4.198834098911264,0.306,24.9947353287605,4.1988603859478,0.30583999999999967,25.357670251919856
2024-11-04 17:52:32,4.198834098911264,0.306,25.72571420883662,4.198860385947801,0.30583999999999967,25.357670251919863
2024-11-04 17:52:32,4.199162686866011,0.305,24.9947353287605,4.198866957706901,0.3057999999999997,25.388177025996416
2024-11-04 17:52:32,4.198505510957618,0.305,23.469396624933097,4.198847242429666,0.3057599999999997,25.32882054948477
2024-11-04 17:52:33,4.198834098911264,0.305,24.9947353287605,4.198847242429666,0.3057199999999997,25.299970847049675
2024-11-04 17:52:33,4.198505510957618,0.305,24.2430730354219,4.198827527152431,0.30567999999999973,25.270318023581385
2024-11-04 17:52:33,4.198998392888499,0.305,25.72571420883662,4.198840670670599,0.30563999999999975,25.331387530694045
2024-11-04 17:52:33,4.198834098911264,0.305,27.13035904417916,4.1988406706706,0.30559999999999976,25.374100005002425
2024-11-04 17:52:34,4.198834098911264,0.305,23.469396624933097,4.1988538141887455,0.3055599999999998,25.328973653324347
2024-11-04 17:52:34,4.198998392888499,0.305,25.72571420883662,4.198860385947835,0.3055199999999998,25.343593230925872
2024-11-04 17:52:34,4.198998392888499,0.305,24.2430730354219,4.198853814188735,0.3054799999999998,25.2723318655911
2024-11-04 17:52:34,4.198669804934304,0.305,26.437220450515156,4.198853814188734,0.3054399999999998,25.301181568026195
2024-11-04 17:52:35,4.198834098911264,0.305,24.2430730354219,4.198853814188734,0.30539999999999984,25.28614832215942
2024-11-04 17:52:35,4.198998392888499,0.305,24.9947353287605,4.198866957706902,0.3053999999999999,25.271528744557898
2024-11-04 17:52:35,4.198176923005075,0.305,25.72571420883662,4.198847242429732,0.3053999999999999,25.257298619724324
2024-11-04 17:52:35,4.198341216981209,0.305,23.469396624933097,4.198807811875228,0.30535999999999985,25.22679184564778
2024-11-04 17:52:36,4.198998392888499,0.305,24.9947353287605,4.198820955393396,0.30531999999999987,25.21217226804626
2024-11-04 17:52:36,4.198669804934304,0.305,25.72571420883662,4.198801240116127,0.30527999999999983,25.197942143212675
2024-11-04 17:52:36,4.198998392888499,0.305,24.9947353287605,4.198820955393362,0.30523999999999984,25.183322565611164
2024-11-04 17:52:36,4.198669804934304,0.305,22.672238853203226,4.198814383634283,0.3051999999999998,25.108022933664923
2024-11-04 17:52:37,4.198834098911264,0.305,25.72571420883662,4.198807811875194,0.3051999999999998,25.12264251126644
2024-11-04 17:52:37,4.198834098911264,0.305,24.9947353287605,4.198801240116105,0.3051999999999998,25.137675757133216
2024-11-04 17:52:37,4.198341216981209,0.305,24.9947353287605,4.1987749530798135,0.3051599999999998,25.10882605469812
2024-11-04 17:52:37,4.199162686866011,0.305,25.72571420883662,4.198788096598003,0.30511999999999984,25.10882605469812
2024-11-04 17:52:38,4.198998392888499,0.305,24.9947353287605,4.198794668357093,0.3050799999999998,25.15527598420927
2024-11-04 17:52:38,4.198834098911264,0.305,25.72571420883662,4.198794668357093,0.3050399999999998,25.155275984209265
2024-11-04 17:52:38,4.198998392888499,0.305,27.13035904417916,4.1988012401161825,0.3049999999999998,25.213021704384413
2024-11-04 17:52:38,4.199162686866011,0.305,24.9947353287605,4.198801240116182,0.3049999999999998,25.228054950251188
2024-11-04 17:52:39,4.198834098911264,0.305,26.437220450515156,4.198814383634328,0.3049999999999998,25.25690465268628
2024-11-04 17:52:39,4.198834098911264,0.305,27.80614130216054,4.198814383634329,0.3049999999999998,25.29851319455276
2024-11-04 17:52:39,4.198998392888499,0.305,24.2430730354219,4.198834098911564,0.3049999999999998,25.254630246250905
2024-11-04 17:52:39,4.199162686866011,0.305,26.437220450515156,4.198840670670664,0.3049999999999998,25.28347994868599
2024-11-04 17:52:40,4.198505510957618,0.305,25.72571420883662,4.198827527152518,0.3049999999999998,25.298099526287515
2024-11-04 17:52:40,4.198669804934304,0.305,24.9947353287605,4.1988209553934395,0.3049999999999998,25.283479948685986
2024-11-04 17:52:40,4.198176923005075,0.305,25.72571420883662,4.1987880965981015,0.3049999999999998,25.28347994868599
2024-11-04 17:52:40,4.198834098911264,0.305,26.437220450515156,4.198781524839012,0.3049999999999998,25.28347994868599
2024-11-04 17:52:41,4.198998392888499,0.305,26.437220450515156,4.19879466835718,0.3049999999999998,25.297710073519564
2024-11-04 17:52:41,4.198998392888499,0.305,27.13035904417916,4.19880124011627,0.3049999999999998,25.340422547827934
2024-11-04 17:52:41,4.198834098911264,0.305,26.437220450515156,4.198794668357181,0.3049999999999998,25.3843054961298
2024-11-04 17:52:41,4.198998392888499,0.305,22.672238853203226,4.198827527152518,0.3049999999999998,25.368362340695207
2024-11-04 17:52:42,4.199162686866011,0.305,25.72571420883662,4.198860385947909,0.3049999999999998,25.354132215861636
2024-11-04 17:52:42,4.198669804934304,0.305,25.72571420883662,4.198847242429741,0.3049999999999998,25.3992585675397
2024-11-04 17:52:42,4.198834098911264,0.304,25.72571420883662,4.198853814188819,0.30495999999999984,25.3992585675397
2024-11-04 17:52:42,4.198834098911264,0.304,23.469396624933097,4.198847242429731,0.30491999999999986,25.354132215861632
2024-11-04 17:52:43,4.198998392888499,0.304,25.72571420883662,4.1988603859479,0.3048799999999999,25.33990209102805
2024-11-04 17:52:43,4.198998392888499,0.304,24.9947353287605,4.19886695770699,0.3048399999999999,25.33990209102806
2024-11-04 17:52:43,4.198998392888499,0.304,23.469396624933097,4.198873529466079,0.30479999999999996,25.280545614516424
2024-11-04 17:52:43,4.198998392888499,0.305,24.2430730354219,4.1988998165023705,0.30479999999999996,25.26551236864965
2024-11-04 17:52:44,4.198834098911264,0.305,26.437220450515156,4.19888667298418,0.30479999999999996,25.27974249348322
2024-11-04 17:52:44,4.199326980843797,0.305,24.2430730354219,4.198899816502393,0.30479999999999996,25.25008967001492
2024-11-04 17:52:44,4.199162686866011,0.305,25.72571420883662,4.198912960020582,0.30479999999999996,25.264709247616448
2024-11-04 17:52:44,4.198998392888499,0.305,22.672238853203226,4.198912960020583,0.30479999999999996,25.20363974050378
2024-11-04 17:52:45,4.199326980843797,0.304,22.672238853203226,4.198919531779694,0.30476,25.15718981099263
2024-11-04 17:52:45,4.198998392888499,0.304,24.2430730354219,4.198926103538784,0.30471999999999994,25.172663339202412
2024-11-04 17:52:45,4.198834098911264,0.304,24.2430730354219,4.198926103538784,0.30467999999999995,25.157630093335637
2024-11-04 17:52:45,4.198998392888499,0.304,27.13035904417916,4.198926103538784,0.30463999999999997,25.215375813510786
2024-11-04 17:52:46,4.198998392888499,0.304,22.672238853203226,4.1989195317796835,0.3046,25.15430630639812
2024-11-04 17:52:46,4.199491274821859,0.304,26.437220450515156,4.1989589623342525,0.30456000000000005,25.140443534524838
2024-11-04 17:52:46,4.199162686866011,0.304,24.9947353287605,4.19897867761152,0.30452000000000007,25.17095030860138
2024-11-04 17:52:46,4.198998392888499,0.304,25.72571420883662,4.199011536406858,0.3044800000000001,25.170950308601387
2024-11-04 17:52:47,4.199819862778808,0.304,26.437220450515156,4.199050966961559,0.3044400000000001,25.214833256903248
2024-11-04 17:52:47,4.199162686866011,0.304,24.9947353287605,4.199057538720659,0.30440000000000006,25.185983554468162
2024-11-04 17:52:47,4.198341216981209,0.304,24.2430730354219,4.199031251684367,0.3043600000000001,25.18598355446816
2024-11-04 17:52:47,4.198834098911264,0.304,23.469396624933097,4.199031251684367,0.30432000000000003,25.155476780391606
2024-11-04 17:52:48,4.199162686866011,0.304,25.72571420883662,4.199037823443467,0.30428000000000005,25.15547678039161
2024-11-04 17:52:48,4.198998392888499,0.304,26.437220450515156,4.199031251684366,0.30424000000000007,25.21483325690326
2024-11-04 17:52:48,4.198998392888499,0.304,24.9947353287605,4.1990443952025345,0.30420000000000014,25.21483325690325
2024-11-04 17:52:48,4.198998392888499,0.304,24.9947353287605,4.199050966961624,0.30420000000000014,25.200213679301722
2024-11-04 17:52:49,4.199491274821859,0.304,24.2430730354219,4.199077253998048,0.3042000000000002,25.185180433434958
2024-11-04 17:52:49,4.198669804934304,0.304,24.9947353287605,4.19906411047988,0.3042000000000002,25.231630362946106
2024-11-04 17:52:49,4.199326980843797,0.304,23.469396624933097,4.199077253998093,0.3042000000000002,25.18650401126803
2024-11-04 17:52:49,4.199655568800195,0.304,24.9947353287605,4.199103541034559,0.3042000000000002,25.186504011268024
2024-11-04 17:52:50,4.199326980843797,0.304,25.72571420883662,4.199116684552772,0.3041600000000002,25.20112358886955
2024-11-04 17:52:50,4.198998392888499,0.305,25.72571420883662,4.199123256311861,0.30416000000000015,25.201123588869542
2024-11-04 17:52:50,4.198998392888499,0.305,25.72571420883662,4.199110112793649,0.3041600000000001,25.215743166471064
2024-11-04 17:52:50,4.198998392888499,0.305,24.2430730354219,4.19910354103455,0.3041600000000001,25.186090343002775
2024-11-04 17:52:51,4.199162686866011,0.304,27.80614130216054,4.199110112793649,0.3041200000000001,25.199605988162396
2024-11-04 17:52:51,4.199326980843797,0.304,24.2430730354219,4.199110112793648,0.3041200000000001,25.184572742295632
2024-11-04 17:52:51,4.199326980843797,0.304,24.9947353287605,4.199123256311861,0.3041200000000001,25.155723039860536
2024-11-04 17:52:51,4.199326980843797,0.304,24.2430730354219,4.199142971589163,0.3041200000000001,25.084461674525766
2024-11-04 17:52:52,4.198834098911264,0.304,27.13035904417916,4.199136399830073,0.3041200000000001,25.142207394700915
2024-11-04 17:52:52,4.199162686866011,0.304,22.672238853203226,4.199142971589174,0.3041200000000001,25.06690776275467
2024-11-04 17:52:52,4.199326980843797,0.304,27.13035904417916,4.199136399830051,0.3041200000000001,25.095000659461526
2024-11-04 17:52:52,4.199162686866011,0.304,23.469396624933097,4.19913639983005,0.3041200000000001,25.06449388538498
2024-11-04 17:52:53,4.198998392888499,0.304,25.72571420883662,4.19913639983005,0.3041200000000001,25.06449388538498
2024-11-04 17:52:53,4.199162686866011,0.304,26.437220450515156,4.199110112793538,0.3041200000000001,25.06449388538498
2024-11-04 17:52:53,4.199326980843797,0.304,25.72571420883662,4.19911668455265,0.3041200000000001,25.050263760551406
2024-11-04 17:52:53,4.199162686866011,0.304,24.2430730354219,4.1991495433480415,0.3041200000000001,24.992518040376268
2024-11-04 17:52:54,4.199162686866011,0.304,24.2430730354219,4.199162686866231,0.3041200000000001,24.9486350920744
2024-11-04 17:52:54,4.199326980843797,0.304,25.72571420883662,4.199169258625343,0.3041200000000001,25.00970459918706
2024-11-04 17:52:54,4.198834098911264,0.303,23.469396624933097,4.199162686866253,0.30408000000000013,24.964578247508992
2024-11-04 17:52:54,4.199162686866011,0.303,24.2430730354219,4.1991692586253535,0.3040400000000002,24.934925424040703
2024-11-04 17:52:55,4.198834098911264,0.304,26.437220450515156,4.199162686866264,0.3040400000000002,24.949155548874277
2024-11-04 17:52:55,4.198998392888499,0.304,26.437220450515156,4.19914297158893,0.30404000000000025,25.008512025385915
2024-11-04 17:52:55,4.199491274821859,0.304,24.9947353287605,4.199175830384433,0.30404000000000025,24.993892447784397
2024-11-04 17:52:55,4.199326980843797,0.304,23.469396624933097,4.199175830384433,0.3040400000000002,24.963385673707844
2024-11-04 17:52:56,4.198998392888499,0.304,25.72571420883662,4.199149543347966,0.3040400000000002,25.008512025385915
2024-11-04 17:52:56,4.198834098911264,0.303,23.469396624933097,4.199129828070665,0.3040000000000002,24.993038497176133
2024-11-04 17:52:56,4.198505510957618,0.303,24.2430730354219,4.199110112793431,0.30392000000000025,24.949155548874277
2024-11-04 17:52:56,4.199491274821859,0.303,22.672238853203226,4.199129828070764,0.3038400000000003,24.9177388652299
2024-11-04 17:52:57,4.198998392888499,0.303,24.9947353287605,4.199129828070764,0.3037600000000003,24.90311928762838
2024-11-04 17:52:57,4.199162686866011,0.303,24.9947353287605,4.199129828070764,0.3037200000000003,24.94956921713952
2024-11-04 17:52:57,4.199819862778808,0.303,26.437220450515156,4.199149543348165,0.3036800000000003,25.02486884908576
2024-11-04 17:52:57,4.198998392888499,0.303,24.9947353287605,4.1991363998299525,0.3036400000000003,25.039902094952527
2024-11-04 17:52:58,4.199326980843797,0.303,24.2430730354219,4.1991363998299525,0.3036000000000003,25.03990209495253
2024-11-04 17:52:58,4.199491274821859,0.303,24.9947353287605,4.1991626868663765,0.30356000000000033,24.997189620644154
2024-11-04 17:52:58,4.199491274821859,0.303,24.9947353287605,4.19917583038461,0.30352000000000035,25.043639550155305
2024-11-04 17:52:58,4.199326980843797,0.303,25.72571420883662,4.19917583038461,0.30348000000000036,25.029409425321727
2024-11-04 17:52:59,4.198834098911264,0.303,25.72571420883662,4.199162686866421,0.30344000000000043,25.044029002923242
2024-11-04 17:52:59,4.199162686866011,0.304,24.9947353287605,4.1991692586255205,0.3034400000000004,25.029409425321724
2024-11-04 17:52:59,4.199491274821859,0.304,24.2430730354219,4.199182402143753,0.3034400000000004,24.985526477019857
2024-11-04 17:52:59,4.198998392888499,0.303,25.72571420883662,4.199169258625543,0.30340000000000034,25.000146054621382
2024-11-04 17:53:00,4.199162686866011,0.303,23.469396624933097,4.199169258625543,0.30336000000000035,24.98467252641161
2024-11-04 17:53:00,4.198998392888499,0.303,26.437220450515156,4.199162686866442,0.3033200000000003,25.044029002923242
2024-11-04 17:53:00,4.198834098911264,0.303,24.9947353287605,4.199142971589141,0.3032800000000003,25.029409425321724
2024-11-04 17:53:00,4.199162686866011,0.303,24.2430730354219,4.19915611510733,0.3032800000000003,24.985526477019857
2024-11-04 17:53:01,4.198998392888499,0.303,23.469396624933097,4.19914954334823,0.3032800000000003,24.955019702943314
2024-11-04 17:53:01,4.198669804934304,0.303,23.469396624933097,4.199142971589151,0.30324000000000034,24.924512928866772
2024-11-04 17:53:01,4.199162686866011,0.304,23.469396624933097,4.19914954334825,0.3032400000000003,24.90903940065699
2024-11-04 17:53:01,4.199655568800195,0.304,25.72571420883662,4.1991561151073835,0.3032400000000003,24.92365897825852
2024-11-04 17:53:02,4.198834098911264,0.304,27.13035904417916,4.199136399830082,0.3032400000000003,24.996878226643435
2024-11-04 17:53:02,4.199491274821859,0.303,24.9947353287605,4.199156115107416,0.3032000000000003,24.99687822664344
2024-11-04 17:53:02,4.198998392888499,0.303,25.72571420883662,4.199162686866506,0.3032000000000003,24.99687822664344
2024-11-04 17:53:02,4.199655568800195,0.303,24.2430730354219,4.199208689180209,0.3032000000000003,24.96722540317514
2024-11-04 17:53:03,4.198505510957618,0.303,25.72571420883662,4.1991692586256395,0.3032000000000003,24.967225403175142
2024-11-04 17:53:03,4.198998392888499,0.303,25.72571420883662,4.19916925862564,0.3032000000000003,24.99687822664344
2024-11-04 17:53:03,4.198998392888499,0.303,26.437220450515156,4.19916268686654,0.3032000000000003,24.969499809610532
2024-11-04 17:53:03,4.199326980843797,0.303,24.9947353287605,4.19914297158914,0.3032000000000003,24.9845330554773
2024-11-04 17:53:04,4.199162686866011,0.303,26.437220450515156,4.19914954334824,0.3032000000000003,25.013382757912396
2024-11-04 17:53:04,4.199162686866011,0.303,24.9947353287605,4.199142971589129,0.3032000000000003,25.02841600377917
2024-11-04 17:53:04,4.199326980843797,0.303,22.672238853203226,4.199136399830007,0.3032000000000003,24.93925359995965
2024-11-04 17:53:04,4.199655568800195,0.303,24.9947353287605,4.199142971589139,0.30320000000000036,24.985703529470797
2024-11-04 17:53:05,4.199162686866011,0.303,26.437220450515156,4.199136399830027,0.3032000000000004,24.971840757597512
2024-11-04 17:53:05,4.199162686866011,0.303,23.469396624933097,4.199149543348216,0.3032000000000004,24.971840757597516
2024-11-04 17:53:05,4.199655568800195,0.303,25.72571420883662,4.1991692586255835,0.30316000000000043,24.971840757597512
2024-11-04 17:53:05,4.199326980843797,0.303,24.9947353287605,4.199162686866461,0.3031200000000004,24.942991055162423
2024-11-04 17:53:06,4.199326980843797,0.303,24.2430730354219,4.1991758303846725,0.3031200000000004,24.913338231694134
2024-11-04 17:53:06,4.199819862778808,0.303,23.469396624933097,4.199202117421184,0.3031200000000004,24.897864703484352
2024-11-04 17:53:06,4.199326980843797,0.303,24.2430730354219,4.199215260939397,0.3031200000000004,24.897864703484355
2024-11-04 17:53:06,4.199162686866011,0.303,26.437220450515156,4.199228404457586,0.3031200000000004,24.912094828317933
2024-11-04 17:53:07,4.199162686866011,0.303,24.9947353287605,4.199228404457586,0.3031200000000004,24.942601602394475
2024-11-04 17:53:07,4.198998392888499,0.303,26.437220450515156,4.199228404457587,0.3031200000000004,24.986484550696343
2024-11-04 17:53:07,4.198505510957618,0.303,24.9947353287605,4.19922183269852,0.3031200000000004,24.957634848261247
2024-11-04 17:53:07,4.199655568800195,0.303,24.9947353287605,4.199241547975887,0.30308000000000035,24.92878514582615
2024-11-04 17:53:08,4.198834098911264,0.303,24.9947353287605,4.199208689180331,0.30304000000000036,24.928785145826147
2024-11-04 17:53:08,4.199326980843797,0.303,27.13035904417916,4.1992284044576325,0.3030000000000004,25.00200439421107
2024-11-04 17:53:08,4.199819862778808,0.303,26.437220450515156,4.199241547975911,0.3030000000000004,25.016234519044637
2024-11-04 17:53:08,4.199326980843797,0.303,24.9947353287605,4.199254691494122,0.3030000000000004,25.04674129312119
2024-11-04 17:53:09,4.199162686866011,0.303,26.437220450515156,4.199234976216754,0.3030000000000004,25.090624241423058
2024-11-04 17:53:09,4.199819862778808,0.303,24.2430730354219,4.199287550289602,0.3030000000000004,25.122040925067427
2024-11-04 17:53:09,4.199326980843797,0.303,26.437220450515156,4.199300693807815,0.3030000000000004,25.150890627502513
2024-11-04 17:53:09,4.199655568800195,0.303,26.437220450515156,4.1993269808442815,0.3030000000000004,25.179740329937612
2024-11-04 17:53:10,4.198834098911264,0.303,24.2430730354219,4.199307265566981,0.3030000000000004,25.135857381635745
2024-11-04 17:53:10,4.199326980843797,0.303,25.72571420883662,4.199313837326093,0.3030000000000004,25.150476959237277
2024-11-04 17:53:10,4.199491274821859,0.302,25.72571420883662,4.199326980844327,0.30296000000000034,25.180129782705563
2024-11-04 17:53:10,4.199655568800195,0.302,24.9947353287605,4.199340124362582,0.30292000000000024,25.180129782705567
2024-11-04 17:53:11,4.199326980843797,0.303,26.437220450515156,4.199326980844327,0.30292000000000024,25.208979485140663
2024-11-04 17:53:11,4.199984156757696,0.303,25.72571420883662,4.199359839639993,0.30292000000000024,25.208979485140663
2024-11-04 17:53:11,4.199984156757696,0.303,26.437220450515156,4.199392698435661,0.30292000000000024,25.22320960997423
2024-11-04 17:53:11,4.199162686866011,0.302,25.72571420883662,4.199372983158293,0.3028800000000002,25.237829187575752
2024-11-04 17:53:12,4.199655568800195,0.302,24.9947353287605,4.199386126676548,0.30284000000000016,25.25286243344252
2024-11-04 17:53:12,4.199326980843797,0.302,24.2430730354219,4.199386126676549,0.3028000000000001,25.22320960997423
2024-11-04 17:53:12,4.198998392888499,0.302,26.437220450515156,4.199353267880936,0.3027600000000001,25.28256608648587
2024-11-04 17:53:12,4.199491274821859,0.302,25.72571420883662,4.199359839640059,0.30272000000000004,25.2683359616523
2024-11-04 17:53:13,4.198998392888499,0.302,25.72571420883662,4.199353267880959,0.30267999999999995,25.282955539253816
2024-11-04 17:53:13,4.199326980843797,0.302,22.672238853203226,4.1993598396400715,0.30263999999999996,25.251538855609446
2024-11-04 17:53:13,4.198834098911264,0.302,24.9947353287605,4.199353267880983,0.3025999999999999,25.28204562968599
2024-11-04 17:53:13,4.199162686866011,0.302,25.72571420883662,4.199379554917318,0.3025599999999999,25.327171981364064
2024-11-04 17:53:14,4.199326980843797,0.302,25.72571420883662,4.199366411399062,0.30251999999999984,25.372298333042128
2024-11-04 17:53:14,4.199984156757696,0.302,25.72571420883662,4.19941241371292,0.3024799999999998,25.372298333042128
2024-11-04 17:53:14,4.199655568800195,0.303,24.9947353287605,4.199425557231176,0.30247999999999986,25.329585858733758
2024-11-04 17:53:14,4.199655568800195,0.303,24.9947353287605,4.19941898547203,0.30247999999999986,25.329585858733754
2024-11-04 17:53:15,4.199326980843797,0.303,24.2430730354219,4.19941898547203,0.3024799999999999,25.29993303526546
2024-11-04 17:53:15,4.199491274821859,0.302,27.80614130216054,4.199432128990264,0.3024399999999999,25.37119440060024
2024-11-04 17:53:15,4.199819862778808,0.302,27.13035904417916,4.199432128990264,0.3023999999999999,25.39928729730709
2024-11-04 17:53:15,4.198834098911264,0.302,24.2430730354219,4.199412413712962,0.30235999999999985,25.36963447383879
2024-11-04 17:53:16,4.199326980843797,0.302,25.72571420883662,4.199399270194706,0.30231999999999987,25.35540434900523
2024-11-04 17:53:16,4.199655568800195,0.302,24.9947353287605,4.199432128990263,0.3022799999999999,25.355404349005234
2024-11-04 17:53:16,4.199655568800195,0.302,24.9947353287605,4.199445272508518,0.30223999999999984,25.326554646570138
2024-11-04 17:53:16,4.20014845073686,0.302,26.437220450515156,4.199471559545118,0.30223999999999984,25.35540434900523
2024-11-04 17:53:17,4.199491274821859,0.302,24.9947353287605,4.199464987785985,0.30223999999999984,25.40185427851638
2024-11-04 17:53:17,4.199491274821859,0.302,24.9947353287605,4.199471559545109,0.30219999999999986,25.401854278516375
2024-11-04 17:53:17,4.199326980843797,0.302,21.84997632024192,4.1994452725085525,0.3021599999999998,25.31010939591091
2024-11-04 17:53:17,4.199491274821859,0.302,24.9947353287605,4.19942555723112,0.3021199999999998,25.34061616998746
2024-11-04 17:53:18,4.199491274821859,0.302,23.469396624933097,4.199438700749353,0.3021199999999997,25.29548981830939
2024-11-04 17:53:18,4.199162686866011,0.302,26.437220450515156,4.199418985471985,0.3021199999999997,25.32433952074448
2024-11-04 17:53:18,4.199326980843797,0.302,28.465495270963004,4.199418985471985,0.3021199999999997,25.408787965455293
2024-11-04 17:53:18,4.199491274821859,0.302,26.437220450515156,4.199438700749321,0.3021199999999997,25.468144441966942
2024-11-04 17:53:19,4.199819862778808,0.302,26.437220450515156,4.199451844267599,0.3021199999999997,25.512027390268813
2024-11-04 17:53:19,4.199491274821859,0.302,25.72571420883662,4.199471559544934,0.3021199999999997,25.49779726543524
2024-11-04 17:53:19,4.199162686866011,0.302,25.72571420883662,4.199464987785822,0.3021199999999997,25.512416843036764
2024-11-04 17:53:19,4.200312744716299,0.302,26.437220450515156,4.199524133618023,0.3021199999999997,25.512416843036764
2024-11-04 17:53:20,4.199655568800195,0.302,24.9947353287605,4.199543848895389,0.3021199999999997,25.512416843036757
2024-11-04 17:53:20,4.199819862778808,0.302,25.72571420883662,4.199563564172789,0.3021199999999997,25.527036420638286
2024-11-04 17:53:20,4.199162686866011,0.302,25.72571420883662,4.1995307053771205,0.3021199999999997,25.541655998239804
2024-11-04 17:53:20,4.199491274821859,0.302,24.9947353287605,4.199524133617987,0.30207999999999974,25.498943523931434
2024-11-04 17:53:21,4.199162686866011,0.302,24.2430730354219,4.199504418340619,0.3020399999999997,25.455060575629567
2024-11-04 17:53:21,4.199162686866011,0.301,25.72571420883662,4.199497846581507,0.30195999999999973,25.469680153231085
2024-11-04 17:53:21,4.199326980843797,0.301,24.9947353287605,4.199491274822385,0.30191999999999974,25.440830450795996
2024-11-04 17:53:21,4.199162686866011,0.302,24.9947353287605,4.1994649877858725,0.30191999999999974,25.455863696662764
2024-11-04 17:53:22,4.199162686866011,0.302,25.72571420883662,4.199478131304063,0.30191999999999974,25.441633571829197
2024-11-04 17:53:22,4.199162686866011,0.302,26.437220450515156,4.199471559544952,0.30191999999999974,25.44163357182919
2024-11-04 17:53:22,4.199655568800195,0.302,24.9947353287605,4.199471559544952,0.30191999999999974,25.456666817695965
2024-11-04 17:53:22,4.199655568800195,0.302,24.9947353287605,4.199471559544952,0.30191999999999974,25.442047240094443
2024-11-04 17:53:23,4.199326980843797,0.302,27.13035904417916,4.19943870074923,0.30191999999999974,25.470140136801298
2024-11-04 17:53:23,4.199984156757696,0.302,26.437220450515156,4.199458416026662,0.30191999999999974,25.498989839236383
2024-11-04 17:53:23,4.199491274821859,0.301,25.72571420883662,4.199458416026663,0.30187999999999976,25.48475971440281
2024-11-04 17:53:23,4.199491274821859,0.301,24.9947353287605,4.1994649877857855,0.3018399999999998,25.470140136801298
2024-11-04 17:53:24,4.199326980843797,0.301,24.2430730354219,4.199458416026664,0.30179999999999985,25.42625718849943
2024-11-04 17:53:24,4.198834098911264,0.301,24.9947353287605,4.19943212899024,0.30175999999999986,25.411637610897902
2024-11-04 17:53:24,4.20014845073686,0.301,26.437220450515156,4.199471559545074,0.3017199999999999,25.440487313332998
2024-11-04 17:53:24,4.199819862778808,0.301,25.72571420883662,4.199491274822475,0.3016799999999999,25.47014013680129
2024-11-04 17:53:25,4.199984156757696,0.301,26.437220450515156,4.199510990099909,0.3016399999999999,25.47014013680129
2024-11-04 17:53:25,4.199326980843797,0.301,26.437220450515156,4.19949127482251,0.3015999999999999,25.48437026163487
2024-11-04 17:53:25,4.198998392888499,0.301,26.437220450515156,4.199471559545176,0.30155999999999994,25.498600386468443
2024-11-04 17:53:25,4.199819862778808,0.301,24.9947353287605,4.1994978465816875,0.30151999999999995,25.545050315979584
2024-11-04 17:53:26,4.20014845073686,0.301,24.2430730354219,4.19949127482251,0.30147999999999997,25.530017070112816
2024-11-04 17:53:26,4.199819862778808,0.301,24.9947353287605,4.199497846581655,0.30144,25.515397492511287
2024-11-04 17:53:26,4.199655568800195,0.301,25.72571420883662,4.199491274822509,0.3014,25.515397492511294
2024-11-04 17:53:26,4.199326980843797,0.301,24.9947353287605,4.19949784658162,0.30136,25.500777914909772
2024-11-04 17:53:27,4.199655568800195,0.301,27.13035904417916,4.199504418340752,0.30132000000000003,25.54349038921815
2024-11-04 17:53:27,4.199655568800195,0.301,26.437220450515156,4.19952413361812,0.30128000000000005,25.572340091653242
2024-11-04 17:53:27,4.199326980843797,0.301,25.72571420883662,4.1995307053772315,0.30128000000000005,25.601992915121528
2024-11-04 17:53:27,4.199655568800195,0.301,24.9947353287605,4.199543848895487,0.3012800000000001,25.545764795653525
2024-11-04 17:53:28,4.199491274821859,0.301,24.9947353287605,4.199556992413721,0.3012400000000001,25.503052321345148
2024-11-04 17:53:28,4.199491274821859,0.301,25.72571420883662,4.199570135931955,0.30120000000000013,25.532705144813445
2024-11-04 17:53:28,4.199326980843797,0.301,25.72571420883662,4.199576707691068,0.3011600000000001,25.532705144813445
2024-11-04 17:53:28,4.199655568800195,0.301,24.9947353287605,4.199576707691067,0.3011200000000001,25.53270514481344
2024-11-04 17:53:29,4.199491274821859,0.301,23.469396624933097,4.199570135931935,0.3010800000000001,25.502198370736888
2024-11-04 17:53:29,4.199326980843797,0.301,26.437220450515156,4.199570135931935,0.30104000000000014,25.502198370736895
2024-11-04 17:53:29,4.199655568800195,0.301,24.9947353287605,4.199556992413634,0.3010000000000001,25.50219837073689
2024-11-04 17:53:29,4.20014845073686,0.301,27.80614130216054,4.199583279450235,0.3010000000000001,25.558426490204898
2024-11-04 17:53:30,4.20014845073686,0.301,25.72571420883662,4.199609566486835,0.3010000000000001,25.63594124797679
2024-11-04 17:53:30,4.199655568800195,0.301,21.84997632024192,4.19962271000509,0.3010000000000001,25.573046067806423
2024-11-04 17:53:30,4.199984156757696,0.301,27.13035904417916,4.199668712318947,0.3010000000000001,25.64626531619134
2024-11-04 17:53:30,4.199326980843797,0.301,24.9947353287605,4.199635853523224,0.3010000000000001,25.61741561375625
2024-11-04 17:53:31,4.199984156757696,0.301,27.13035904417916,4.19964242528238,0.3010000000000001,25.590712889220576
2024-11-04 17:53:31,4.199655568800195,0.301,26.437220450515156,4.199629281764079,0.3010000000000001,25.590712889220576
2024-11-04 17:53:31,4.199491274821859,0.301,24.9947353287605,4.199635853523201,0.3010000000000001,25.56186318678548
2024-11-04 17:53:31,4.199491274821859,0.3,26.437220450515156,4.199655568800536,0.3009600000000001,25.57609331161905
2024-11-04 17:53:32,4.199984156757696,0.3,25.72571420883662,4.199662140559692,0.3009200000000002,25.57609331161905
2024-11-04 17:53:32,4.199655568800195,0.301,27.13035904417916,4.199642425282224,0.3009200000000002,25.58995608349233
2024-11-04 17:53:32,4.199819862778808,0.301,24.9947353287605,4.199642425282225,0.3009200000000002,25.589956083492325
2024-11-04 17:53:32,4.20014845073686,0.301,26.437220450515156,4.199662140559693,0.3009200000000002,25.6041862083259
2024-11-04 17:53:33,4.199655568800195,0.301,27.80614130216054,4.199675284077948,0.3009200000000002,25.645794750192373
2024-11-04 17:53:33,4.199655568800195,0.301,25.72571420883662,4.199675284077947,0.3009200000000002,25.660414327793898
2024-11-04 17:53:33,4.199819862778808,0.301,26.437220450515156,4.199681855837092,0.3009200000000002,25.70429727609577
2024-11-04 17:53:33,4.198998392888499,0.301,25.72571420883662,4.199668712318881,0.3009200000000002,25.70429727609577
2024-11-04 17:53:34,4.199655568800195,0.301,24.9947353287605,4.199668712318879,0.3009200000000002,25.70429727609576
2024-11-04 17:53:34,4.199819862778808,0.301,27.13035904417916,4.199681855837158,0.3009200000000002,25.74700975040414
2024-11-04 17:53:34,4.199655568800195,0.301,24.9947353287605,4.19968842759629,0.3009200000000002,25.73239017280262
2024-11-04 17:53:34,4.199655568800195,0.3,24.2430730354219,4.199701571114546,0.30088000000000015,25.688507224500754
2024-11-04 17:53:35,4.199655568800195,0.3,25.72571420883662,4.199701571114546,0.30084000000000016,25.70312680210227
2024-11-04 17:53:35,4.199655568800195,0.301,24.9947353287605,4.199708142873678,0.30084000000000016,25.703126802102275
2024-11-04 17:53:35,4.199984156757696,0.301,25.72571420883662,4.199734429910235,0.30084000000000016,25.67503390539542
2024-11-04 17:53:35,4.20014845073686,0.301,23.469396624933097,4.199754145187702,0.30084000000000016,25.615677428883785
2024-11-04 17:53:36,4.199655568800195,0.301,23.469396624933097,4.199734429910236,0.30084000000000016,25.57055107720571
2024-11-04 17:53:36,4.199491274821859,0.301,24.9947353287605,4.199708142873636,0.30084000000000016,25.570551077205714
2024-11-04 17:53:36,4.199819862778808,0.3,23.469396624933097,4.19971471463278,0.3008000000000002,25.555077548995943
2024-11-04 17:53:36,4.199655568800195,0.3,25.72571420883662,4.19970157111448,0.3007600000000002,25.569697126597458
2024-11-04 17:53:37,4.200312744716299,0.301,26.437220450515156,4.19974100166938,0.3007600000000002,25.569697126597465
2024-11-04 17:53:37,4.199655568800195,0.301,24.9947353287605,4.19972785815108,0.3007600000000002,25.555077548995936
2024-11-04 17:53:37,4.199491274821859,0.301,26.437220450515156,4.199721286391948,0.3007600000000002,25.555077548995932
2024-11-04 17:53:37,4.199819862778808,0.301,25.72571420883662,4.199734429910226,0.3007600000000002,25.540847424162358
2024-11-04 17:53:38,4.199819862778808,0.301,24.2430730354219,4.199747573428504,0.3008000000000001,25.4969644758605
2024-11-04 17:53:38,4.199162686866011,0.301,24.9947353287605,4.199714714632837,0.30084000000000016,25.496964475860494
2024-11-04 17:53:38,4.199819862778808,0.301,25.72571420883662,4.199721286391981,0.30084000000000016,25.52661729932879
2024-11-04 17:53:38,4.199655568800195,0.301,23.469396624933097,4.199714714632836,0.30084000000000016,25.49611052525225
2024-11-04 17:53:39,4.20014845073686,0.301,23.469396624933097,4.199714714632836,0.30084000000000016,25.45098417357417
2024-11-04 17:53:39,4.199655568800195,0.301,23.469396624933097,4.199714714632836,0.30084000000000016,25.420477399497628
2024-11-04 17:53:39,4.199655568800195,0.3,25.72571420883662,4.199714714632836,0.3008000000000001,25.392384502790772
2024-11-04 17:53:39,4.199984156757696,0.3,23.469396624933097,4.199721286391992,0.30076000000000014,25.333028026279138
2024-11-04 17:53:40,4.20014845073686,0.301,25.72571420883662,4.199767288705925,0.30076000000000014,25.333028026279145
2024-11-04 17:53:40,4.200477038696013,0.301,25.72571420883662,4.199800147501758,0.30076000000000014,25.34764760388066
2024-11-04 17:53:40,4.199819862778808,0.3,24.2430730354219,4.199800147501759,0.30072000000000015,25.332614358013892
2024-11-04 17:53:40,4.199819862778808,0.3,24.9947353287605,4.199806719260904,0.30068000000000017,25.317994780412374
2024-11-04 17:53:41,4.199326980843797,0.3,24.2430730354219,4.199793575742649,0.3006800000000002,25.288341956944073
2024-11-04 17:53:41,4.199819862778808,0.3,25.72571420883662,4.199800147501794,0.3006800000000002,25.302961534545602
2024-11-04 17:53:41,4.199819862778808,0.3,25.72571420883662,4.199806719260938,0.30064000000000024,25.348087886223666
2024-11-04 17:53:41,4.199819862778808,0.3,24.2430730354219,4.199800147501783,0.30060000000000026,25.3042049379218
2024-11-04 17:53:42,4.199984156757696,0.3,24.2430730354219,4.199793575742617,0.3005600000000003,25.289171692055035
2024-11-04 17:53:42,4.199819862778808,0.3,22.672238853203226,4.199800147501762,0.30052000000000034,25.186493643075888
2024-11-04 17:53:42,4.199819862778808,0.3,27.80614130216054,4.19981329102004,0.30048000000000036,25.228102184942358
2024-11-04 17:53:42,4.199491274821859,0.3,24.2430730354219,4.199800147501761,0.3004800000000003,25.275964119245963
2024-11-04 17:53:43,4.20014845073686,0.3,23.469396624933097,4.199819862779227,0.30048000000000036,25.20274487086104
2024-11-04 17:53:43,4.20014845073686,0.3,25.72571420883662,4.1998132910200505,0.3004400000000004,25.21736444846257
2024-11-04 17:53:43,4.199655568800195,0.3,25.72571420883662,4.199813291020049,0.30040000000000033,25.18927155175571
2024-11-04 17:53:43,4.199984156757696,0.3,24.2430730354219,4.1998330062974825,0.30036000000000035,25.145388603453853
2024-11-04 17:53:44,4.20014845073686,0.3,25.72571420883662,4.199846149815805,0.3003200000000003,25.160008181055375
2024-11-04 17:53:44,4.199655568800195,0.3,25.72571420883662,4.199839578056659,0.3002800000000003,25.145778056221797
2024-11-04 17:53:44,4.199655568800195,0.3,24.2430730354219,4.199859293334026,0.3002400000000003,25.116125232753507
2024-11-04 17:53:44,4.199984156757696,0.299,25.72571420883662,4.199865865093182,0.3001600000000002,25.088032336046652
2024-11-04 17:53:45,4.20014845073686,0.299,26.437220450515156,4.1998855803706485,0.3000800000000002,25.116882038481755
2024-11-04 17:53:45,4.199819862778808,0.299,24.9947353287605,4.199872436852327,0.30000000000000016,25.08803233604666
2024-11-04 17:53:45,4.199984156757696,0.299,24.9947353287605,4.199885580370626,0.2999200000000001,25.031804216578657
2024-11-04 17:53:45,4.199655568800195,0.3,23.469396624933097,4.199885580370626,0.2999200000000001,24.98667786490059
2024-11-04 17:53:46,4.199819862778808,0.3,27.13035904417916,4.199879008611472,0.2999200000000001,25.000540636773867
2024-11-04 17:53:46,4.199819862778808,0.3,25.72571420883662,4.199865865093148,0.2998800000000001,25.000540636773867
2024-11-04 17:53:46,4.199819862778808,0.3,25.72571420883662,4.19983957805646,0.2998400000000001,25.01516021437538
2024-11-04 17:53:46,4.199491274821859,0.3,23.469396624933097,4.199826434538184,0.2998400000000001,24.941940965990465
2024-11-04 17:53:47,4.199491274821859,0.299,27.13035904417916,4.199813291019907,0.29980000000000007,24.984653440298835
2024-11-04 17:53:47,4.199984156757696,0.299,26.437220450515156,4.199839578056462,0.29975999999999997,25.028536388600706
2024-11-04 17:53:47,4.199326980843797,0.299,26.437220450515156,4.199819862779062,0.29971999999999993,25.04276651343428
2024-11-04 17:53:47,4.199655568800195,0.299,28.465495270963004,4.199813291019918,0.29967999999999995,25.112181712278325
2024-11-04 17:53:48,4.199819862778808,0.299,24.2430730354219,4.199813291019918,0.29963999999999996,25.082528888810035
2024-11-04 17:53:48,4.199655568800195,0.299,24.2430730354219,4.199800147501617,0.29960000000000003,25.098002417019806
2024-11-04 17:53:48,4.199655568800195,0.299,24.9947353287605,4.199793575742472,0.29956000000000005,25.12850919109636
2024-11-04 17:53:48,4.199819862778808,0.299,25.72571420883662,4.199793575742472,0.29952,25.143128768697878
2024-11-04 17:53:49,4.199491274821859,0.3,25.72571420883662,4.199793575742473,0.29952,25.188255120375953
2024-11-04 17:53:49,4.199984156757696,0.3,24.9947353287605,4.199787003983306,0.29951999999999995,25.173635542774424
2024-11-04 17:53:49,4.199819862778808,0.3,24.9947353287605,4.199773860464983,0.29951999999999995,25.14478584033934
2024-11-04 17:53:49,4.199326980843797,0.3,26.437220450515156,4.199760716946727,0.29951999999999995,25.173635542774427
2024-11-04 17:53:50,4.200477038696013,0.299,25.72571420883662,4.19978043222426,0.2994799999999999,25.159405417940853
2024-11-04 17:53:50,4.199819862778808,0.299,24.9947353287605,4.199767288705939,0.29943999999999993,25.144785840339324
2024-11-04 17:53:50,4.199984156757696,0.299,25.72571420883662,4.199780432224238,0.2994,25.174438663807624
2024-11-04 17:53:50,4.200312744716299,0.299,26.437220450515156,4.199806719260883,0.29936,25.203288366242724
2024-11-04 17:53:51,4.20014845073686,0.299,25.72571420883662,4.19981329102005,0.29936,25.203288366242713
2024-11-04 17:53:51,4.200641332676002,0.299,25.72571420883662,4.199833006297617,0.29936,25.248414717920788
2024-11-04 17:53:51,4.200477038696013,0.299,24.9947353287605,4.199859293334304,0.29936,25.27892149199733
2024-11-04 17:53:51,4.20014845073686,0.299,22.672238853203226,4.199865865093471,0.29936,25.26297833656274
2024-11-04 17:53:52,4.20014845073686,0.299,22.672238853203226,4.199885580370937,0.29932,25.201908829450073
2024-11-04 17:53:52,4.199984156757696,0.299,23.469396624933097,4.199892152130093,0.2992799999999999,25.201908829450065
2024-11-04 17:53:52,4.199655568800195,0.299,24.9947353287605,4.199885580370947,0.29923999999999984,25.187289251848547
2024-11-04 17:53:52,4.199984156757696,0.299,21.84997632024192,4.1998921521301025,0.29919999999999974,25.109774494076646
2024-11-04 17:53:53,4.199326980843797,0.299,25.72571420883662,4.19988558037098,0.29915999999999976,25.139427317544943
2024-11-04 17:53:53,4.199819862778808,0.299,24.9947353287605,4.199898723889259,0.29915999999999976,25.139427317544946
2024-11-04 17:53:53,4.200312744716299,0.299,25.72571420883662,4.199911867407603,0.2991599999999998,25.169080141013247
2024-11-04 17:53:53,4.200312744716299,0.299,26.437220450515156,4.199951297962501,0.2991599999999998,25.183310265846814
2024-11-04 17:53:54,4.199491274821859,0.299,25.72571420883662,4.199944726203367,0.2991599999999998,25.183310265846814
2024-11-04 17:53:54,4.199655568800195,0.299,25.72571420883662,4.199938154444223,0.2991599999999998,25.212963089315107
2024-11-04 17:53:54,4.199819862778808,0.299,26.437220450515156,4.199944726203368,0.2991599999999998,25.256846037616977
2024-11-04 17:53:54,4.199819862778808,0.299,27.80614130216054,4.199951297962513,0.2991599999999998,25.35952408659612
2024-11-04 17:53:55,4.199819862778808,0.299,25.72571420883662,4.199951297962513,0.29915999999999987,25.31791554472964
2024-11-04 17:53:55,4.199655568800195,0.299,26.437220450515156,4.199957869721645,0.29911999999999983,25.3617984930315
2024-11-04 17:53:55,4.20014845073686,0.299,24.9947353287605,4.1999644414808115,0.29907999999999985,25.392305267108046
2024-11-04 17:53:55,4.200312744716299,0.299,25.72571420883662,4.199984156758312,0.29903999999999986,25.39230526710805
2024-11-04 17:53:56,4.199819862778808,0.299,24.2430730354219,4.200003872035712,0.2989999999999998,25.36265244363976
2024-11-04 17:53:56,4.199819862778808,0.299,25.72571420883662,4.199977584999024,0.2989999999999998,25.392305267108057
2024-11-04 17:53:56,4.199984156757696,0.299,22.672238853203226,4.1999841567581795,0.2989999999999998,25.331235759995394
2024-11-04 17:53:56,4.20014845073686,0.299,22.672238853203226,4.199990728517347,0.2989999999999998,25.270166252882717
2024-11-04 17:53:57,4.199984156757696,0.299,23.469396624933097,4.199977584999002,0.2989999999999998,25.254692724672946
2024-11-04 17:53:57,4.200312744716299,0.299,23.469396624933097,4.1999841567581795,0.2989999999999998,25.20956637299488
2024-11-04 17:53:57,4.20014845073686,0.299,25.72571420883662,4.199964441480614,0.2989999999999998,25.1953362481613
2024-11-04 17:53:57,4.199984156757696,0.299,24.9947353287605,4.199944726203082,0.2989999999999998,25.195336248161297
2024-11-04 17:53:58,4.199984156757696,0.299,23.469396624933097,4.199938154443916,0.2989999999999998,25.164829474084755
2024-11-04 17:53:58,4.199984156757696,0.299,24.2430730354219,4.19993158268475,0.2989999999999998,25.180303002294526
2024-11-04 17:53:58,4.200477038696013,0.299,24.9947353287605,4.199951297962282,0.2989999999999998,25.13759052798615
2024-11-04 17:53:58,4.200312744716299,0.299,26.437220450515156,4.199977584998926,0.2989999999999998,25.151820652819723
2024-11-04 17:53:59,4.200312744716299,0.299,23.469396624933097,4.199990728517269,0.2989999999999998,25.106694301141655
2024-11-04 17:53:59,4.200312744716299,0.299,26.437220450515156,4.200030159072169,0.2989999999999998,25.1660507776533
2024-11-04 17:53:59,4.199984156757696,0.299,24.2430730354219,4.200036730831324,0.2989999999999998,25.10830505747815
2024-11-04 17:53:59,4.199984156757696,0.299,25.72571420883662,4.20002358731298,0.2989999999999998,25.09407493264458
2024-11-04 17:54:00,4.20014845073686,0.299,27.13035904417916,4.200017015553803,0.2989999999999998,25.10793770451786
2024-11-04 17:54:00,4.200641332676002,0.298,24.2430730354219,4.200063017867969,0.2989599999999999,25.02348925980704
2024-11-04 17:54:00,4.200312744716299,0.298,24.9947353287605,4.200089304904613,0.2989199999999999,25.038522505673814
2024-11-04 17:54:00,4.20014845073686,0.298,25.72571420883662,4.2001024484229355,0.2988799999999999,25.068175329142104
2024-11-04 17:54:01,4.199984156757696,0.298,24.9947353287605,4.20010902018209,0.29883999999999994,25.068175329142107
2024-11-04 17:54:01,4.199819862778808,0.298,24.2430730354219,4.20010902018209,0.29879999999999995,25.038522505673818
2024-11-04 17:54:01,4.20014845073686,0.298,24.2430730354219,4.200128735459558,0.29875999999999997,25.008869682205518
2024-11-04 17:54:01,4.20014845073686,0.298,24.9947353287605,4.2001287354595584,0.29872,25.00886968220552
2024-11-04 17:54:02,4.199655568800195,0.298,25.72571420883662,4.200102448422913,0.29868,25.02348925980704
2024-11-04 17:54:02,4.199984156757696,0.298,25.72571420883662,4.200109020182069,0.29864,25.009259134973462
2024-11-04 17:54:02,4.199819862778808,0.298,24.2430730354219,4.200109020182069,0.2986000000000001,24.979606311505172
2024-11-04 17:54:02,4.20014845073686,0.298,28.465495270963004,4.200115591941236,0.2985600000000001,25.049021510349217
2024-11-04 17:54:03,4.200312744716299,0.298,24.2430730354219,4.200122163700413,0.2985200000000001,25.019368686880924
2024-11-04 17:54:03,4.200477038696013,0.298,24.2430730354219,4.200141878977946,0.2984800000000001,24.97548573857906
2024-11-04 17:54:03,4.200312744716299,0.298,23.469396624933097,4.200141878977946,0.2984400000000001,24.930359386900992
2024-11-04 17:54:03,4.20014845073686,0.298,24.9947353287605,4.200141878977946,0.29840000000000005,24.91573980929947
2024-11-04 17:54:04,4.20014845073686,0.298,24.9947353287605,4.200148450737112,0.29836000000000007,24.915739809299467
2024-11-04 17:54:04,4.200312744716299,0.298,25.72571420883662,4.200161594255456,0.29832000000000003,24.976809316412137
2024-11-04 17:54:04,4.199984156757696,0.298,25.72571420883662,4.200161594255457,0.29828000000000005,25.037878823524807
2024-11-04 17:54:04,4.199819862778808,0.298,25.72571420883662,4.200135307218768,0.29824,25.08300517520287
2024-11-04 17:54:05,4.20014845073686,0.298,22.672238853203226,4.20012873545959,0.2982,25.03655524569173
2024-11-04 17:54:05,4.20014845073686,0.298,24.9947353287605,4.200122163700414,0.29816000000000004,25.099450425862095
2024-11-04 17:54:05,4.200312744716299,0.298,24.2430730354219,4.200122163700413,0.29812,25.069797602393805
2024-11-04 17:54:05,4.20014845073686,0.298,26.437220450515156,4.200128735459579,0.29808,25.09864730482889
2024-11-04 17:54:06,4.199655568800195,0.298,23.469396624933097,4.200115591941279,0.29804,25.053520953150823
2024-11-04 17:54:06,4.200312744716299,0.298,24.2430730354219,4.200122163700456,0.298,25.009638004848956
2024-11-04 17:54:06,4.199819862778808,0.298,24.2430730354219,4.200089304904568,0.298,24.979985181380666
2024-11-04 17:54:06,4.200477038696013,0.298,25.72571420883662,4.200095876663758,0.298,24.97998518138067
2024-11-04 17:54:07,4.199819862778808,0.298,24.2430730354219,4.200082733145436,0.298,24.936102233078813
2024-11-04 17:54:07,4.200312744716299,0.298,26.437220450515156,4.200095876663779,0.298,24.908723816045903
2024-11-04 17:54:07,4.200312744716299,0.298,23.469396624933097,4.2001155919412785,0.298,24.863597464367835
2024-11-04 17:54:07,4.20014845073686,0.298,24.9947353287605,4.200115591941279,0.298,24.83474776193274
2024-11-04 17:54:08,4.20014845073686,0.298,24.9947353287605,4.200115591941279,0.298,24.834747761932736
2024-11-04 17:54:08,4.20014845073686,0.298,25.72571420883662,4.200135307218747,0.298,24.83474776193274
2024-11-04 17:54:08,4.199984156757696,0.298,23.469396624933097,4.200135307218747,0.298,24.819274233722957
2024-11-04 17:54:08,4.200312744716299,0.298,25.72571420883662,4.200155022496246,0.298,24.819274233722965
2024-11-04 17:54:09,4.200312744716299,0.298,26.437220450515156,4.200161594255423,0.298,24.894573865669198
2024-11-04 17:54:09,4.20014845073686,0.298,24.2430730354219,4.2001550224962445,0.298,24.92599054931358
2024-11-04 17:54:09,4.199984156757696,0.298,24.9947353287605,4.200135307218712,0.298,24.95649732339012
2024-11-04 17:54:09,4.200312744716299,0.298,24.9947353287605,4.200135307218712,0.298,24.987004097466674
2024-11-04 17:54:10,4.200477038696013,0.298,24.9947353287605,4.200148450737079,0.298,24.972384519865145
2024-11-04 17:54:10,4.20014845073686,0.298,24.9947353287605,4.200148450737079,0.298,24.97238451986514
2024-11-04 17:54:10,4.199819862778808,0.298,23.469396624933097,4.20012873545958,0.298,24.972384519865145
2024-11-04 17:54:10,4.199984156757696,0.297,26.437220450515156,4.20012873545958,0.29796,25.016267468167015
2024-11-04 17:54:11,4.200312744716299,0.297,25.72571420883662,4.200148450737078,0.2979200000000001,25.03088704576853
2024-11-04 17:54:11,4.200312744716299,0.298,25.72571420883662,4.200155022496256,0.2979200000000001,25.016656920934956
2024-11-04 17:54:11,4.200477038696013,0.298,26.437220450515156,4.200168166014623,0.2979200000000001,25.076013397446594
2024-11-04 17:54:11,4.199984156757696,0.298,24.2430730354219,4.200155022496279,0.2979200000000001,25.032130449144738
2024-11-04 17:54:12,4.200477038696013,0.298,24.2430730354219,4.200168166014645,0.2979200000000001,25.032130449144734
2024-11-04 17:54:12,4.200312744716299,0.298,24.9947353287605,4.20019445305129,0.2979200000000001,25.017510871543212
2024-11-04 17:54:12,4.200477038696013,0.298,25.72571420883662,4.200201024810478,0.2979200000000001,24.98941797483637
2024-11-04 17:54:12,4.20014845073686,0.298,23.469396624933097,4.2002141683288,0.2979200000000001,24.97394444662659
2024-11-04 17:54:13,4.199984156757696,0.298,24.9947353287605,4.200194453051267,0.2979200000000001,24.973944446626593
2024-11-04 17:54:13,4.200312744716299,0.297,25.72571420883662,4.200214168328767,0.2978800000000001,24.973944446626593
2024-11-04 17:54:13,4.200312744716299,0.297,24.2430730354219,4.200214168328767,0.2978400000000001,24.958911200759818
2024-11-04 17:54:13,4.20014845073686,0.297,22.672238853203226,4.200207596569589,0.29780000000000006,24.92749451711545
2024-11-04 17:54:14,4.199984156757696,0.297,24.9947353287605,4.200201024810422,0.2977600000000001,24.942527762982213
2024-11-04 17:54:14,4.20014845073686,0.297,24.9947353287605,4.200201024810422,0.2977200000000001,24.942527762982216
2024-11-04 17:54:14,4.200312744716299,0.297,27.13035904417916,4.200207596569599,0.2976800000000001,24.97062065968906
2024-11-04 17:54:14,4.200312744716299,0.297,24.9947353287605,4.200220740087943,0.2976400000000001,24.956001082087543
2024-11-04 17:54:15,4.199819862778808,0.297,24.2430730354219,4.200201024810442,0.29760000000000014,24.956001082087546
2024-11-04 17:54:15,4.200312744716299,0.297,25.72571420883662,4.200201024810442,0.2975600000000002,24.90120546084502
2024-11-04 17:54:15,4.200477038696013,0.297,24.9947353287605,4.2002141683288094,0.29752000000000023,24.916238706711788
2024-11-04 17:54:15,4.200477038696013,0.297,25.72571420883662,4.200233883606343,0.29748000000000024,24.945891530180088
2024-11-04 17:54:16,4.199984156757696,0.297,27.13035904417916,4.200220740087999,0.29744000000000026,25.019110778565004
2024-11-04 17:54:16,4.20014845073686,0.297,25.72571420883662,4.2002075965696335,0.2974000000000003,25.033730356166533
2024-11-04 17:54:16,4.200477038696013,0.297,24.9947353287605,4.200220740088,0.29736000000000024,25.03373035616653
2024-11-04 17:54:16,4.200312744716299,0.297,25.72571420883662,4.200240455365499,0.29732000000000025,25.033730356166533
2024-11-04 17:54:17,4.200477038696013,0.297,23.469396624933097,4.200260170643033,0.29732000000000025,24.988604004488465
2024-11-04 17:54:17,4.199984156757696,0.297,23.469396624933097,4.200247027124688,0.2973200000000002,24.943477652810397
2024-11-04 17:54:17,4.200312744716299,0.297,26.437220450515156,4.200247027124688,0.2972800000000002,25.018777284756634
2024-11-04 17:54:17,4.20014845073686,0.297,23.469396624933097,4.200233883606323,0.2972400000000002,24.98827051068008
2024-11-04 17:54:18,4.200477038696013,0.297,25.72571420883662,4.2002535988838545,0.2972000000000002,25.01792333414838
2024-11-04 17:54:18,4.200477038696013,0.297,24.9947353287605,4.200253598883855,0.2971600000000002,24.989073631713286
2024-11-04 17:54:18,4.200641332676002,0.297,25.72571420883662,4.200266742402244,0.2971200000000002,25.034199983391353
2024-11-04 17:54:18,4.20014845073686,0.297,23.469396624933097,4.200253598883878,0.29708000000000023,25.018726455181582
2024-11-04 17:54:19,4.200312744716299,0.297,22.672238853203226,4.200260170643054,0.2970400000000002,24.987309771537202
2024-11-04 17:54:19,4.200477038696013,0.297,26.437220450515156,4.200279885920588,0.2970000000000002,25.001539896370776
2024-11-04 17:54:19,4.20014845073686,0.297,24.2430730354219,4.20027331416141,0.2970000000000002,25.001539896370772
2024-11-04 17:54:19,4.200477038696013,0.296,23.469396624933097,4.200279885920599,0.29696000000000017,24.94218341985913
2024-11-04 17:54:20,4.199819862778808,0.296,24.9947353287605,4.2002667424022775,0.29692000000000013,24.972690193935673
2024-11-04 17:54:20,4.200477038696013,0.296,26.437220450515156,4.200286457679811,0.29688000000000003,25.00153989637077
2024-11-04 17:54:20,4.199655568800195,0.296,26.437220450515156,4.200266742402342,0.29684,25.03038959880587
2024-11-04 17:54:20,4.200641332676002,0.297,24.2430730354219,4.200279885920731,0.29684,25.000736775337568
2024-11-04 17:54:21,4.200312744716299,0.297,25.72571420883662,4.20027988592073,0.29684,25.045863127015636
2024-11-04 17:54:21,4.200805626656267,0.297,24.9947353287605,4.200319316475828,0.29684,25.031243549414118
2024-11-04 17:54:21,4.199984156757696,0.297,25.72571420883662,4.200306172957485,0.29684,25.017013424580554
2024-11-04 17:54:21,4.200641332676002,0.297,24.9947353287605,4.200312744716684,0.29684,25.032046670447322
2024-11-04 17:54:22,4.200312744716299,0.296,25.72571420883662,4.200306172957495,0.29679999999999995,25.04666624804885
2024-11-04 17:54:22,4.200312744716299,0.296,24.9947353287605,4.200319316475838,0.2967599999999999,25.046666248048847
2024-11-04 17:54:22,4.200312744716299,0.296,27.13035904417916,4.200325888235016,0.2967199999999999,25.089378722357225
2024-11-04 17:54:22,4.200312744716299,0.296,24.9947353287605,4.200319316475826,0.29667999999999994,25.089378722357218
2024-11-04 17:54:23,4.200477038696013,0.296,26.437220450515156,4.200325888235015,0.29663999999999996,25.148735198868852
2024-11-04 17:54:23,4.20014845073686,0.297,25.72571420883662,4.200312744716649,0.29664,25.13450507403528
2024-11-04 17:54:23,4.200312744716299,0.297,24.2430730354219,4.2003258882349925,0.29664000000000007,25.10485225056699
2024-11-04 17:54:23,4.200477038696013,0.296,25.72571420883662,4.200332459994183,0.2966,25.10485225056698
2024-11-04 17:54:24,4.200477038696013,0.296,25.72571420883662,4.200345603512549,0.29655999999999993,25.090622125733418
2024-11-04 17:54:24,4.200312744716299,0.296,26.437220450515156,4.2003390317533595,0.2965199999999999,25.13450507403528
2024-11-04 17:54:24,4.200312744716299,0.296,24.9947353287605,4.200332459994171,0.2964799999999998,25.149538319902053
2024-11-04 17:54:24,4.200477038696013,0.296,24.9947353287605,4.200325888234972,0.29643999999999976,25.14953831990205
2024-11-04 17:54:25,4.200641332676002,0.296,25.72571420883662,4.200345603512539,0.2963999999999997,25.149538319902057
2024-11-04 17:54:25,4.200477038696013,0.296,22.672238853203226,4.200352175271728,0.2963599999999998,25.133595164467454
2024-11-04 17:54:25,4.200641332676002,0.296,27.13035904417916,4.200358747030927,0.2963199999999998,25.176307638775835
2024-11-04 17:54:25,4.200312744716299,0.296,26.437220450515156,4.200365318790105,0.2962799999999998,25.1905377636094
2024-11-04 17:54:26,4.200805626656267,0.296,25.72571420883662,4.200378462308516,0.2962799999999999,25.220190587077685
2024-11-04 17:54:26,4.20014845073686,0.296,24.9947353287605,4.2003916058268365,0.29627999999999977,25.266640516588836
2024-11-04 17:54:26,4.200477038696013,0.296,26.437220450515156,4.2003916058268365,0.29627999999999977,25.295490219023932
2024-11-04 17:54:26,4.200805626656267,0.296,25.72571420883662,4.20043760814108,0.2962799999999997,25.310109796625447
2024-11-04 17:54:27,4.200805626656267,0.296,25.72571420883662,4.20044417990029,0.2962399999999997,25.282016899918588
2024-11-04 17:54:27,4.200312744716299,0.296,24.2430730354219,4.20044417990029,0.2961999999999997,25.266983654051824
2024-11-04 17:54:27,4.200312744716299,0.296,25.72571420883662,4.20042446462269,0.2961599999999997,25.296636477520114
2024-11-04 17:54:27,4.200477038696013,0.296,25.72571420883662,4.200444179900222,0.2961199999999997,25.296636477520114
2024-11-04 17:54:28,4.20014845073686,0.296,25.72571420883662,4.200424464622657,0.2960799999999998,25.31125605512164
2024-11-04 17:54:28,4.200312744716299,0.296,24.2430730354219,4.200424464622657,0.2960799999999998,25.28160323165335
2024-11-04 17:54:28,4.200312744716299,0.296,23.469396624933097,4.200424464622656,0.2960799999999998,25.208383983268433
2024-11-04 17:54:28,4.200805626656267,0.296,24.9947353287605,4.200444179900255,0.29607999999999973,25.1937644056669
2024-11-04 17:54:29,4.200312744716299,0.296,24.9947353287605,4.200444179900254,0.29607999999999973,25.193764405666908
2024-11-04 17:54:29,4.200312744716299,0.296,24.9947353287605,4.2004376081410655,0.29607999999999973,25.179144828065386
2024-11-04 17:54:29,4.200641332676002,0.296,24.9947353287605,4.2004573234186315,0.2960399999999998,25.209651602141932
2024-11-04 17:54:29,4.200641332676002,0.296,24.2430730354219,4.200470466937021,0.29599999999999976,25.225125130351714
2024-11-04 17:54:30,4.200641332676002,0.296,24.9947353287605,4.200477038696221,0.29599999999999976,25.196275427916618
2024-11-04 17:54:30,4.200969920636808,0.296,27.80614130216054,4.200496753973852,0.29599999999999976,25.28301032146117
2024-11-04 17:54:30,4.200969920636808,0.296,27.13035904417916,4.200523041010672,0.29599999999999976,25.311103218168018
2024-11-04 17:54:30,4.20014845073686,0.296,23.469396624933097,4.200516469251495,0.29599999999999976,25.280596444091472
2024-11-04 17:54:31,4.20014845073686,0.296,24.2430730354219,4.20050332573313,0.29599999999999976,25.25094362062318
2024-11-04 17:54:31,4.200805626656267,0.296,24.9947353287605,4.200509897492341,0.29599999999999976,25.28145039469972
2024-11-04 17:54:31,4.200312744716299,0.296,24.2430730354219,4.200503325733153,0.29599999999999976,25.3128670783441
2024-11-04 17:54:31,4.200805626656267,0.296,25.72571420883662,4.2005098974923625,0.29599999999999976,25.29863695351053
2024-11-04 17:54:32,4.200805626656267,0.296,26.437220450515156,4.200529612769961,0.29599999999999976,25.342519901812395
2024-11-04 17:54:32,4.200805626656267,0.296,24.9947353287605,4.2005296127699605,0.29599999999999976,25.373026675888944
2024-11-04 17:54:32,4.199984156757696,0.295,24.2430730354219,4.200523041010793,0.2959599999999998,25.35799343002217
2024-11-04 17:54:32,4.200969920636808,0.295,24.9947353287605,4.200542756288424,0.2959199999999998,25.329143727587084
2024-11-04 17:54:33,4.200477038696013,0.295,23.469396624933097,4.200529612770016,0.2958799999999998,25.269787251075442
2024-11-04 17:54:33,4.200477038696013,0.296,24.2430730354219,4.200516469251605,0.2958799999999998,25.269787251075435
2024-11-04 17:54:33,4.200312744716299,0.296,23.469396624933097,4.200516469251605,0.2958799999999998,25.224660899397367
2024-11-04 17:54:33,4.200312744716299,0.296,25.72571420883662,4.200516469251605,0.2958799999999998,25.239280476998893
2024-11-04 17:54:34,4.200641332676002,0.295,23.469396624933097,4.200523041010806,0.2958399999999999,25.194154125320814
2024-11-04 17:54:34,4.200969920636808,0.295,24.9947353287605,4.200555899806804,0.2957999999999999,25.19415412532082
2024-11-04 17:54:34,4.199984156757696,0.296,24.9947353287605,4.200542756288459,0.2957999999999999,25.1795345477193
2024-11-04 17:54:34,4.200477038696013,0.296,24.9947353287605,4.200549328047648,0.2957999999999999,25.179534547719296
2024-11-04 17:54:35,4.200312744716299,0.296,25.72571420883662,4.2005296127700475,0.2957999999999999,25.151441651012448
2024-11-04 17:54:35,4.200805626656267,0.295,26.437220450515156,4.2005493280476465,0.2957599999999999,25.180291353447537
2024-11-04 17:54:35,4.20014845073686,0.295,24.9947353287605,4.20054275628847,0.29571999999999987,25.15144165101245
2024-11-04 17:54:35,4.200805626656267,0.295,25.72571420883662,4.20054932804768,0.2956799999999999,25.151441651012448
2024-11-04 17:54:36,4.200477038696013,0.295,22.672238853203226,4.200542756288481,0.29563999999999985,25.120024967368078
2024-11-04 17:54:36,4.200477038696013,0.295,23.469396624933097,4.200536184529283,0.29559999999999986,25.074898615690007
2024-11-04 17:54:36,4.200641332676002,0.295,25.72571420883662,4.20052304101085,0.2955599999999999,25.07489861569
2024-11-04 17:54:36,4.200641332676002,0.295,25.72571420883662,4.200509897492419,0.29551999999999995,25.060668490856433
2024-11-04 17:54:37,4.200969920636808,0.295,23.469396624933097,4.200542756288416,0.2954799999999999,25.03016171677988
2024-11-04 17:54:37,4.200477038696013,0.295,24.9947353287605,4.200555899806783,0.2954399999999999,25.030161716779887
2024-11-04 17:54:37,4.200805626656267,0.295,24.9947353287605,4.200555899806783,0.2954,25.015542139178354
2024-11-04 17:54:37,4.200477038696013,0.295,26.437220450515156,4.200562471565973,0.29536,25.090841771124587
2024-11-04 17:54:38,4.200477038696013,0.295,24.9947353287605,4.200549328047563,0.29532,25.048129296816217
2024-11-04 17:54:38,4.200312744716299,0.295,24.2430730354219,4.200529612769962,0.29528,25.004246348514354
2024-11-04 17:54:38,4.201462802580083,0.295,25.72571420883662,4.200555899806916,0.29523999999999995,25.004246348514354
2024-11-04 17:54:38,4.200805626656267,0.295,25.72571420883662,4.200588758602858,0.29523999999999995,25.01886592611588
2024-11-04 17:54:39,4.200312744716299,0.295,24.9947353287605,4.200562471566036,0.29523999999999995,24.990016223680783
2024-11-04 17:54:39,4.200477038696013,0.295,24.9947353287605,4.200562471566036,0.29523999999999995,24.97539664607926
2024-11-04 17:54:39,4.199984156757696,0.295,24.9947353287605,4.200542756288504,0.2951999999999999,24.960777068477743
2024-11-04 17:54:39,4.20014845073686,0.295,24.9947353287605,4.200536184529326,0.2951599999999999,24.975810314344507
2024-11-04 17:54:40,4.200969920636808,0.295,26.437220450515156,4.200562471566147,0.29511999999999994,24.99004043917809
2024-11-04 17:54:40,4.200805626656267,0.295,24.2430730354219,4.200569043325356,0.29511999999999994,24.96038761570979
2024-11-04 17:54:40,4.200969920636808,0.295,25.72571420883662,4.200569043325356,0.29512,24.960387615709795
2024-11-04 17:54:40,4.200805626656267,0.295,26.437220450515156,4.200601902121299,0.29507999999999995,25.00427056401166
2024-11-04 17:54:41,4.200641332676002,0.295,25.72571420883662,4.200608473880498,0.29503999999999997,25.04939691568973
2024-11-04 17:54:41,4.200805626656267,0.295,24.9947353287605,4.200628189158096,0.295,25.049396915689726
2024-11-04 17:54:41,4.200969920636808,0.295,25.72571420883662,4.200634760917318,0.295,25.064016493291255
2024-11-04 17:54:41,4.200641332676002,0.295,25.72571420883662,4.200654476194885,0.295,25.07863607089277
2024-11-04 17:54:42,4.200312744716299,0.295,25.72571420883662,4.200634760917285,0.295,25.093255648494296
2024-11-04 17:54:42,4.200477038696013,0.295,26.437220450515156,4.200634760917286,0.295,25.13713859679616
2024-11-04 17:54:42,4.200805626656267,0.295,26.437220450515156,4.200647904435697,0.295,25.16598829923125
2024-11-04 17:54:42,4.200641332676002,0.295,26.437220450515156,4.200647904435698,0.295,25.13860988219834
2024-11-04 17:54:43,4.200805626656267,0.295,24.9947353287605,4.200654476194908,0.295,25.095897407889975
2024-11-04 17:54:43,4.200477038696013,0.295,22.672238853203226,4.200634760917277,0.295,25.079954252455373
2024-11-04 17:54:43,4.200805626656267,0.295,27.13035904417916,4.200647904435686,0.295,25.13769997263051
2024-11-04 17:54:44,4.200477038696013,0.295,25.72571420883662,4.200634760917277,0.295,25.15231955023205
2024-11-04 17:54:44,4.200641332676002,0.295,24.9947353287605,4.200641332676477,0.295,25.167352796098818
2024-11-04 17:54:44,4.200805626656267,0.295,26.437220450515156,4.200654476194886,0.295,25.18158292093239
2024-11-04 17:54:44,4.201134214617624,0.295,25.72571420883662,4.200687334990939,0.295,25.16735279609881
2024-11-04 17:54:45,4.200477038696013,0.295,24.9947353287605,4.200647904435577,0.295,25.167352796098807
2024-11-04 17:54:45,4.200969920636808,0.294,25.72571420883662,4.2006544761947975,0.29496,25.197005619567108
2024-11-04 17:54:45,4.200969920636808,0.294,26.437220450515156,4.200680763231618,0.29492,25.2258553220022
2024-11-04 17:54:45,4.200805626656267,0.295,23.469396624933097,4.200693906750027,0.29492,25.225855322002204
2024-11-04 17:54:46,4.200641332676002,0.295,25.72571420883662,4.2007201937867595,0.29492,25.255508145470493
2024-11-04 17:54:46,4.200477038696013,0.295,25.72571420883662,4.200733337305126,0.29492,25.300634497148568
2024-11-04 17:54:46,4.200805626656267,0.295,21.000806169342923,4.2007267655459035,0.29492,25.206136336358696
2024-11-04 17:54:46,4.200477038696013,0.295,23.469396624933097,4.200713622027494,0.29492,25.20613633635869
2024-11-04 17:54:47,4.200312744716299,0.295,24.9947353287605,4.200687334990673,0.29492,25.206136336358696
2024-11-04 17:54:47,4.200805626656267,0.295,26.437220450515156,4.200687334990673,0.29492,25.234986038793785
2024-11-04 17:54:47,4.200641332676002,0.294,25.72571420883662,4.200687334990673,0.29488000000000003,25.24960561639531
2024-11-04 17:54:47,4.200805626656267,0.294,24.9947353287605,4.200687334990675,0.29484000000000005,25.23498603879378
2024-11-04 17:54:48,4.201134214617624,0.295,27.13035904417916,4.200693906749907,0.29484,25.24884881066706
2024-11-04 17:54:48,4.200805626656267,0.295,25.72571420883662,4.200700478509117,0.29484,25.263468388268585
2024-11-04 17:54:48,4.200969920636808,0.295,23.469396624933097,4.200726765545937,0.29484,25.218342036590517
2024-11-04 17:54:48,4.200312744716299,0.294,25.72571420883662,4.200720193786748,0.2948,25.27941154370318
2024-11-04 17:54:49,4.200805626656267,0.294,24.9947353287605,4.200720193786747,0.29476,25.309918317779726
2024-11-04 17:54:49,4.200641332676002,0.294,25.72571420883662,4.200720193786748,0.29472000000000004,25.30991831777973
2024-11-04 17:54:49,4.201462802580083,0.294,25.72571420883662,4.200746480823701,0.29468000000000005,25.30991831777973
2024-11-04 17:54:49,4.200969920636808,0.294,24.9947353287605,4.200766196101332,0.29464000000000007,25.340425091856282
2024-11-04 17:54:50,4.201298508598716,0.294,25.72571420883662,4.20078591137903,0.29460000000000014,25.35504466945781
2024-11-04 17:54:50,4.200641332676002,0.294,23.469396624933097,4.20079248313823,0.29456000000000016,25.32453789538126
2024-11-04 17:54:50,4.200805626656267,0.294,27.13035904417916,4.200799054897441,0.2945200000000001,25.338400667254536
2024-11-04 17:54:50,4.200805626656267,0.294,24.2430730354219,4.200799054897441,0.29448000000000013,25.32336742138776
2024-11-04 17:54:51,4.200477038696013,0.294,24.9947353287605,4.2007727678605775,0.29444000000000015,25.338400667254536
2024-11-04 17:54:51,4.200641332676002,0.293,25.72571420883662,4.200779339619778,0.2943600000000001,25.338400667254536
2024-11-04 17:54:51,4.200969920636808,0.293,23.469396624933097,4.200779339619778,0.2943200000000001,25.293274315576458
2024-11-04 17:54:51,4.200805626656267,0.294,24.9947353287605,4.200772767860555,0.2943200000000001,25.293274315576465
2024-11-04 17:54:52,4.200969920636808,0.294,27.80614130216054,4.200779339619777,0.29428000000000004,25.34950243504446
2024-11-04 17:54:52,4.200805626656267,0.294,26.437220450515156,4.200785911378987,0.29424000000000006,25.37835213747956
2024-11-04 17:54:52,4.200969920636808,0.294,24.2430730354219,4.200805626656619,0.2942000000000001,25.363318891612792
2024-11-04 17:54:52,4.200641332676002,0.294,26.437220450515156,4.2007990548974075,0.29416,25.36331889161279
2024-11-04 17:54:52,4.200805626656267,0.294,26.437220450515156,4.200812198415819,0.29412,25.407201839914652
2024-11-04 17:54:53,4.200312744716299,0.294,24.9947353287605,4.200812198415817,0.29408,25.39258226231313
2024-11-04 17:54:53,4.200641332676002,0.294,24.2430730354219,4.2008056266566065,0.29404,25.348699314011263
2024-11-04 17:54:53,4.200969920636808,0.294,23.469396624933097,4.200818770175038,0.29404,25.303572962333195
2024-11-04 17:54:53,4.200641332676002,0.294,23.469396624933097,4.200812198415829,0.2940400000000001,25.273066188256653
2024-11-04 17:54:54,4.200805626656267,0.294,26.437220450515156,4.200799054897374,0.29400000000000015,25.28729631309022
2024-11-04 17:54:54,4.200805626656267,0.294,24.9947353287605,4.200799054897375,0.29396000000000017,25.272676735488698
2024-11-04 17:54:54,4.200641332676002,0.294,26.437220450515156,4.200785911378944,0.2939200000000001,25.28690686032227
2024-11-04 17:54:54,4.201462802580083,0.294,26.437220450515156,4.200831913693496,0.2939200000000001,25.28690686032227
2024-11-04 17:54:55,4.200641332676002,0.294,24.9947353287605,4.200825341934285,0.2939200000000001,25.258057157887173
2024-11-04 17:54:55,4.201134214617624,0.294,24.9947353287605,4.20084505721195,0.2939200000000001,25.22920745545208
2024-11-04 17:54:55,4.200805626656267,0.294,25.72571420883662,4.2008187701749975,0.2939200000000001,25.243827033053602
2024-11-04 17:54:55,4.201134214617624,0.293,26.437220450515156,4.200825341934229,0.29388000000000003,25.31912666499984
2024-11-04 17:54:56,4.200641332676002,0.293,24.2430730354219,4.200799054897321,0.29384,25.2613809448247
2024-11-04 17:54:56,4.200805626656267,0.293,24.9947353287605,4.200805626656532,0.29379999999999995,25.246761367223172
2024-11-04 17:54:56,4.200805626656267,0.293,24.2430730354219,4.200805626656531,0.2937599999999999,25.231728121356404
2024-11-04 17:54:56,4.200969920636808,0.293,25.72571420883662,4.200812198415752,0.29371999999999987,25.217497996522834
2024-11-04 17:54:57,4.200969920636808,0.293,24.2430730354219,4.200831913693383,0.29367999999999983,25.187845173054544
2024-11-04 17:54:57,4.200805626656267,0.293,27.13035904417916,4.200838485452594,0.2936799999999998,25.23055764736292
2024-11-04 17:54:57,4.200969920636808,0.293,25.72571420883662,4.200838485452592,0.2936799999999997,25.23055764736291
2024-11-04 17:54:57,4.200641332676002,0.293,26.437220450515156,4.200831913693382,0.2936399999999997,25.23055764736291
2024-11-04 17:54:58,4.200641332676002,0.294,25.72571420883662,4.200818770174951,0.2936399999999997,25.275683999040986
2024-11-04 17:54:58,4.200477038696013,0.294,27.13035904417916,4.200805626656542,0.2936399999999997,25.303776895747827
2024-11-04 17:54:58,4.200312744716299,0.293,25.72571420883662,4.2007793396197215,0.2935999999999997,25.303776895747834
2024-11-04 17:54:58,4.200805626656267,0.293,22.672238853203226,4.200785911378931,0.2935599999999997,25.33720554942504
2024-11-04 17:54:59,4.200312744716299,0.293,24.9947353287605,4.200766196101332,0.2935199999999997,25.367712323501582
2024-11-04 17:54:59,4.200312744716299,0.293,25.72571420883662,4.200766196101332,0.29347999999999974,25.382331901103107
2024-11-04 17:54:59,4.200969920636808,0.293,23.469396624933097,4.200779339619764,0.29343999999999976,25.322975424591462
2024-11-04 17:54:59,4.201298508598716,0.293,25.72571420883662,4.200792483138241,0.29339999999999977,25.32297542459147
2024-11-04 17:55:00,4.200969920636808,0.293,24.2430730354219,4.200805626656672,0.2933599999999998,25.307942178724694
2024-11-04 17:55:00,4.201298508598716,0.293,25.72571420883662,4.200825341934371,0.2933199999999998,25.27984928201785
2024-11-04 17:55:00,4.200805626656267,0.294,25.72571420883662,4.200825341934369,0.29331999999999986,25.27984928201784
2024-11-04 17:55:00,4.20014845073686,0.294,25.72571420883662,4.200805626656805,0.29331999999999986,25.324975633695914
2024-11-04 17:55:01,4.201462802580083,0.293,26.437220450515156,4.2008056266568055,0.29327999999999976,25.339205758529488
2024-11-04 17:55:01,4.200805626656267,0.293,24.2430730354219,4.200812198416015,0.2932399999999998,25.324172512662713
2024-11-04 17:55:01,4.200805626656267,0.293,27.13035904417916,4.200799054897561,0.2931999999999998,25.352265409369565
2024-11-04 17:55:01,4.200969920636808,0.293,24.9947353287605,4.200805626656784,0.29315999999999975,25.337645831768036
2024-11-04 17:55:02,4.201298508598716,0.293,26.437220450515156,4.200812198416028,0.29315999999999975,25.366495534203132
2024-11-04 17:55:02,4.200641332676002,0.293,26.437220450515156,4.200812198416028,0.29315999999999975,25.380725659036706
2024-11-04 17:55:02,4.201134214617624,0.293,22.672238853203226,4.200825341934482,0.29315999999999975,25.364782503602104
2024-11-04 17:55:02,4.200969920636808,0.293,24.9947353287605,4.200831913693703,0.2931599999999998,25.322070029293737
2024-11-04 17:55:03,4.200969920636808,0.293,24.9947353287605,4.200831913693703,0.2931599999999998,25.337103275160512
2024-11-04 17:55:03,4.200641332676002,0.293,24.2430730354219,4.200818770175271,0.29315999999999975,25.322070029293737
2024-11-04 17:55:03,4.200969920636808,0.293,24.9947353287605,4.200825341934492,0.2931599999999997,25.307450451692215
2024-11-04 17:55:03,4.200477038696013,0.293,26.437220450515156,4.20080562665686,0.29315999999999964,25.36680692820385
2024-11-04 17:55:04,4.200805626656267,0.293,25.72571420883662,4.200812198416071,0.29315999999999964,25.381426505805376
2024-11-04 17:55:04,4.200641332676002,0.293,25.72571420883662,4.200812198416072,0.2931199999999997,25.339817963938895
2024-11-04 17:55:04,4.201134214617624,0.293,24.2430730354219,4.200838485452936,0.2930799999999997,25.295935015637028
2024-11-04 17:55:04,4.200969920636808,0.293,24.2430730354219,4.200864772489756,0.2930799999999997,25.29593501563703
2024-11-04 17:55:05,4.201462802580083,0.293,24.2430730354219,4.200891059526709,0.2930799999999997,25.252052067335168
2024-11-04 17:55:05,4.201134214617624,0.292,26.437220450515156,4.200923918322762,0.29303999999999975,25.25205206733516
2024-11-04 17:55:05,4.201134214617624,0.292,25.72571420883662,4.200956777118815,0.29299999999999976,25.266671644936686
2024-11-04 17:55:05,4.201134214617624,0.293,25.72571420883662,4.200963348878047,0.29299999999999976,25.296324468404972
2024-11-04 17:55:06,4.200805626656267,0.293,24.9947353287605,4.20094363360035,0.29299999999999976,25.326831242481525
2024-11-04 17:55:06,4.200969920636808,0.293,24.9947353287605,4.200943633600349,0.29299999999999976,25.357338016558078
2024-11-04 17:55:06,4.200969920636808,0.293,24.9947353287605,4.2009304900818725,0.29299999999999976,25.328488314122982
2024-11-04 17:55:06,4.200805626656267,0.293,24.9947353287605,4.200930490081871,0.2929599999999998,25.32848831412298
2024-11-04 17:55:07,4.200969920636808,0.293,26.437220450515156,4.2009633488778695,0.2929199999999998,25.32848831412299
2024-11-04 17:55:07,4.201134214617624,0.293,25.72571420883662,4.20095020535937,0.2929199999999998,25.31425818928941
2024-11-04 17:55:07,4.200969920636808,0.292,24.2430730354219,4.200956777118591,0.2928799999999998,25.299224943422637
2024-11-04 17:55:07,4.201134214617624,0.292,26.437220450515156,4.200969920637045,0.2928399999999998,25.328074645857733
2024-11-04 17:55:08,4.200805626656267,0.292,24.2430730354219,4.200963348877824,0.2927999999999998,25.298421822389443
2024-11-04 17:55:08,4.201134214617624,0.293,27.13035904417916,4.200956777118581,0.2927999999999998,25.31228459426272
2024-11-04 17:55:08,4.200969920636808,0.293,25.72571420883662,4.2009699206370135,0.2927999999999998,25.341937417731014
2024-11-04 17:55:08,4.201134214617624,0.293,27.13035904417916,4.200969920637013,0.2927999999999998,25.384649892039384
2024-11-04 17:55:09,4.200805626656267,0.293,24.9947353287605,4.200963348877791,0.2927999999999998,25.39968313790616
2024-11-04 17:55:09,4.201134214617624,0.293,22.672238853203226,4.200969920637024,0.2927999999999998,25.338613630793493
2024-11-04 17:55:09,4.201462802580083,0.293,24.2430730354219,4.201002779433188,0.2927999999999998,25.33861363079349
2024-11-04 17:55:09,4.201134214617624,0.293,25.72571420883662,4.201009351192421,0.2927999999999998,25.31052073408664
2024-11-04 17:55:10,4.201134214617624,0.293,24.9947353287605,4.2010356382292855,0.2927999999999998,25.29590115648512
2024-11-04 17:55:10,4.201298508598716,0.293,25.72571420883662,4.201055353506984,0.2927999999999997,25.28167103165155
2024-11-04 17:55:10,4.201134214617624,0.293,25.72571420883662,4.2010750687846485,0.2927999999999997,25.28167103165155
2024-11-04 17:55:10,4.200969920636808,0.293,24.9947353287605,4.201068497025416,0.29279999999999967,25.23895855734317
2024-11-04 17:55:11,4.200641332676002,0.293,23.469396624933097,4.201055353506985,0.29279999999999967,25.193832205665114
2024-11-04 17:55:11,4.201462802580083,0.293,23.469396624933097,4.201055353506986,0.29279999999999967,25.209775361099695
2024-11-04 17:55:11,4.200641332676002,0.293,25.72571420883662,4.201035638229321,0.29283999999999966,25.224394938701234
2024-11-04 17:55:11,4.200969920636808,0.293,22.672238853203226,4.201029066470088,0.2928799999999997,25.16332543158856
2024-11-04 17:55:12,4.201298508598716,0.293,24.9947353287605,4.201035638229331,0.2928799999999997,25.193832205665103
2024-11-04 17:55:12,4.201298508598716,0.293,25.72571420883662,4.20105535350703,0.2928799999999997,25.193832205665093
2024-11-04 17:55:12,4.200969920636808,0.293,24.2430730354219,4.20105535350703,0.2928799999999997,25.193832205665107
2024-11-04 17:55:12,4.201462802580083,0.293,23.469396624933097,4.201075068784761,0.2928799999999997,25.148705853987032
2024-11-04 17:55:13,4.201627096561725,0.292,25.72571420883662,4.201107927580981,0.29283999999999977,25.148705853987032
2024-11-04 17:55:13,4.201298508598716,0.292,23.469396624933097,4.2011210710994575,0.2927999999999998,25.10357950230896
2024-11-04 17:55:13,4.201298508598716,0.292,24.9947353287605,4.201127642858701,0.2927599999999998,25.074729799873868
2024-11-04 17:55:13,4.200805626656267,0.292,26.437220450515156,4.201121071099478,0.2927599999999998,25.11861274817574
2024-11-04 17:55:14,4.201134214617624,0.292,26.437220450515156,4.201121071099477,0.2927599999999998,25.104749976302454
2024-11-04 17:55:14,4.201627096561725,0.292,25.72571420883662,4.201153929895696,0.29275999999999985,25.11936955390398
2024-11-04 17:55:14,4.201298508598716,0.292,25.72571420883662,4.2011605016549405,0.29271999999999987,25.105139429070405
2024-11-04 17:55:14,4.201134214617624,0.292,24.9947353287605,4.2011670734141715,0.2926799999999999,25.07628972663531
2024-11-04 17:55:15,4.201134214617624,0.292,22.672238853203226,4.2011670734141715,0.2926399999999999,25.076289726635313
2024-11-04 17:55:15,4.201462802580083,0.292,25.72571420883662,4.201193360451124,0.29259999999999997,25.09090930423683
2024-11-04 17:55:15,4.201462802580083,0.292,24.9947353287605,4.2012065039696225,0.29256,25.090909304236824
2024-11-04 17:55:15,4.201134214617624,0.292,24.9947353287605,4.201193360451123,0.29251999999999995,25.10594255010361
2024-11-04 17:55:16,4.201627096561725,0.292,25.72571420883662,4.201213075728888,0.29247999999999996,25.120562127705124
2024-11-04 17:55:16,4.201298508598716,0.292,24.2430730354219,4.201219647488132,0.2924399999999999,25.076679179403257
2024-11-04 17:55:16,4.200969920636808,0.292,27.80614130216054,4.201206503969656,0.29239999999999994,25.118287721269738
2024-11-04 17:55:16,4.201462802580083,0.292,22.672238853203226,4.201219647488155,0.2923599999999999,25.057218214157075
2024-11-04 17:55:17,4.201134214617624,0.292,24.9947353287605,4.2012262192473875,0.2923199999999999,25.07225146002385
2024-11-04 17:55:17,4.201134214617624,0.292,23.469396624933097,4.201245934525051,0.2922799999999999,25.056777931814068
2024-11-04 17:55:17,4.202119978508306,0.292,27.13035904417916,4.2012722215621805,0.2922399999999999,25.114523651989217
2024-11-04 17:55:17,4.200969920636808,0.292,25.72571420883662,4.2012853650806115,0.2921999999999999,25.100293527155653
2024-11-04 17:55:18,4.201298508598716,0.292,25.72571420883662,4.201298508599089,0.29215999999999986,25.100293527155646
2024-11-04 17:55:18,4.200641332676002,0.292,24.2430730354219,4.2012722215621805,0.2921199999999999,25.070640703687353
2024-11-04 17:55:18,4.200969920636808,0.292,26.437220450515156,4.201259078043704,0.29207999999999984,25.09949040612244
2024-11-04 17:55:18,4.201298508598716,0.292,25.72571420883662,4.20127222156218,0.29203999999999986,25.114109983723957
2024-11-04 17:55:19,4.201298508598716,0.292,27.80614130216054,4.2012656498029255,0.29199999999999987,25.170338103191963
2024-11-04 17:55:19,4.201462802580083,0.292,25.72571420883662,4.20125907804366,0.29199999999999987,25.184957680793477
2024-11-04 17:55:19,4.201134214617624,0.292,26.437220450515156,4.201252506284416,0.29199999999999987,25.184957680793488
2024-11-04 17:55:19,4.201298508598716,0.292,25.72571420883662,4.201252506284416,0.29199999999999987,25.184957680793488
2024-11-04 17:55:20,4.201462802580083,0.292,24.9947353287605,4.201278793321369,0.29199999999999987,25.199990926660252
2024-11-04 17:55:20,4.200969920636808,0.292,24.2430730354219,4.201272221562138,0.29199999999999987,25.156107978358396
2024-11-04 17:55:20,4.200805626656267,0.292,25.72571420883662,4.201239362765919,0.29199999999999987,25.185760801826692
2024-11-04 17:55:20,4.201298508598716,0.292,24.9947353287605,4.201239362765919,0.29199999999999987,25.143048327518315
2024-11-04 17:55:21,4.200805626656267,0.292,24.9947353287605,4.201226219247465,0.29199999999999987,25.128428749916793
2024-11-04 17:55:21,4.201134214617624,0.292,27.13035904417916,4.201226219247463,0.29199999999999987,25.128428749916797
2024-11-04 17:55:21,4.201134214617624,0.292,26.437220450515156,4.201213075728964,0.29199999999999987,25.157278452351886
2024-11-04 17:55:21,4.200969920636808,0.292,24.9947353287605,4.201193360451233,0.29199999999999987,25.203728381863034
2024-11-04 17:55:22,4.201627096561725,0.292,24.2430730354219,4.201213075728998,0.29199999999999987,25.203728381863037
2024-11-04 17:55:22,4.201134214617624,0.292,25.72571420883662,4.201193360451233,0.29199999999999987,25.203728381863037
2024-11-04 17:55:22,4.200805626656267,0.292,25.72571420883662,4.201173645173535,0.29199999999999987,25.218347959464555
2024-11-04 17:55:22,4.201627096561725,0.292,25.72571420883662,4.201199932210533,0.29199999999999987,25.218347959464545
2024-11-04 17:55:23,4.200969920636808,0.292,25.72571420883662,4.2011802169328005,0.29199999999999987,25.218347959464555
2024-11-04 17:55:23,4.201298508598716,0.292,25.72571420883662,4.201186788692045,0.29199999999999987,25.23296753706607
2024-11-04 17:55:23,4.201298508598716,0.292,21.84997632024192,4.201193360451288,0.29199999999999987,25.20057913097225
2024-11-04 17:55:23,4.201462802580083,0.292,29.10927472714519,4.20116707341416,0.29199999999999987,25.31337669301649
2024-11-04 17:55:24,4.200641332676002,0.292,25.72571420883662,4.201153929895729,0.29199999999999987,25.31337669301649
2024-11-04 17:55:24,4.201462802580083,0.291,22.672238853203226,4.201160501654985,0.2919599999999999,25.313376693016483
2024-11-04 17:55:24,4.201298508598716,0.291,24.9947353287605,4.201186788691892,0.2919199999999999,25.31337669301649
2024-11-04 17:55:24,4.201298508598716,0.292,25.72571420883662,4.20119993221037,0.2919199999999999,25.31337669301649
2024-11-04 17:55:25,4.201627096561725,0.292,24.9947353287605,4.20121307572889,0.2919199999999999,25.328409938883265
2024-11-04 17:55:25,4.201462802580083,0.291,24.2430730354219,4.201219647488146,0.2918799999999999,25.343883467093047
2024-11-04 17:55:25,4.201298508598716,0.291,25.72571420883662,4.201213075728891,0.29183999999999993,25.343883467093047
2024-11-04 17:55:25,4.200641332676002,0.291,24.9947353287605,4.201193360451227,0.29179999999999995,25.3743902411696
2024-11-04 17:55:26,4.201134214617624,0.291,26.437220450515156,4.201186788691982,0.29175999999999996,25.403239943604685
2024-11-04 17:55:26,4.201134214617624,0.291,24.9947353287605,4.2011736451734825,0.29172,25.37439024116959
2024-11-04 17:55:26,4.201134214617624,0.291,24.9947353287605,4.201180216932714,0.29168000000000005,25.345540538734504
2024-11-04 17:55:26,4.201955684525837,0.291,25.72571420883662,4.201226219247497,0.29164000000000007,25.345540538734493
2024-11-04 17:55:27,4.201791390543644,0.291,22.672238853203226,4.201245934525294,0.2916000000000001,25.28447103162183
2024-11-04 17:55:27,4.201298508598716,0.291,24.9947353287605,4.201265649802991,0.2915600000000001,25.284471031621834
2024-11-04 17:55:27,4.201298508598716,0.291,27.13035904417916,4.201272221562235,0.2915200000000001,25.37363343544135
2024-11-04 17:55:27,4.201298508598716,0.291,23.469396624933097,4.201278793321478,0.29148000000000013,25.32850708376328
2024-11-04 17:55:28,4.201627096561725,0.291,24.9947353287605,4.201305080358475,0.29144000000000014,25.328507083763284
2024-11-04 17:55:28,4.201627096561725,0.291,26.437220450515156,4.201305080358475,0.29140000000000016,25.35735678619837
2024-11-04 17:55:28,4.201462802580083,0.291,25.72571420883662,4.201318223876974,0.29136000000000023,25.35735678619837
2024-11-04 17:55:28,4.201134214617624,0.291,24.9947353287605,4.2013313673954285,0.2913200000000002,25.372390032065145
2024-11-04 17:55:29,4.201134214617624,0.291,24.2430730354219,4.201311652117664,0.2912800000000002,25.301128666730374
2024-11-04 17:55:29,4.201462802580083,0.291,27.13035904417916,4.2013313673953965,0.2912400000000002,25.390291070549896
2024-11-04 17:55:29,4.201462802580083,0.291,26.437220450515156,4.201337939154652,0.29120000000000024,25.419140772984985
2024-11-04 17:55:29,4.201462802580083,0.291,25.72571420883662,4.201344510913908,0.29116000000000025,25.464267124663056
2024-11-04 17:55:30,4.201627096561725,0.291,27.13035904417916,4.201351082673174,0.2911200000000002,25.464267124663053
2024-11-04 17:55:30,4.201298508598716,0.291,24.9947353287605,4.201377369710082,0.2910800000000002,25.44964754706153
2024-11-04 17:55:30,4.201627096561725,0.291,25.72571420883662,4.201383941469348,0.2910800000000002,25.44964754706153
2024-11-04 17:55:30,4.201134214617624,0.291,25.72571420883662,4.2013773697101024,0.2910800000000002,25.479300370529817
2024-11-04 17:55:31,4.201134214617624,0.291,24.2430730354219,4.201370797950859,0.29104000000000024,25.43541742222796
2024-11-04 17:55:31,4.201298508598716,0.29,26.437220450515156,4.201357654432338,0.2909600000000002,25.449647547061524
2024-11-04 17:55:31,4.201298508598716,0.29,25.72571420883662,4.201351082673084,0.2909200000000002,25.408039005195043
2024-11-04 17:55:31,4.201298508598716,0.29,24.9947353287605,4.201351082673083,0.29088000000000014,25.39341942759352
2024-11-04 17:55:32,4.201462802580083,0.29,22.672238853203226,4.201383941469247,0.29084000000000004,25.31811979564729
2024-11-04 17:55:32,4.201462802580083,0.29,21.84997632024192,4.201397084987746,0.2908,25.240605037875397
2024-11-04 17:55:32,4.201134214617624,0.291,23.469396624933097,4.201397084987744,0.2908,25.210098263798844
2024-11-04 17:55:32,4.201298508598716,0.291,23.469396624933097,4.2014036567469875,0.2908,25.194624735589073
2024-11-04 17:55:33,4.201462802580083,0.29,27.13035904417916,4.201383941469158,0.29075999999999996,25.222717632295925
2024-11-04 17:55:33,4.201462802580083,0.29,24.2430730354219,4.201370797950616,0.2907199999999999,25.20768438642915
2024-11-04 17:55:33,4.201627096561725,0.29,23.469396624933097,4.201383941469137,0.2906799999999999,25.177177612352608
2024-11-04 17:55:33,4.201462802580083,0.291,25.72571420883662,4.201390513228393,0.2906799999999999,25.14908471564576
2024-11-04 17:55:34,4.201627096561725,0.291,25.72571420883662,4.201403656746914,0.2906799999999999,25.134854590812182
2024-11-04 17:55:34,4.201627096561725,0.29,24.2430730354219,4.201403656746914,0.2906399999999999,25.119821344945418
2024-11-04 17:55:34,4.201791390543644,0.29,24.9947353287605,4.20141022850619,0.29059999999999986,25.134854590812182
2024-11-04 17:55:34,4.201627096561725,0.291,26.437220450515156,4.201416800265456,0.2905999999999999,25.14908471564576
2024-11-04 17:55:35,4.201462802580083,0.291,26.437220450515156,4.201429943783955,0.29059999999999997,25.163314840479334
2024-11-04 17:55:35,4.201462802580083,0.291,24.2430730354219,4.2014430873024535,0.29059999999999997,25.133662017011044
2024-11-04 17:55:35,4.201462802580083,0.291,25.72571420883662,4.201443087302454,0.29059999999999997,25.133662017011037
2024-11-04 17:55:35,4.202119978508306,0.291,25.72571420883662,4.201469374339583,0.29059999999999997,25.133662017011037
2024-11-04 17:55:36,4.201462802580083,0.291,24.2430730354219,4.201469374339584,0.2906,25.181523951314645
2024-11-04 17:55:36,4.202119978508306,0.291,26.437220450515156,4.201489089617446,0.2906000000000001,25.128082865782034
2024-11-04 17:55:36,4.201134214617624,0.291,22.672238853203226,4.201482517858201,0.2906000000000001,25.06701335866937
2024-11-04 17:55:36,4.200969920636808,0.29,24.9947353287605,4.201456230821203,0.2905600000000001,25.11346328818051
2024-11-04 17:55:37,4.201462802580083,0.29,25.72571420883662,4.201469374339703,0.29052000000000006,25.128082865782034
2024-11-04 17:55:37,4.201462802580083,0.29,25.72571420883662,4.201482517858201,0.29048000000000007,25.128082865782027
2024-11-04 17:55:37,4.201298508598716,0.29,25.72571420883662,4.201482517858201,0.29047999999999996,25.142702443383552
2024-11-04 17:55:37,4.201134214617624,0.29,28.465495270963004,4.201475946098956,0.29047999999999996,25.227150888094364
2024-11-04 17:55:38,4.201134214617624,0.29,25.72571420883662,4.201469374339711,0.29047999999999996,25.227150888094375
2024-11-04 17:55:38,4.201627096561725,0.29,23.469396624933097,4.201475946098977,0.29047999999999985,25.196644114017822
2024-11-04 17:55:38,4.201134214617624,0.29,25.72571420883662,4.201462802580478,0.29047999999999985,25.18241398918425
2024-11-04 17:55:38,4.200969920636808,0.29,25.72571420883662,4.201456230821245,0.2904399999999998,25.197033566785777
2024-11-04 17:55:39,4.201627096561725,0.289,25.72571420883662,4.201469374339767,0.2903599999999998,25.21165314438729
2024-11-04 17:55:39,4.201627096561725,0.289,24.2430730354219,4.201475946099033,0.29031999999999974,25.182000320919002
2024-11-04 17:55:39,4.201134214617624,0.29,25.72571420883662,4.201462802580534,0.29031999999999974,25.243069828031675
2024-11-04 17:55:39,4.201298508598716,0.29,27.13035904417916,4.201449659062012,0.2903199999999997,25.285782302340053
2024-11-04 17:55:40,4.201134214617624,0.289,23.469396624933097,4.201436515543513,0.2902399999999997,25.212563053955126
2024-11-04 17:55:40,4.201462802580083,0.289,24.9947353287605,4.20142994378425,0.29015999999999975,25.24306982803168
2024-11-04 17:55:40,4.201791390543644,0.289,22.672238853203226,4.201436515543525,0.29011999999999977,25.19661989852053
2024-11-04 17:55:40,4.201462802580083,0.29,25.72571420883662,4.201423372024983,0.29011999999999977,25.182389773686964
2024-11-04 17:55:41,4.201791390543644,0.29,25.72571420883662,4.20142994378426,0.2900799999999997,25.182389773686953
2024-11-04 17:55:41,4.201462802580083,0.29,24.9947353287605,4.2014299437842615,0.29003999999999974,25.18238977368696
2024-11-04 17:55:41,4.201627096561725,0.29,24.2430730354219,4.201436515543527,0.2899999999999997,25.182389773686953
2024-11-04 17:55:41,4.201462802580083,0.29,27.13035904417916,4.201436515543527,0.2899599999999997,25.18238977368696
2024-11-04 17:55:42,4.201462802580083,0.29,25.72571420883662,4.2014102285064,0.2899199999999997,25.16815964885339
2024-11-04 17:55:42,4.202119978508306,0.29,24.9947353287605,4.201436515543529,0.2898799999999997,25.153540071251868
2024-11-04 17:55:42,4.201791390543644,0.29,24.9947353287605,4.201423372024942,0.28983999999999965,25.1108275969435
2024-11-04 17:55:42,4.202119978508306,0.29,24.9947353287605,4.2014628025805685,0.28979999999999967,25.110827596943494
2024-11-04 17:55:43,4.201462802580083,0.29,24.9947353287605,4.201482517858301,0.2897999999999996,25.096208019341976
2024-11-04 17:55:43,4.201791390543644,0.29,25.72571420883662,4.201495661376843,0.28979999999999956,25.096208019341976
2024-11-04 17:55:43,4.201627096561725,0.29,24.2430730354219,4.201502233136108,0.28979999999999956,25.096208019341972
2024-11-04 17:55:43,4.201791390543644,0.29,27.13035904417916,4.201521948413905,0.28979999999999956,25.11007079121525
2024-11-04 17:55:44,4.201791390543644,0.29,25.72571420883662,4.201548235450945,0.28979999999999956,25.11007079121525
2024-11-04 17:55:44,4.201627096561725,0.29,24.2430730354219,4.201567950728709,0.28979999999999956,25.09503754534847
2024-11-04 17:55:44,4.201462802580083,0.29,25.72571420883662,4.201561378969443,0.2897999999999996,25.15610705246115
2024-11-04 17:55:44,4.202119978508306,0.29,24.2430730354219,4.201600809525071,0.2897999999999996,25.203968986764743
2024-11-04 17:55:45,4.201627096561725,0.289,27.13035904417916,4.201627096562068,0.2897599999999997,25.27718823514967
2024-11-04 17:55:45,4.201627096561725,0.289,24.2430730354219,4.201627096562069,0.2897599999999997,25.292661763359444
2024-11-04 17:55:45,4.201791390543644,0.29,24.9947353287605,4.201633668321344,0.28979999999999967,25.249949289051074
2024-11-04 17:55:45,4.201462802580083,0.29,24.9947353287605,4.201646811839844,0.28979999999999967,25.26498253491785
2024-11-04 17:55:46,4.201627096561725,0.289,24.9947353287605,4.201659955358364,0.2897599999999997,25.29548930899439
2024-11-04 17:55:46,4.201627096561725,0.289,24.9947353287605,4.201679670636129,0.2897599999999997,25.280869731392873
2024-11-04 17:55:46,4.201627096561725,0.289,23.469396624933097,4.201686242395396,0.28975999999999974,25.235743379714794
2024-11-04 17:55:46,4.201462802580083,0.289,27.13035904417916,4.201673098876854,0.28975999999999974,25.293489099889943
2024-11-04 17:55:47,4.201462802580083,0.289,27.80614130216054,4.201673098876854,0.28971999999999976,25.349717219357945
2024-11-04 17:55:47,4.201791390543644,0.289,23.469396624933097,4.201673098876853,0.28967999999999977,25.2903607428463
2024-11-04 17:55:47,4.201134214617624,0.289,25.72571420883662,4.201659955358354,0.2896399999999998,25.27613061801273
2024-11-04 17:55:47,4.201791390543644,0.289,21.000806169342923,4.201666527117629,0.28959999999999986,25.211285280691154
2024-11-04 17:55:48,4.201627096561725,0.289,24.2430730354219,4.2016730988768956,0.2895599999999998,25.181632457222854
2024-11-04 17:55:48,4.201462802580083,0.289,24.2430730354219,4.2016730988768956,0.2895199999999998,25.151979633754564
2024-11-04 17:55:48,4.201791390543644,0.289,25.72571420883662,4.201659955358308,0.28947999999999985,25.181632457222857
2024-11-04 17:55:48,4.202119978508306,0.289,24.2430730354219,4.201673098876895,0.28943999999999986,25.137749508920994
2024-11-04 17:55:49,4.201791390543644,0.289,27.80614130216054,4.2016599553583065,0.2893999999999998,25.240427557900144
2024-11-04 17:55:49,4.201462802580083,0.289,24.9947353287605,4.2016599553583065,0.28935999999999984,25.240427557900137
2024-11-04 17:55:49,4.200969920636808,0.289,23.469396624933097,4.201627096562032,0.2893199999999998,25.19530120622207
2024-11-04 17:55:49,4.201462802580083,0.289,25.72571420883662,4.201620524802768,0.2892799999999998,25.195301206222066
2024-11-04 17:55:50,4.201462802580083,0.289,26.437220450515156,4.2016073812842265,0.28923999999999983,25.20953133105564
2024-11-04 17:55:50,4.201298508598716,0.289,25.72571420883662,4.2015876660064295,0.2891999999999998,25.154735709813114
2024-11-04 17:55:50,4.201627096561725,0.289,24.2430730354219,4.2015876660064295,0.2891599999999998,25.12508288634482
2024-11-04 17:55:50,4.201791390543644,0.289,25.72571420883662,4.201600809524971,0.2891199999999998,25.17020923802289
2024-11-04 17:55:51,4.201627096561725,0.289,23.469396624933097,4.201581094247109,0.2890799999999998,25.12508288634482
2024-11-04 17:55:51,4.201791390543644,0.289,24.9947353287605,4.201587666006386,0.2890799999999998,25.110463308743302
2024-11-04 17:55:51,4.201955684525837,0.289,24.9947353287605,4.20160080952495,0.2890799999999998,25.095843731141773
2024-11-04 17:55:51,4.201627096561725,0.289,25.72571420883662,4.201594237765675,0.2890399999999998,25.125496554610073
2024-11-04 17:55:52,4.201791390543644,0.289,24.2430730354219,4.201607381284216,0.2889999999999998,25.09584373114178
2024-11-04 17:55:52,4.201791390543644,0.289,24.9947353287605,4.201613953043492,0.2889999999999998,25.053131256833403
2024-11-04 17:55:52,4.201791390543644,0.289,21.84997632024192,4.201620524802768,0.2889999999999998,25.020742850739584
2024-11-04 17:55:52,4.201627096561725,0.289,26.437220450515156,4.201620524802768,0.2889999999999998,25.04959255317467
2024-11-04 17:55:53,4.202284272491052,0.289,24.9947353287605,4.201653383599207,0.2889999999999998,25.09604248268581
2024-11-04 17:55:53,4.201627096561725,0.289,25.72571420883662,4.201659955358473,0.2889999999999998,25.096042482685807
2024-11-04 17:55:53,4.202119978508306,0.289,24.9947353287605,4.201673098877059,0.2889999999999998,25.081422905084295
2024-11-04 17:55:53,4.201791390543644,0.288,25.72571420883662,4.201699385914099,0.28895999999999983,25.096042482685817
2024-11-04 17:55:54,4.201462802580083,0.288,25.72571420883662,4.201686242395558,0.28891999999999984,25.12569530615411
2024-11-04 17:55:54,4.201627096561725,0.288,26.437220450515156,4.201686242395558,0.28887999999999986,25.11183253428083
2024-11-04 17:55:54,4.201462802580083,0.289,26.437220450515156,4.201686242395559,0.28887999999999986,25.126062659114403
2024-11-04 17:55:54,4.201462802580083,0.289,25.72571420883662,4.201673098877018,0.28887999999999986,25.14068223671593
2024-11-04 17:55:55,4.201627096561725,0.288,24.9947353287605,4.201653383599155,0.2888399999999999,25.140682236715925
2024-11-04 17:55:55,4.201955684525837,0.288,23.469396624933097,4.201659955358442,0.28879999999999995,25.110175462639372
2024-11-04 17:55:55,4.201627096561725,0.288,24.9947353287605,4.201666527117709,0.28875999999999996,25.110175462639376
2024-11-04 17:55:55,4.201134214617624,0.288,24.9947353287605,4.201673098876941,0.28872,25.095555885037847
2024-11-04 17:55:56,4.201462802580083,0.288,24.9947353287605,4.201673098876941,0.28868,25.11058913090462
2024-11-04 17:55:56,4.201462802580083,0.288,25.72571420883662,4.201673098876942,0.28864,25.08249623419778
2024-11-04 17:55:56,4.201791390543644,0.288,24.9947353287605,4.201692814154738,0.28859999999999997,25.06787665659625
2024-11-04 17:55:56,4.201955684525837,0.288,25.72571420883662,4.201705957673302,0.28856000000000004,25.09752948006455
2024-11-04 17:55:57,4.202284272491052,0.288,25.72571420883662,4.201725672951198,0.28852000000000005,25.09752948006455
2024-11-04 17:55:57,4.201791390543644,0.288,24.2430730354219,4.201732244710474,0.28848000000000007,25.097529480064544
2024-11-04 17:55:57,4.202119978508306,0.288,23.469396624933097,4.201745388229059,0.28844000000000014,25.024310231679628
2024-11-04 17:55:57,4.201955684525837,0.288,24.9947353287605,4.201745388229059,0.2884000000000001,25.039343477546396
2024-11-04 17:55:58,4.201462802580083,0.288,26.437220450515156,4.201738816469794,0.2883600000000001,25.068193179981492
2024-11-04 17:55:58,4.201627096561725,0.288,25.72571420883662,4.201732244710518,0.28832000000000013,25.082812757583007
2024-11-04 17:55:58,4.201955684525837,0.288,24.9947353287605,4.201738816469806,0.28828000000000015,25.082812757583
2024-11-04 17:55:58,4.202119978508306,0.288,26.437220450515156,4.201751959988392,0.2882400000000001,25.111662460018096
2024-11-04 17:55:59,4.201791390543644,0.288,23.469396624933097,4.201758531747668,0.2882000000000001,25.111662460018092
2024-11-04 17:55:59,4.201955684525837,0.288,24.9947353287605,4.20174538822906,0.2881600000000002,25.06894998570972
2024-11-04 17:55:59,4.201462802580083,0.288,24.2430730354219,4.2017388164697955,0.2881200000000002,24.99768862037495
2024-11-04 17:55:59,4.201298508598716,0.288,24.9947353287605,4.201705957673411,0.28808000000000017,25.028195394451505
2024-11-04 17:56:00,4.202119978508306,0.288,25.72571420883662,4.201719101191998,0.2880800000000001,25.028195394451494
2024-11-04 17:56:00,4.201791390543644,0.288,24.2430730354219,4.2017322447105405,0.2880800000000001,25.093040731773076
2024-11-04 17:56:00,4.201462802580083,0.288,23.469396624933097,4.201725672951275,0.2880800000000001,25.077567203563312
2024-11-04 17:56:00,4.201791390543644,0.288,24.9947353287605,4.201738816469816,0.2880400000000002,25.09260044943008
2024-11-04 17:56:01,4.202119978508306,0.288,27.13035904417916,4.201765103506944,0.28800000000000014,25.12069334613693
2024-11-04 17:56:01,4.201627096561725,0.288,24.9947353287605,4.201765103506945,0.28800000000000014,25.135726592003707
2024-11-04 17:56:01,4.201462802580083,0.288,25.72571420883662,4.201745388229116,0.28800000000000014,25.09411805013723
2024-11-04 17:56:01,4.201955684525837,0.288,24.2430730354219,4.20175853174768,0.28800000000000014,25.079084804270455
2024-11-04 17:56:02,4.202119978508306,0.288,24.2430730354219,4.201797962303307,0.28800000000000014,25.094558332480236
2024-11-04 17:56:02,4.201462802580083,0.288,24.9947353287605,4.201797962303307,0.28800000000000014,25.079938754878707
2024-11-04 17:56:02,4.201791390543644,0.288,26.437220450515156,4.20181110582185,0.28800000000000014,25.079938754878704
2024-11-04 17:56:02,4.201791390543644,0.288,24.9947353287605,4.201811105821849,0.28800000000000014,25.065319177277182
2024-11-04 17:56:03,4.202284272491052,0.288,24.9947353287605,4.201824249340458,0.28800000000000014,25.08035242314395
2024-11-04 17:56:03,4.201627096561725,0.288,24.9947353287605,4.201797962303285,0.28800000000000014,25.065732845542428
2024-11-04 17:56:03,4.201955684525837,0.288,24.9947353287605,4.201804534062573,0.28800000000000014,25.09623961961898
2024-11-04 17:56:03,4.201791390543644,0.288,24.9947353287605,4.201791390543986,0.28800000000000014,25.096239619618977
2024-11-04 17:56:04,4.202284272491052,0.288,26.437220450515156,4.201804534062594,0.28800000000000014,25.125089322054073
2024-11-04 17:56:04,4.201791390543644,0.288,24.9947353287605,4.201817677581136,0.28800000000000014,25.11046974445255
2024-11-04 17:56:04,4.202119978508306,0.288,24.2430730354219,4.201837392859,0.28800000000000014,25.110469744452548
2024-11-04 17:56:04,4.201462802580083,0.288,26.437220450515156,4.20181767758117,0.28800000000000014,25.139319446887647
2024-11-04 17:56:05,4.201627096561725,0.288,23.469396624933097,4.201797962303307,0.28800000000000014,25.171707852981477
2024-11-04 17:56:05,4.201627096561725,0.288,24.9947353287605,4.201791390544031,0.28800000000000014,25.14285815054638
2024-11-04 17:56:05,4.201462802580083,0.288,24.9947353287605,4.201771675266202,0.28800000000000014,25.142858150546378
2024-11-04 17:56:05,4.201791390543644,0.287,26.437220450515156,4.201784818784743,0.28796000000000016,25.157088275379948
2024-11-04 17:56:06,4.202284272491052,0.287,25.72571420883662,4.2018242493404365,0.2879200000000002,25.17170785298147
2024-11-04 17:56:06,4.201955684525837,0.288,25.72571420883662,4.201817677581138,0.2879200000000002,25.171707852981463
2024-11-04 17:56:06,4.202119978508306,0.288,24.2430730354219,4.201830821099725,0.2879200000000002,25.142055029513173
2024-11-04 17:56:06,4.201791390543644,0.287,25.72571420883662,4.201843964618267,0.2878800000000002,25.1278249046796
2024-11-04 17:56:07,4.201627096561725,0.287,27.13035904417916,4.201837392858991,0.28784000000000026,25.141687676552877
2024-11-04 17:56:07,4.201791390543644,0.287,26.437220450515156,4.201824249340404,0.2878000000000003,25.155917801386458
2024-11-04 17:56:07,4.202284272491052,0.288,26.437220450515156,4.201850536377576,0.2878000000000003,25.18476750382155
2024-11-04 17:56:07,4.201627096561725,0.288,25.72571420883662,4.201857108136841,0.2878000000000003,25.229893855499622
2024-11-04 17:56:08,4.201955684525837,0.287,24.2430730354219,4.201857108136841,0.2877600000000003,25.214860609632847
2024-11-04 17:56:08,4.201955684525837,0.287,25.72571420883662,4.201850536377543,0.2877200000000003,25.229480187234376
2024-11-04 17:56:08,4.202284272491052,0.287,23.469396624933097,4.201883395173982,0.2876800000000003,25.198973413157823
2024-11-04 17:56:08,4.201791390543644,0.288,25.72571420883662,4.201883395173981,0.28768000000000027,25.198973413157827
2024-11-04 17:56:09,4.202119978508306,0.288,25.72571420883662,4.201896538692568,0.28768000000000027,25.213592990759345
2024-11-04 17:56:09,4.201627096561725,0.287,27.13035904417916,4.201870251655396,0.2876400000000003,25.241685887466204
2024-11-04 17:56:09,4.201955684525837,0.287,27.13035904417916,4.20188339517396,0.2876000000000003,25.26977878417305
2024-11-04 17:56:09,4.201955684525837,0.287,25.72571420883662,4.201883395173961,0.28756000000000026,25.299431607641335
2024-11-04 17:56:10,4.202119978508306,0.287,24.2430730354219,4.201896538692547,0.2875200000000003,25.314905135851117
2024-11-04 17:56:10,4.201955684525837,0.287,25.72571420883662,4.201883395173938,0.2874800000000003,25.32952471345264
2024-11-04 17:56:10,4.201955684525837,0.287,24.9947353287605,4.2018899669332255,0.2874400000000003,25.300675011017553
2024-11-04 17:56:10,4.201462802580083,0.287,25.72571420883662,4.201863679896097,0.2874000000000003,25.300675011017546
2024-11-04 17:56:11,4.201955684525837,0.287,25.72571420883662,4.201883395173928,0.28736000000000034,25.31529458861907
2024-11-04 17:56:11,4.202612860457368,0.287,27.13035904417916,4.2019228257297545,0.2873200000000003,25.32915736049235
2024-11-04 17:56:11,4.202119978508306,0.287,24.9947353287605,4.201942541007618,0.2872800000000003,25.359664134568902
2024-11-04 17:56:11,4.201791390543644,0.287,24.2430730354219,4.201955684526158,0.2872400000000004,25.344630888702127
2024-11-04 17:56:12,4.201955684525837,0.287,24.2430730354219,4.201962256285446,0.2872400000000004,25.34463088870213
2024-11-04 17:56:12,4.201627096561725,0.287,22.672238853203226,4.201935969248273,0.2872400000000004,25.298180959190983
2024-11-04 17:56:12,4.202119978508306,0.287,25.72571420883662,4.201942541007572,0.28720000000000034,25.298180959190987
2024-11-04 17:56:12,4.201955684525837,0.287,24.9947353287605,4.201935969248273,0.28716000000000036,25.31321420505775
2024-11-04 17:56:13,4.201627096561725,0.287,25.72571420883662,4.201929397488997,0.28716000000000036,25.35834055673583
2024-11-04 17:56:13,4.202284272491052,0.287,23.469396624933097,4.20195568452617,0.2871600000000003,25.327833782659276
2024-11-04 17:56:13,4.201627096561725,0.287,24.9947353287605,4.2019491127668935,0.2871600000000003,25.28512130835091
2024-11-04 17:56:13,4.201955684525837,0.287,24.2430730354219,4.201935969248285,0.2871200000000003,25.270088062484135
2024-11-04 17:56:14,4.201955684525837,0.286,26.437220450515156,4.201949112766849,0.2870400000000003,25.284318187317705
2024-11-04 17:56:14,4.202119978508306,0.286,24.9947353287605,4.2019556845261485,0.28700000000000025,25.29935143318447
2024-11-04 17:56:14,4.201791390543644,0.287,24.9947353287605,4.20194911276686,0.28700000000000025,25.314384679051244
2024-11-04 17:56:14,4.201791390543644,0.287,27.13035904417916,4.201929397488962,0.28700000000000025,25.357097153359614
2024-11-04 17:56:15,4.202284272491052,0.287,24.2430730354219,4.201949112766859,0.2869600000000002,25.313214205057747
2024-11-04 17:56:15,4.202119978508306,0.287,25.72571420883662,4.201949112766859,0.28692000000000023,25.327833782659273
2024-11-04 17:56:15,4.201955684525837,0.287,21.84997632024192,4.201962256285423,0.28692000000000023,25.264938602488897
2024-11-04 17:56:15,4.202612860457368,0.287,25.72571420883662,4.201988543322685,0.28692000000000023,25.279558180090426
2024-11-04 17:56:16,4.201791390543644,0.287,24.9947353287605,4.201981971563396,0.28692000000000023,25.27955818009043
2024-11-04 17:56:16,4.201955684525837,0.287,24.9947353287605,4.201975399804097,0.28692000000000023,25.279558180090426
2024-11-04 17:56:16,4.201955684525837,0.287,27.13035904417916,4.201975399804097,0.28692000000000023,25.29342095196371
2024-11-04 17:56:16,4.202284272491052,0.286,26.437220450515156,4.201988543322707,0.28688000000000025,25.3222706543988
2024-11-04 17:56:17,4.201791390543644,0.286,24.9947353287605,4.202001686841249,0.2868400000000002,25.337303900265574
2024-11-04 17:56:17,4.201462802580083,0.286,27.13035904417916,4.20198197156342,0.28680000000000017,25.351166672138852
2024-11-04 17:56:17,4.201955684525837,0.286,25.72571420883662,4.201955684526158,0.2867600000000001,25.396293023816916
2024-11-04 17:56:17,4.201791390543644,0.286,27.80614130216054,4.201942541007571,0.2867200000000001,25.452521143284912
2024-11-04 17:56:18,4.201791390543644,0.286,25.72571420883662,4.201942541007571,0.28668000000000005,25.467140720886437
2024-11-04 17:56:18,4.202119978508306,0.286,27.80614130216054,4.2019491127668696,0.28664,25.49451913791934
2024-11-04 17:56:18,4.202284272491052,0.286,24.2430730354219,4.201975399804042,0.2865999999999999,25.46486631445105
2024-11-04 17:56:18,4.201791390543644,0.286,24.2430730354219,4.201962256285456,0.28655999999999987,25.43521349098276
2024-11-04 17:56:19,4.202448566474072,0.286,25.72571420883662,4.201981971563385,0.2865199999999999,25.464866314451054
2024-11-04 17:56:19,4.201791390543644,0.286,24.2430730354219,4.201988543322662,0.2864799999999998,25.435213490982765
2024-11-04 17:56:19,4.201955684525837,0.286,24.9947353287605,4.201975399804053,0.28643999999999975,25.392501016674387
2024-11-04 17:56:19,4.202119978508306,0.286,23.469396624933097,4.201995115081916,0.28639999999999977,25.333144540162742
2024-11-04 17:56:19,4.201791390543644,0.286,24.2430730354219,4.201988543322627,0.2863599999999997,25.289261591860885
2024-11-04 17:56:20,4.201791390543644,0.286,26.437220450515156,4.20198197156334,0.2863599999999997,25.303491716694452
2024-11-04 17:56:20,4.202284272491052,0.286,21.84997632024192,4.20198854332265,0.2863599999999997,25.255629782390855
2024-11-04 17:56:20,4.201791390543644,0.286,25.72571420883662,4.201988543322649,0.28631999999999974,25.255629782390862
2024-11-04 17:56:21,4.201791390543644,0.286,24.2430730354219,4.201988543322649,0.2862799999999997,25.271103310600633
2024-11-04 17:56:21,4.202119978508306,0.286,23.469396624933097,4.201981971563339,0.2862399999999997,25.225976958922566
2024-11-04 17:56:21,4.201955684525837,0.286,25.72571420883662,4.2019753998040414,0.2861999999999997,25.225976958922555
2024-11-04 17:56:21,4.202448566474072,0.286,24.9947353287605,4.201995115081971,0.2861599999999997,25.183264484614188
2024-11-04 17:56:21,4.201955684525837,0.286,24.9947353287605,4.20196882804471,0.2861199999999997,25.14055201030581
2024-11-04 17:56:22,4.202284272491052,0.286,27.13035904417916,4.2019885433226065,0.2860799999999997,25.168644907012663
2024-11-04 17:56:22,4.201791390543644,0.286,24.9947353287605,4.201981971563319,0.2860399999999997,25.183678152879438
2024-11-04 17:56:22,4.202119978508306,0.286,27.13035904417916,4.201988543322617,0.2859999999999997,25.211771049586282
2024-11-04 17:56:22,4.202284272491052,0.286,26.437220450515156,4.201988543322618,0.2859999999999997,25.24062075202138
2024-11-04 17:56:23,4.202448566474072,0.286,24.9947353287605,4.202014830359835,0.2859999999999997,25.226001174419856
2024-11-04 17:56:23,4.201955684525837,0.286,25.72571420883662,4.202034545637666,0.2859999999999997,25.226001174419864
2024-11-04 17:56:23,4.202119978508306,0.286,26.437220450515156,4.2020411173969645,0.2859999999999997,25.21213840254658
2024-11-04 17:56:23,4.202612860457368,0.286,24.2430730354219,4.202073976193514,0.2859999999999997,25.197105156679815
2024-11-04 17:56:24,4.202284272491052,0.286,25.72571420883662,4.20209369147141,0.2859999999999997,25.226757980148104
2024-11-04 17:56:24,4.202284272491052,0.286,25.72571420883662,4.2021002632307205,0.2859999999999997,25.2564108036164
2024-11-04 17:56:24,4.201791390543644,0.286,24.9947353287605,4.202080547952823,0.2859999999999997,25.30286073312754
2024-11-04 17:56:24,4.202119978508306,0.286,26.437220450515156,4.20209369147141,0.2859999999999997,25.31709085796112
2024-11-04 17:56:25,4.201955684525837,0.286,24.9947353287605,4.202073976193481,0.2859999999999997,25.317090857961116
2024-11-04 17:56:25,4.201955684525837,0.286,25.72571420883662,4.20208054795277,0.2859999999999997,25.317090857961112
2024-11-04 17:56:25,4.202284272491052,0.286,25.72571420883662,4.2020936914713785,0.2859999999999997,25.362217209639184
2024-11-04 17:56:25,4.202284272491052,0.286,24.2430730354219,4.202100263230688,0.2859999999999997,25.34718396377241
2024-11-04 17:56:26,4.202119978508306,0.286,24.9947353287605,4.202113406749274,0.2859999999999997,25.362217209639176
2024-11-04 17:56:26,4.202119978508306,0.286,24.9947353287605,4.2021265502678595,0.2859999999999997,25.333367507204088
2024-11-04 17:56:26,4.202448566474072,0.286,25.72571420883662,4.20213312202718,0.2859999999999997,25.347987084805617
2024-11-04 17:56:26,4.202448566474072,0.286,26.437220450515156,4.2021594090643966,0.2859999999999997,25.37683678724071
2024-11-04 17:56:27,4.202941448424786,0.286,25.72571420883662,4.2022054113796425,0.2859999999999997,25.34874389053386
2024-11-04 17:56:27,4.202284272491052,0.286,25.72571420883662,4.202211983138953,0.2859999999999997,25.378396714002147
2024-11-04 17:56:27,4.201955684525837,0.286,25.72571420883662,4.202211983138953,0.2859999999999997,25.378396714002147
2024-11-04 17:56:27,4.201955684525837,0.286,26.437220450515156,4.202192267861023,0.2859999999999997,25.470141596607608
2024-11-04 17:56:28,4.202284272491052,0.286,27.13035904417916,4.202205411379632,0.2859999999999997,25.498234493314463
2024-11-04 17:56:28,4.202284272491052,0.286,25.72571420883662,4.202205411379632,0.2859999999999997,25.51285407091598
2024-11-04 17:56:28,4.201791390543644,0.286,24.2430730354219,4.202205411379632,0.2859999999999997,25.497820825049207
2024-11-04 17:56:28,4.202284272491052,0.285,23.469396624933097,4.202211983138941,0.2859599999999997,25.42460157666429
2024-11-04 17:56:29,4.202284272491052,0.285,24.2430730354219,4.202211983138943,0.28591999999999973,25.380718628362423
2024-11-04 17:56:29,4.202284272491052,0.285,24.9947353287605,4.202205411379622,0.28587999999999975,25.38071862836243
2024-11-04 17:56:29,4.201627096561725,0.285,25.72571420883662,4.202192267861058,0.28583999999999976,25.35262573165558
2024-11-04 17:56:29,4.202612860457368,0.285,24.9947353287605,4.20221198313902,0.28579999999999983,25.33800615405405
2024-11-04 17:56:30,4.202448566474072,0.285,24.2430730354219,4.202205411379688,0.28575999999999985,25.26674478871928
2024-11-04 17:56:30,4.202284272491052,0.285,25.72571420883662,4.202205411379688,0.28571999999999986,25.26674478871928
2024-11-04 17:56:30,4.202448566474072,0.285,24.9947353287605,4.202211983139008,0.2856799999999999,25.210516669251277
2024-11-04 17:56:30,4.201955684525837,0.285,26.437220450515156,4.202218554898296,0.2856399999999999,25.254399617553137
2024-11-04 17:56:31,4.202119978508306,0.285,24.9947353287605,4.202218554898297,0.2855999999999999,25.26943286341991
2024-11-04 17:56:31,4.202284272491052,0.285,26.437220450515156,4.202231698416906,0.2855599999999999,25.283662988253482
2024-11-04 17:56:31,4.202448566474072,0.285,23.469396624933097,4.202251413694835,0.28551999999999994,25.2681894600437
2024-11-04 17:56:31,4.202448566474072,0.285,26.437220450515156,4.202257985454155,0.28547999999999996,25.297039162478796
2024-11-04 17:56:32,4.202119978508306,0.285,26.437220450515156,4.202251413694844,0.28544,25.356395638990442
2024-11-04 17:56:32,4.201791390543644,0.285,23.469396624933097,4.202238270176256,0.28540000000000004,25.34092211078066
2024-11-04 17:56:32,4.202284272491052,0.285,25.72571420883662,4.202244841935567,0.28536000000000006,25.32669198594709
2024-11-04 17:56:32,4.202284272491052,0.285,25.72571420883662,4.202238270176246,0.2853200000000001,25.404206743718987
2024-11-04 17:56:33,4.202284272491052,0.285,24.9947353287605,4.2022316984169255,0.2852800000000001,25.389587166117465
2024-11-04 17:56:33,4.202612860457368,0.285,23.469396624933097,4.202218554898229,0.2852400000000001,25.374113637907694
2024-11-04 17:56:33,4.202284272491052,0.285,24.2430730354219,4.202218554898229,0.2852000000000001,25.389587166117465
2024-11-04 17:56:33,4.202119978508306,0.285,24.2430730354219,4.202225126657528,0.2851600000000001,25.359934342649186
2024-11-04 17:56:34,4.202284272491052,0.285,24.9947353287605,4.202238270176138,0.2851200000000001,25.35993434264918
2024-11-04 17:56:34,4.202284272491052,0.285,24.2430730354219,4.202238270176138,0.2850800000000001,25.344901096782404
2024-11-04 17:56:34,4.202119978508306,0.285,26.437220450515156,4.202231698416829,0.28504000000000007,25.331038324909123
2024-11-04 17:56:34,4.202284272491052,0.285,24.9947353287605,4.202251413694726,0.2850000000000001,25.331038324909127
2024-11-04 17:56:35,4.202448566474072,0.285,23.469396624933097,4.202257985454046,0.2850000000000001,25.25781907652421
2024-11-04 17:56:35,4.202777154440939,0.285,25.72571420883662,4.202277700732042,0.2850000000000001,25.243588951690626
2024-11-04 17:56:35,4.202284272491052,0.285,23.469396624933097,4.202277700732042,0.2850000000000001,25.213082177614083
2024-11-04 17:56:35,4.202284272491052,0.285,28.465495270963004,4.202303987769214,0.2850000000000001,25.267877798856613
2024-11-04 17:56:36,4.202612860457368,0.285,26.437220450515156,4.2023039877692145,0.2850000000000001,25.267877798856606
2024-11-04 17:56:36,4.202284272491052,0.285,27.13035904417916,4.202297416009894,0.2850000000000001,25.325623519031748
2024-11-04 17:56:36,4.202448566474072,0.285,26.437220450515156,4.2023039877692145,0.2850000000000001,25.339853643865318
2024-11-04 17:56:36,4.202612860457368,0.285,24.2430730354219,4.202310559528546,0.2850000000000001,25.310200820397025
2024-11-04 17:56:37,4.202448566474072,0.285,24.9947353287605,4.202330274806474,0.2850000000000001,25.310200820397032
2024-11-04 17:56:37,4.202448566474072,0.285,23.469396624933097,4.202343418325105,0.2850000000000001,25.250844343885387
2024-11-04 17:56:37,4.202612860457368,0.284,24.9947353287605,4.202356561843758,0.2849600000000001,25.25084434388539
2024-11-04 17:56:37,4.202284272491052,0.284,24.9947353287605,4.202349990084437,0.2849200000000002,25.236224766283872
2024-11-04 17:56:38,4.202284272491052,0.284,25.72571420883662,4.202343418325117,0.2848800000000002,25.23622476628387
2024-11-04 17:56:38,4.202612860457368,0.284,25.72571420883662,4.202363133603079,0.2848400000000002,25.26587758975216
2024-11-04 17:56:38,4.202448566474072,0.284,25.72571420883662,4.202389420640295,0.2848000000000002,25.280497167353687
2024-11-04 17:56:38,4.202612860457368,0.284,25.72571420883662,4.202402564158948,0.28476000000000024,25.2951167449552
2024-11-04 17:56:39,4.202777154440939,0.284,24.9947353287605,4.202422279436944,0.28472000000000025,25.280497167353683
2024-11-04 17:56:39,4.201627096561725,0.284,24.9947353287605,4.202395992399771,0.28468000000000027,25.251647464918587
2024-11-04 17:56:39,4.202612860457368,0.285,25.72571420883662,4.202395992399773,0.28468000000000027,25.251647464918587
2024-11-04 17:56:39,4.202284272491052,0.285,25.72571420883662,4.202395992399773,0.28468000000000027,25.251647464918577
2024-11-04 17:56:40,4.202284272491052,0.284,25.72571420883662,4.202402564159082,0.2846400000000003,25.251647464918577
2024-11-04 17:56:40,4.202612860457368,0.284,24.9947353287605,4.202415707677735,0.2846000000000003,25.22279776248349
2024-11-04 17:56:40,4.202284272491052,0.284,25.72571420883662,4.202415707677735,0.28456000000000026,25.194704865776647
2024-11-04 17:56:40,4.202284272491052,0.284,25.72571420883662,4.202422279437045,0.2845200000000003,25.19470486577664
2024-11-04 17:56:41,4.202448566474072,0.284,25.72571420883662,4.202428851196366,0.28448000000000023,25.224357689244936
2024-11-04 17:56:41,4.202119978508306,0.285,23.469396624933097,4.202415707677734,0.28448000000000023,25.22435768924494
2024-11-04 17:56:41,4.202119978508306,0.285,25.72571420883662,4.202389420640428,0.2844800000000002,25.25401051271323
2024-11-04 17:56:41,4.202284272491052,0.284,25.72571420883662,4.202389420640428,0.2844400000000002,25.268630090314755
2024-11-04 17:56:42,4.202448566474072,0.284,25.72571420883662,4.202395992399747,0.28440000000000015,25.268630090314755
2024-11-04 17:56:42,4.202612860457368,0.284,24.2430730354219,4.202395992399747,0.28436000000000017,25.253596844447987
2024-11-04 17:56:42,4.202119978508306,0.284,25.72571420883662,4.202389420640438,0.2843200000000002,25.28324966791628
2024-11-04 17:56:42,4.202612860457368,0.284,25.72571420883662,4.20239599239977,0.2842800000000002,25.28324966791628
2024-11-04 17:56:43,4.202119978508306,0.284,24.9947353287605,4.202376277121807,0.2842400000000002,25.283249667916277
2024-11-04 17:56:43,4.202284272491052,0.284,25.72571420883662,4.2023697053624876,0.2842000000000002,25.269019543082713
2024-11-04 17:56:43,4.202612860457368,0.284,21.84997632024192,4.20237627712182,0.2841600000000002,25.206124362912337
2024-11-04 17:56:43,4.201955684525837,0.284,25.72571420883662,4.202349990084559,0.2841600000000002,25.191894238078767
2024-11-04 17:56:44,4.202448566474072,0.284,25.72571420883662,4.202356561843879,0.2841600000000002,25.23702058975684
2024-11-04 17:56:44,4.202284272491052,0.284,24.9947353287605,4.20235656184388,0.2841600000000003,25.208170887321753
2024-11-04 17:56:44,4.202612860457368,0.284,25.72571420883662,4.20235656184388,0.2841600000000003,25.19394076248817
2024-11-04 17:56:44,4.201791390543644,0.284,26.437220450515156,4.202330274806662,0.28416000000000025,25.25329723899982
2024-11-04 17:56:45,4.202448566474072,0.284,24.9947353287605,4.2023237030473295,0.28416000000000025,25.238677661398302
2024-11-04 17:56:45,4.202448566474072,0.284,24.9947353287605,4.202310559528654,0.28416000000000025,25.22405808379678
2024-11-04 17:56:45,4.202284272491052,0.284,24.9947353287605,4.202336846565827,0.28416000000000025,25.224058083796777
2024-11-04 17:56:45,4.202448566474072,0.284,24.9947353287605,4.202330274806495,0.28412000000000026,25.25456485787332
2024-11-04 17:56:46,4.202612860457368,0.284,24.2430730354219,4.202343418325148,0.2840800000000003,25.254564857873323
2024-11-04 17:56:46,4.201791390543644,0.284,24.2430730354219,4.2023237030472504,0.2840800000000003,25.25456485787333
2024-11-04 17:56:46,4.202612860457368,0.284,25.72571420883662,4.202323703047251,0.2840800000000002,25.269184435474845
2024-11-04 17:56:46,4.202119978508306,0.284,25.72571420883662,4.202317131287942,0.2840800000000002,25.29883725894313
2024-11-04 17:56:47,4.202612860457368,0.284,26.437220450515156,4.202330274806595,0.2840800000000002,25.29883725894314
2024-11-04 17:56:47,4.201955684525837,0.284,25.72571420883662,4.202310559528666,0.2840800000000002,25.313456836544663
2024-11-04 17:56:47,4.202284272491052,0.284,24.9947353287605,4.202317131287976,0.28404000000000024,25.34396361062121
2024-11-04 17:56:47,4.202941448424786,0.284,25.72571420883662,4.2023499900846355,0.28400000000000025,25.343963610621213
2024-11-04 17:56:48,4.202119978508306,0.284,24.2430730354219,4.202343418325326,0.28400000000000025,25.359437138830984
2024-11-04 17:56:48,4.202612860457368,0.284,27.13035904417916,4.202349990084659,0.28400000000000025,25.33273441429531
2024-11-04 17:56:48,4.202777154440939,0.284,25.72571420883662,4.2023565618440015,0.28400000000000025,25.318504289461735
2024-11-04 17:56:48,4.202777154440939,0.284,25.72571420883662,4.2023828488813075,0.28400000000000025,25.290411392754887
2024-11-04 17:56:49,4.202777154440939,0.284,25.72571420883662,4.2023894206406505,0.28400000000000025,25.27618126792131
2024-11-04 17:56:49,4.202612860457368,0.284,26.437220450515156,4.2024091359186135,0.28400000000000025,25.320064216223173
2024-11-04 17:56:49,4.201627096561725,0.284,24.9947353287605,4.20238284888144,0.28400000000000025,25.320064216223177
2024-11-04 17:56:49,4.202284272491052,0.284,26.437220450515156,4.202369705362788,0.28400000000000025,25.379420692734822
2024-11-04 17:56:50,4.202284272491052,0.284,26.437220450515156,4.202382848881396,0.28400000000000025,25.40827039516991
2024-11-04 17:56:50,4.202284272491052,0.284,25.72571420883662,4.202376277122076,0.28400000000000025,25.422889972771426
2024-11-04 17:56:50,4.202284272491052,0.284,23.469396624933097,4.202376277122076,0.28400000000000025,25.377763621093358
2024-11-04 17:56:50,4.202284272491052,0.284,24.2430730354219,4.202363133603423,0.28400000000000025,25.34811079762507
2024-11-04 17:56:51,4.202284272491052,0.284,24.9947353287605,4.202382848881318,0.28400000000000025,25.333491220023546
2024-11-04 17:56:51,4.202612860457368,0.283,26.437220450515156,4.20238942064065,0.2839600000000002,25.347721344857117
2024-11-04 17:56:51,4.202448566474072,0.283,26.437220450515156,4.202389420640649,0.2839200000000001,25.376571047292217
2024-11-04 17:56:51,4.202612860457368,0.284,24.2430730354219,4.202402564159301,0.2839200000000001,25.361537801425442
2024-11-04 17:56:52,4.202284272491052,0.284,24.9947353287605,4.20239599239998,0.2839200000000001,25.346918223823923
2024-11-04 17:56:52,4.202612860457368,0.283,25.72571420883662,4.20239599239998,0.2838800000000001,25.346918223823923
2024-11-04 17:56:52,4.202448566474072,0.283,25.72571420883662,4.202422279437197,0.28384000000000004,25.346918223823913
2024-11-04 17:56:52,4.202448566474072,0.283,26.437220450515156,4.202415707677865,0.2838,25.375767926259012
2024-11-04 17:56:53,4.202777154440939,0.283,24.9947353287605,4.202441994715171,0.28375999999999996,25.361148348657494
2024-11-04 17:56:53,4.202448566474072,0.283,24.2430730354219,4.202435422955839,0.2837199999999999,25.331495525189194
2024-11-04 17:56:53,4.202941448424786,0.283,26.437220450515156,4.202474853511797,0.2836799999999998,25.345725650022768
2024-11-04 17:56:53,4.202448566474072,0.284,25.72571420883662,4.202481425271117,0.2836799999999998,25.390852001700843
2024-11-04 17:56:54,4.202448566474072,0.284,26.437220450515156,4.202461709993088,0.28367999999999993,25.405082126534406
2024-11-04 17:56:54,4.202119978508306,0.283,25.72571420883662,4.202461709993087,0.28363999999999995,25.405082126534406
2024-11-04 17:56:54,4.202448566474072,0.283,25.72571420883662,4.202455138233755,0.2835999999999999,25.405082126534406
2024-11-04 17:56:54,4.202448566474072,0.283,24.9947353287605,4.202441994715079,0.2835599999999998,25.420115372401174
2024-11-04 17:56:55,4.202612860457368,0.283,24.9947353287605,4.2024354229557375,0.2835199999999999,25.405495794799652
2024-11-04 17:56:55,4.202612860457368,0.283,24.2430730354219,4.2024288511963945,0.2834799999999999,25.375842971331352
2024-11-04 17:56:55,4.202777154440939,0.283,23.469396624933097,4.2024354229557375,0.2834399999999999,25.34533619725481
2024-11-04 17:56:55,4.202448566474072,0.283,24.9947353287605,4.202468281752232,0.2833999999999999,25.33071661965329
2024-11-04 17:56:56,4.202284272491052,0.283,24.9947353287605,4.202468281752233,0.2833599999999999,25.393611799823656
2024-11-04 17:56:56,4.202448566474072,0.283,27.13035904417916,4.2024748535115535,0.28331999999999996,25.42170469653051
2024-11-04 17:56:56,4.202777154440939,0.283,25.72571420883662,4.202494568789549,0.28327999999999987,25.421704696530515
2024-11-04 17:56:56,4.202448566474072,0.283,25.72571420883662,4.20250114054887,0.2832399999999998,25.43632427413204
2024-11-04 17:56:57,4.202448566474072,0.283,24.2430730354219,4.202507712308191,0.28319999999999984,25.40667145066374
2024-11-04 17:56:57,4.203105742408909,0.283,26.437220450515156,4.202540571104906,0.2831599999999998,25.406671450663744
2024-11-04 17:56:57,4.202448566474072,0.283,24.9947353287605,4.202533999345573,0.2831599999999998,25.40667145066374
2024-11-04 17:56:57,4.202941448424786,0.283,25.72571420883662,4.202553714623601,0.2831599999999998,25.42129102826526
2024-11-04 17:56:58,4.202448566474072,0.283,25.72571420883662,4.202547142864269,0.2831199999999998,25.435910605866784
2024-11-04 17:56:58,4.202612860457368,0.283,25.72571420883662,4.202560286382922,0.28307999999999983,25.4505301834683
2024-11-04 17:56:58,4.202284272491052,0.283,25.72571420883662,4.20254714286427,0.28307999999999983,25.480183006936596
2024-11-04 17:56:58,4.202777154440939,0.283,24.9947353287605,4.202560286382945,0.28307999999999983,25.49521625280336
2024-11-04 17:56:59,4.202777154440939,0.283,24.9947353287605,4.20257342990162,0.28307999999999983,25.480596675201852
2024-11-04 17:56:59,4.202777154440939,0.283,25.72571420883662,4.202573429901621,0.28307999999999983,25.48059667520184
2024-11-04 17:56:59,4.202777154440939,0.283,23.469396624933097,4.202586573420296,0.28307999999999983,25.421240198690207
2024-11-04 17:56:59,4.202777154440939,0.283,25.72571420883662,4.202580001660943,0.28307999999999983,25.421240198690203
2024-11-04 17:57:00,4.202448566474072,0.283,24.2430730354219,4.202580001660943,0.28303999999999985,25.406206952823435
2024-11-04 17:57:00,4.202777154440939,0.283,27.80614130216054,4.202593145179618,0.28299999999999986,25.447815494689916
2024-11-04 17:57:00,4.202448566474072,0.283,25.72571420883662,4.202606288698248,0.28299999999999986,25.477468318158216
2024-11-04 17:57:00,4.202612860457368,0.283,25.72571420883662,4.20261286045758,0.28299999999999986,25.449375421451368
2024-11-04 17:57:01,4.203105742408909,0.283,26.437220450515156,4.202639147494974,0.28299999999999986,25.463605546284942
2024-11-04 17:57:01,4.202284272491052,0.283,24.9947353287605,4.202626003976321,0.28299999999999986,25.448985968683413
2024-11-04 17:57:01,4.202777154440939,0.283,24.2430730354219,4.202632575735664,0.28299999999999986,25.419333145215123
2024-11-04 17:57:01,4.202777154440939,0.283,24.9947353287605,4.202632575735664,0.28299999999999986,25.390483442780027
2024-11-04 17:57:02,4.202777154440939,0.283,25.72571420883662,4.202645719254338,0.28299999999999986,25.405103020381556
2024-11-04 17:57:02,4.202777154440939,0.283,27.13035904417916,4.202665434532334,0.28299999999999986,25.418965792254827
2024-11-04 17:57:02,4.202612860457368,0.283,24.9947353287605,4.2026720062916665,0.28299999999999986,25.39011608981973
2024-11-04 17:57:02,4.203105742408909,0.283,24.9947353287605,4.202685149810385,0.28299999999999986,25.37549651221821
2024-11-04 17:57:03,4.202612860457368,0.283,27.13035904417916,4.2026917215697175,0.28299999999999986,25.448715760603136
2024-11-04 17:57:03,4.202777154440939,0.283,23.469396624933097,4.202704865088392,0.28299999999999986,25.433242232393354
2024-11-04 17:57:03,4.202777154440939,0.283,23.469396624933097,4.202691721569673,0.28299999999999986,25.4027354583168
2024-11-04 17:57:03,4.202612860457368,0.282,24.2430730354219,4.202698293329006,0.2829599999999999,25.358852510014934
2024-11-04 17:57:04,4.202777154440939,0.282,24.9947353287605,4.202691721569653,0.2829199999999999,25.33000280757985
2024-11-04 17:57:04,4.202777154440939,0.283,24.9947353287605,4.202704865088327,0.2829199999999999,25.345036053446616
2024-11-04 17:57:04,4.202612860457368,0.283,24.9947353287605,4.202704865088326,0.2829199999999999,25.345036053446623
2024-11-04 17:57:04,4.202448566474072,0.283,24.2430730354219,4.202711436847647,0.2829199999999999,25.31538322997833
2024-11-04 17:57:05,4.202777154440939,0.283,21.84997632024192,4.202711436847647,0.2829199999999999,25.237868472206433
2024-11-04 17:57:05,4.202777154440939,0.283,26.437220450515156,4.202711436847647,0.2829199999999999,25.237868472206436
2024-11-04 17:57:05,4.202448566474072,0.282,25.72571420883662,4.20269829332897,0.2828799999999999,25.25248804980795
2024-11-04 17:57:05,4.202941448424786,0.282,25.72571420883662,4.202704865088323,0.28284,25.282140873276248
2024-11-04 17:57:06,4.203105742408909,0.282,24.2430730354219,4.202718008607042,0.2828,25.23825792497438
2024-11-04 17:57:06,4.202777154440939,0.282,26.437220450515156,4.202731152125717,0.28275999999999996,25.252488049807944
2024-11-04 17:57:06,4.202777154440939,0.282,24.9947353287605,4.202731152125717,0.28271999999999997,25.22363834737286
2024-11-04 17:57:06,4.202777154440939,0.282,24.2430730354219,4.202744295644392,0.28268,25.19398552390456
2024-11-04 17:57:07,4.202777154440939,0.282,24.9947353287605,4.202750867403735,0.28264,25.179365946303037
2024-11-04 17:57:07,4.202941448424786,0.282,24.2430730354219,4.20274429564437,0.2826,25.164332700436272
2024-11-04 17:57:07,4.202777154440939,0.282,24.9947353287605,4.202764010922365,0.28256000000000003,25.164332700436265
2024-11-04 17:57:07,4.202612860457368,0.282,24.2430730354219,4.202757439163023,0.28252000000000005,25.164332700436272
2024-11-04 17:57:08,4.202612860457368,0.282,24.9947353287605,4.202750867403681,0.28248000000000006,25.194839474512822
2024-11-04 17:57:08,4.202448566474072,0.282,24.2430730354219,4.202737723885005,0.2824400000000001,25.179806228646047
2024-11-04 17:57:08,4.202777154440939,0.282,25.72571420883662,4.202737723885005,0.28240000000000004,25.194425806247573
2024-11-04 17:57:08,4.202777154440939,0.282,24.9947353287605,4.202744295644348,0.28236000000000006,25.151713331939206
2024-11-04 17:57:09,4.202612860457368,0.282,25.72571420883662,4.202724580366287,0.28232,25.1517133319392
2024-11-04 17:57:09,4.202777154440939,0.282,26.437220450515156,4.202731152125629,0.28228000000000003,25.165943456772776
2024-11-04 17:57:09,4.2035986243629315,0.282,25.72571420883662,4.20276401092251,0.28224,25.19559628024107
2024-11-04 17:57:09,4.202777154440939,0.282,24.9947353287605,4.20276401092251,0.2822,25.166746577805974
2024-11-04 17:57:10,4.202941448424786,0.282,22.672238853203226,4.202777154441206,0.2822,25.120296648294826
2024-11-04 17:57:10,4.202612860457368,0.282,24.9947353287605,4.202770582681863,0.2822,25.105677070693304
2024-11-04 17:57:10,4.202612860457368,0.282,25.72571420883662,4.202764010922521,0.28216,25.10567707069331
2024-11-04 17:57:10,4.202941448424786,0.282,27.13035904417916,4.202777154441217,0.28212,25.133769967400163
2024-11-04 17:57:11,4.202941448424786,0.282,22.672238853203226,4.202796869719245,0.28208,25.07270046028749
2024-11-04 17:57:11,4.202777154440939,0.281,24.2430730354219,4.202796869719245,0.28200000000000003,25.05766721442071
2024-11-04 17:57:11,4.202941448424786,0.281,24.2430730354219,4.202803441478598,0.28192000000000006,25.042633968553947
2024-11-04 17:57:11,4.2035986243629315,0.281,24.9947353287605,4.202849443794153,0.2818800000000001,25.028014390952425
2024-11-04 17:57:12,4.202612860457368,0.281,23.469396624933097,4.202836300275456,0.2818400000000001,25.02801439095242
2024-11-04 17:57:12,4.202284272491052,0.281,24.9947353287605,4.202803441478741,0.2818000000000001,25.0133948133509
2024-11-04 17:57:12,4.202612860457368,0.282,25.72571420883662,4.202796869719399,0.2818000000000001,25.0430476368192
2024-11-04 17:57:12,4.202941448424786,0.282,24.2430730354219,4.2028034414787525,0.2818000000000001,24.97178627148442
2024-11-04 17:57:13,4.202777154440939,0.281,24.2430730354219,4.2028034414787525,0.2817600000000001,24.94213344801613
2024-11-04 17:57:13,4.202777154440939,0.281,23.469396624933097,4.2028034414787525,0.28172000000000014,24.89700709633806
2024-11-04 17:57:13,4.203105742408909,0.281,23.469396624933097,4.202810013238118,0.28168000000000015,24.83765061982642
2024-11-04 17:57:13,4.203105742408909,0.281,24.2430730354219,4.202823156756837,0.28164000000000017,24.82261737395964
2024-11-04 17:57:14,4.202777154440939,0.281,24.9947353287605,4.20282972851618,0.2816000000000002,24.83765061982642
2024-11-04 17:57:14,4.203105742408909,0.281,23.469396624933097,4.202849443794243,0.28156000000000014,24.807143845749867
2024-11-04 17:57:14,4.202941448424786,0.281,21.84997632024192,4.20286915907227,0.28152000000000016,24.729629087977973
2024-11-04 17:57:14,4.202777154440939,0.281,24.9947353287605,4.202869159072271,0.2814800000000001,24.6869166136696
2024-11-04 17:57:15,4.202777154440939,0.281,23.469396624933097,4.2028691590722715,0.28144000000000013,24.65640983959305
2024-11-04 17:57:15,4.202941448424786,0.281,27.13035904417916,4.202882302590968,0.28140000000000015,24.69912231390142
2024-11-04 17:57:15,4.202448566474072,0.282,25.72571420883662,4.202869159072292,0.2814000000000002,24.671029417194568
2024-11-04 17:57:15,4.203105742408909,0.282,25.72571420883662,4.202849443794132,0.28140000000000015,24.71615576887264
2024-11-04 17:57:16,4.202941448424786,0.282,24.2430730354219,4.202856015553484,0.28140000000000015,24.73162929708242
2024-11-04 17:57:16,4.203105742408909,0.281,23.469396624933097,4.20286258731285,0.2813600000000001,24.71615576887264
2024-11-04 17:57:16,4.202612860457368,0.281,27.13035904417916,4.20286258731285,0.2813200000000002,24.75886824318102
2024-11-04 17:57:16,4.202777154440939,0.281,24.2430730354219,4.2028691590721925,0.28128000000000014,24.74383499731424
2024-11-04 17:57:17,4.202941448424786,0.281,24.9947353287605,4.2028691590721925,0.28124000000000016,24.74383499731425
2024-11-04 17:57:17,4.202777154440939,0.281,26.437220450515156,4.202862587312839,0.2812000000000001,24.787717945616105
2024-11-04 17:57:17,4.202941448424786,0.281,23.469396624933097,4.2028691590721925,0.2812000000000001,24.82010635170993
2024-11-04 17:57:17,4.203105742408909,0.281,24.9947353287605,4.202875730831558,0.2812000000000001,24.791256649274846
2024-11-04 17:57:18,4.202777154440939,0.281,24.9947353287605,4.202842872034679,0.2812000000000001,24.776637071673317
2024-11-04 17:57:18,4.202777154440939,0.281,22.672238853203226,4.202849443794022,0.28120000000000017,24.71556756456065
2024-11-04 17:57:18,4.202612860457368,0.281,25.72571420883662,4.202862587312675,0.28120000000000017,24.745220388028947
2024-11-04 17:57:18,4.202777154440939,0.281,24.9947353287605,4.2028691590720175,0.28116000000000024,24.71637068559385
2024-11-04 17:57:19,4.203105742408909,0.281,24.9947353287605,4.202875730831383,0.28112000000000026,24.716370685593848
2024-11-04 17:57:19,4.203105742408909,0.281,25.72571420883662,4.202888874350101,0.28112000000000026,24.74602350906214
2024-11-04 17:57:19,4.202941448424786,0.281,24.2430730354219,4.202895446109455,0.28112000000000026,24.730990263195377
2024-11-04 17:57:19,4.203270036393308,0.281,24.9947353287605,4.202902017868832,0.28112000000000026,24.74602350906214
2024-11-04 17:57:20,4.202777154440939,0.281,27.13035904417916,4.202888874350113,0.2811200000000002,24.788735983370522
2024-11-04 17:57:20,4.202777154440939,0.281,25.72571420883662,4.202888874350113,0.2811200000000002,24.81838880683881
2024-11-04 17:57:20,4.202777154440939,0.281,25.72571420883662,4.202875730831394,0.2811200000000002,24.833008384440337
2024-11-04 17:57:20,4.203105742408909,0.281,26.437220450515156,4.202882302590759,0.2811200000000002,24.876891332742208
2024-11-04 17:57:21,4.202941448424786,0.281,24.9947353287605,4.202888874350112,0.2811200000000002,24.86227175514068
2024-11-04 17:57:21,4.202284272491052,0.28,25.72571420883662,4.202869159072117,0.28108000000000016,24.876891332742208
2024-11-04 17:57:21,4.202941448424786,0.28,24.2430730354219,4.202869159072116,0.2810400000000001,24.847238509273907
2024-11-04 17:57:21,4.202777154440939,0.28,26.437220450515156,4.202882302590791,0.28096000000000004,24.847238509273904
2024-11-04 17:57:22,4.2035986243629315,0.28,24.9947353287605,4.2029020178689525,0.28088,24.832618931672382
2024-11-04 17:57:22,4.2035986243629315,0.28,24.9947353287605,4.202928304906478,0.28079999999999994,24.832618931672386
2024-11-04 17:57:22,4.2035986243629315,0.28,24.9947353287605,4.202948020184638,0.2807599999999999,24.879068861183526
2024-11-04 17:57:22,4.203105742408909,0.28,24.2430730354219,4.2029677354627,0.28071999999999986,24.86403561531675
2024-11-04 17:57:23,4.203105742408909,0.28,24.9947353287605,4.2029808789814185,0.2806799999999998,24.849416037715233
2024-11-04 17:57:23,4.202941448424786,0.28,24.2430730354219,4.2029808789814185,0.2806399999999998,24.791670317540092
2024-11-04 17:57:23,4.203105742408909,0.28,24.9947353287605,4.202994022500137,0.2805999999999997,24.838120247051233
2024-11-04 17:57:23,4.203270036393308,0.281,21.84997632024192,4.203007166018879,0.28059999999999974,24.79025831274764
2024-11-04 17:57:24,4.202777154440939,0.281,24.9947353287605,4.202994022500161,0.2805999999999998,24.805291558614407
2024-11-04 17:57:24,4.202941448424786,0.281,25.72571420883662,4.203000594259514,0.2805999999999999,24.819911136215932
2024-11-04 17:57:24,4.2035986243629315,0.281,25.72571420883662,4.203033453056394,0.28059999999999996,24.865037487893996
2024-11-04 17:57:24,4.203270036393308,0.281,24.9947353287605,4.203059740093831,0.2806,24.865037487894
2024-11-04 17:57:25,4.2034343303779815,0.281,24.2430730354219,4.203086027131311,0.28060000000000007,24.8353846644257
2024-11-04 17:57:25,4.202448566474072,0.281,25.72571420883662,4.203059740093917,0.2806000000000002,24.865037487893996
2024-11-04 17:57:25,4.203270036393308,0.28,25.72571420883662,4.203066311853294,0.28056000000000014,24.894690311362293
2024-11-04 17:57:25,4.202941448424786,0.28,25.72571420883662,4.203066311853293,0.28052000000000016,24.939816663040357
2024-11-04 17:57:26,4.202941448424786,0.28,29.10927472714519,4.203053168334552,0.2804800000000002,25.052614225084593
2024-11-04 17:57:26,4.202941448424786,0.28,23.469396624933097,4.203059740093905,0.28044000000000013,25.037140696874822
2024-11-04 17:57:26,4.202941448424786,0.28,25.72571420883662,4.203066311853259,0.2804000000000001,25.051760274476347
2024-11-04 17:57:26,4.203105742408909,0.28,24.9947353287605,4.203079455371978,0.28036,25.0822670485529
2024-11-04 17:57:27,4.202941448424786,0.28,25.72571420883662,4.203072883612613,0.2803199999999999,25.15978180632479
2024-11-04 17:57:27,4.203270036393308,0.28,26.437220450515156,4.203086027131354,0.28027999999999986,25.18863150875989
2024-11-04 17:57:27,4.203105742408909,0.28,24.9947353287605,4.2031188859280695,0.2802799999999998,25.219138282836433
2024-11-04 17:57:27,4.202777154440939,0.28,25.72571420883662,4.203112314168717,0.28027999999999975,25.19104538612959
2024-11-04 17:57:28,4.202777154440939,0.28,25.72571420883662,4.203112314168717,0.28027999999999964,25.19104538612959
2024-11-04 17:57:28,4.202777154440939,0.28,24.9947353287605,4.203079455371838,0.2802799999999997,25.176425808528062
2024-11-04 17:57:28,4.202777154440939,0.28,23.469396624933097,4.203046596574959,0.2802799999999997,25.160952280318288
2024-11-04 17:57:28,4.2035986243629315,0.28,26.437220450515156,4.203046596574959,0.28027999999999975,25.220308756829937
2024-11-04 17:57:29,4.202777154440939,0.28,24.2430730354219,4.20303345305624,0.28027999999999975,25.162563036654788
2024-11-04 17:57:29,4.202941448424786,0.28,24.9947353287605,4.203026881296875,0.28027999999999975,25.177596282521552
2024-11-04 17:57:29,4.203105742408909,0.28,24.9947353287605,4.203033453056239,0.2802799999999998,25.17759628252156
2024-11-04 17:57:29,4.202941448424786,0.28,26.437220450515156,4.203026881296874,0.2802799999999998,25.177596282521552
2024-11-04 17:57:30,4.203105742408909,0.28,27.80614130216054,4.203020309537498,0.2802399999999998,25.264331176066108
2024-11-04 17:57:30,4.203105742408909,0.28,24.9947353287605,4.203033453056218,0.28019999999999984,25.264331176066104
2024-11-04 17:57:30,4.2034343303779815,0.28,23.469396624933097,4.203053168334344,0.28015999999999985,25.23382440198955
2024-11-04 17:57:30,4.203270036393308,0.28,22.672238853203226,4.20304002481556,0.2801199999999998,25.233824401989555
2024-11-04 17:57:31,4.203105742408909,0.279,25.72571420883662,4.203033453056184,0.28003999999999984,25.23382440198956
2024-11-04 17:57:31,4.203105742408909,0.279,23.469396624933097,4.203020309537421,0.2799599999999999,25.203317627913005
2024-11-04 17:57:31,4.202777154440939,0.28,25.72571420883662,4.203033453056096,0.2799199999999999,25.217937205514534
2024-11-04 17:57:31,4.203105742408909,0.28,24.9947353287605,4.20302688129672,0.2799199999999999,25.203317627913005
2024-11-04 17:57:32,4.203105742408909,0.28,25.72571420883662,4.2030334530560856,0.2799199999999999,25.232970451381306
2024-11-04 17:57:32,4.2034343303779815,0.28,25.72571420883662,4.203053168334213,0.2799199999999999,25.24759002898283
2024-11-04 17:57:32,4.2034343303779815,0.279,24.2430730354219,4.203072883612339,0.2798799999999999,25.189844308807682
2024-11-04 17:57:32,4.203270036393308,0.279,27.13035904417916,4.203086027131081,0.2798399999999999,25.217937205514534
2024-11-04 17:57:33,4.203270036393308,0.279,23.469396624933097,4.203092598890458,0.27979999999999994,25.17281085383646
2024-11-04 17:57:33,4.203105742408909,0.279,25.72571420883662,4.203099170649823,0.27975999999999995,25.15858072900289
2024-11-04 17:57:33,4.203270036393308,0.279,25.72571420883662,4.203099170649823,0.27971999999999997,25.173200306604414
2024-11-04 17:57:33,4.203105742408909,0.279,24.9947353287605,4.203099170649823,0.27968,25.158580729002882
2024-11-04 17:57:34,4.203270036393308,0.279,24.9947353287605,4.203118885927918,0.27963999999999994,25.17361397486966
2024-11-04 17:57:34,4.203270036393308,0.279,25.72571420883662,4.203138601206013,0.27959999999999996,25.159383850036082
2024-11-04 17:57:34,4.203105742408909,0.279,24.2430730354219,4.203151744724732,0.27956,25.14435060416932
2024-11-04 17:57:34,4.203270036393308,0.279,25.72571420883662,4.203171460002827,0.27952,25.158970181770837
2024-11-04 17:57:35,4.202941448424786,0.28,25.72571420883662,4.203145172965302,0.27952,25.17358975937235
2024-11-04 17:57:35,4.202941448424786,0.28,25.72571420883662,4.2031517447246545,0.27952,25.203242582840648
2024-11-04 17:57:35,4.202941448424786,0.279,26.437220450515156,4.203151744724654,0.27947999999999995,25.23209228527574
2024-11-04 17:57:35,4.203105742408909,0.279,25.72571420883662,4.203151744724654,0.27943999999999997,25.261745108744044
2024-11-04 17:57:36,4.2034343303779815,0.279,23.469396624933097,4.203171460002781,0.2793999999999999,25.23123833466749
2024-11-04 17:57:36,4.2035986243629315,0.279,24.9947353287605,4.203191175280942,0.27935999999999994,25.294133514837867
2024-11-04 17:57:36,4.2035986243629315,0.279,24.9947353287605,4.203210890559102,0.27931999999999996,25.294133514837863
2024-11-04 17:57:36,4.203105742408909,0.279,24.9947353287605,4.203197747040338,0.2792799999999999,25.279513937236334
2024-11-04 17:57:37,4.202941448424786,0.279,24.9947353287605,4.203184603521597,0.27923999999999993,25.264894359634813
2024-11-04 17:57:37,4.203105742408909,0.279,25.72571420883662,4.203184603521597,0.27923999999999993,25.27951393723634
2024-11-04 17:57:37,4.203105742408909,0.279,27.13035904417916,4.203184603521598,0.2792399999999999,25.33725965741149
2024-11-04 17:57:37,4.2035986243629315,0.279,24.9947353287605,4.203217462318478,0.27919999999999995,25.322640079809972
2024-11-04 17:57:38,4.203270036393308,0.279,28.465495270963004,4.203224034077854,0.27915999999999996,25.37743570105249
2024-11-04 17:57:38,4.203270036393308,0.279,26.437220450515156,4.203230605837231,0.27912,25.391665825886065
2024-11-04 17:57:38,4.202777154440939,0.279,24.2430730354219,4.20320431879975,0.27908,25.294341792051604
2024-11-04 17:57:38,4.203270036393308,0.279,27.80614130216054,4.203197747040362,0.27908,25.38107668559615
2024-11-04 17:57:39,4.202941448424786,0.279,25.72571420883662,4.203184603521621,0.27908,25.381076685596152
2024-11-04 17:57:39,4.203270036393308,0.279,24.9947353287605,4.203184603521621,0.27907999999999994,25.38107668559615
2024-11-04 17:57:39,4.203105742408909,0.279,24.9947353287605,4.203184603521622,0.27907999999999994,25.36645710799463
2024-11-04 17:57:39,4.203105742408909,0.279,26.437220450515156,4.2031780317622465,0.27907999999999994,25.36645710799463
2024-11-04 17:57:40,4.204091506319434,0.279,26.437220450515156,4.203217462318667,0.27907999999999994,25.39530681042973
2024-11-04 17:57:40,4.2034343303779815,0.279,24.9947353287605,4.203224034078053,0.27907999999999994,25.3806872328282
2024-11-04 17:57:40,4.2034343303779815,0.279,25.72571420883662,4.2032306058374385,0.27907999999999994,25.380687232828205
2024-11-04 17:57:40,4.202777154440939,0.279,24.2430730354219,4.203217462318721,0.27907999999999994,25.36565398696143
2024-11-04 17:57:41,4.203105742408909,0.279,25.72571420883662,4.203210890559345,0.27907999999999994,25.410780338639505
2024-11-04 17:57:41,4.2034343303779815,0.279,25.72571420883662,4.203230605837472,0.27903999999999995,25.39655021380593
2024-11-04 17:57:41,4.203105742408909,0.279,23.469396624933097,4.2032371775968365,0.27899999999999997,25.38107668559615
2024-11-04 17:57:41,4.2034343303779815,0.279,24.2430730354219,4.203256892874964,0.27899999999999997,25.36604343972938
2024-11-04 17:57:42,4.2035986243629315,0.279,25.72571420883662,4.203276608153125,0.27899999999999997,25.3806630173309
2024-11-04 17:57:42,4.203270036393308,0.279,26.437220450515156,4.203270036393738,0.27899999999999997,25.3806630173309
2024-11-04 17:57:42,4.2035986243629315,0.279,23.469396624933097,4.2032700363937385,0.27899999999999997,25.29392812378635
2024-11-04 17:57:42,4.202612860457368,0.279,25.72571420883662,4.203230605837517,0.27899999999999997,25.30854770138787
2024-11-04 17:57:43,4.202777154440939,0.279,25.72571420883662,4.203217462318799,0.27899999999999997,25.353674053065944
2024-11-04 17:57:43,4.203270036393308,0.279,24.9947353287605,4.20323060583754,0.27899999999999997,25.400123982577085
2024-11-04 17:57:43,4.203105742408909,0.279,25.72571420883662,4.20323060583754,0.27899999999999997,25.400123982577096
2024-11-04 17:57:43,4.203270036393308,0.279,27.13035904417916,4.203237177596917,0.27899999999999997,25.473343230962016
2024-11-04 17:57:44,4.2035986243629315,0.279,26.437220450515156,4.203237177596917,0.27899999999999997,25.487573355795586
2024-11-04 17:57:44,4.202941448424786,0.279,24.2430730354219,4.203224034078176,0.27899999999999997,25.472540109928808
2024-11-04 17:57:44,4.203762918348157,0.279,24.9947353287605,4.20324374935637,0.27899999999999997,25.45792053232729
2024-11-04 17:57:44,4.203270036393308,0.279,24.9947353287605,4.203263464634464,0.27899999999999997,25.44330095472576
2024-11-04 17:57:45,4.203105742408909,0.279,27.13035904417916,4.203256892875088,0.27899999999999997,25.50104667490091
2024-11-04 17:57:45,4.203270036393308,0.279,24.2430730354219,4.203270036393829,0.27899999999999997,25.443300954725768
2024-11-04 17:57:45,4.203105742408909,0.279,25.72571420883662,4.203263464634453,0.27899999999999997,25.488427306403835
2024-11-04 17:57:45,4.2034343303779815,0.279,24.9947353287605,4.203276608153215,0.27899999999999997,25.473807728802317
2024-11-04 17:57:46,4.203105742408909,0.279,25.72571420883662,4.203276608153215,0.27899999999999997,25.47380772880232
2024-11-04 17:57:46,4.203105742408909,0.278,24.2430730354219,4.203237177596794,0.27896,25.458774482935546
2024-11-04 17:57:46,4.203105742408909,0.278,25.72571420883662,4.203224034078032,0.27892,25.473394060537068
2024-11-04 17:57:46,4.203105742408909,0.278,24.2430730354219,4.203210890559269,0.27888,25.443741237068775
2024-11-04 17:57:47,4.2035986243629315,0.278,27.13035904417916,4.203243749356149,0.27884000000000003,25.501486957243923
2024-11-04 17:57:47,4.2034343303779815,0.278,24.9947353287605,4.203256892874911,0.27880000000000005,25.486867379642405
2024-11-04 17:57:47,4.2034343303779815,0.278,24.9947353287605,4.2032568928749106,0.27876000000000006,25.472247802040876
2024-11-04 17:57:47,4.2034343303779815,0.278,24.9947353287605,4.203270036393672,0.2787200000000001,25.457628224439354
2024-11-04 17:57:48,4.2034343303779815,0.278,24.9947353287605,4.203270036393672,0.27868000000000015,25.428778522004258
2024-11-04 17:57:48,4.203270036393308,0.278,25.72571420883662,4.2032568928748875,0.27864000000000017,25.42877852200425
2024-11-04 17:57:48,4.203105742408909,0.278,24.2430730354219,4.203250321115512,0.2786000000000002,25.444252050214033
2024-11-04 17:57:48,4.203270036393308,0.278,26.437220450515156,4.203237177596727,0.27856000000000014,25.47310175264913
2024-11-04 17:57:49,4.2034343303779815,0.278,25.72571420883662,4.203270036393551,0.27852000000000016,25.487721330250643
2024-11-04 17:57:49,4.2034343303779815,0.278,27.13035904417916,4.203296323431032,0.2784800000000002,25.53043380455901
2024-11-04 17:57:49,4.203762918348157,0.278,24.2430730354219,4.203316038709225,0.27844000000000024,25.515400558692246
2024-11-04 17:57:49,4.2034343303779815,0.278,26.437220450515156,4.203329182227988,0.27840000000000026,25.52963068352582
2024-11-04 17:57:50,4.2035986243629315,0.278,24.2430730354219,4.203342325746774,0.2783600000000003,25.47188496335067
2024-11-04 17:57:50,4.2034343303779815,0.278,25.72571420883662,4.203335753987377,0.2783200000000003,25.4865045409522
2024-11-04 17:57:50,4.2034343303779815,0.278,25.72571420883662,4.203355469265504,0.2782800000000003,25.43170891970967
2024-11-04 17:57:50,4.203270036393308,0.278,25.72571420883662,4.203335753987311,0.2782400000000003,25.417478794876097
2024-11-04 17:57:51,4.203270036393308,0.278,27.80614130216054,4.203335753987311,0.27820000000000034,25.488740160210863
2024-11-04 17:57:51,4.203270036393308,0.278,25.72571420883662,4.203342325746687,0.2781600000000003,25.447131618344383
2024-11-04 17:57:51,4.2034343303779815,0.278,23.469396624933097,4.203348897506074,0.2781200000000003,25.402005266666315
2024-11-04 17:57:51,4.2034343303779815,0.278,25.72571420883662,4.203362041024836,0.2780800000000003,25.416624844267844
2024-11-04 17:57:52,4.2035986243629315,0.278,25.72571420883662,4.203368612784235,0.27804000000000034,25.43124442186936
2024-11-04 17:57:52,4.203762918348157,0.278,25.72571420883662,4.203394899821805,0.2780000000000003,25.417014297035784
2024-11-04 17:57:52,4.2034343303779815,0.278,24.9947353287605,4.203408043340567,0.2780000000000003,25.38816459460069
2024-11-04 17:57:52,4.2034343303779815,0.278,25.72571420883662,4.20342118685933,0.2780000000000003,25.402784172202217
2024-11-04 17:57:53,4.2034343303779815,0.278,23.469396624933097,4.2034343303780926,0.2780000000000003,25.35765782052415
2024-11-04 17:57:53,4.2035986243629315,0.278,27.13035904417916,4.2034343303780926,0.2780000000000003,25.41540354069929
2024-11-04 17:57:53,4.2035986243629315,0.278,24.9947353287605,4.2034409021374906,0.2780000000000003,25.40078396309777
2024-11-04 17:57:53,4.2035986243629315,0.278,24.2430730354219,4.203447473896888,0.2780000000000003,25.37113113962948
2024-11-04 17:57:54,4.2034343303779815,0.278,25.72571420883662,4.203447473896888,0.2780000000000003,25.416257491307544
2024-11-04 17:57:54,4.2035986243629315,0.278,24.9947353287605,4.2034540456562866,0.2780000000000003,25.431290737174326
2024-11-04 17:57:54,4.203270036393308,0.278,25.72571420883662,4.2034540456562866,0.2780000000000003,25.431290737174322
2024-11-04 17:57:54,4.2034343303779815,0.278,24.2430730354219,4.203467189175049,0.2780000000000003,25.387407788872455
2024-11-04 17:57:55,4.203762918348157,0.278,24.9947353287605,4.203486904453244,0.2780000000000003,25.417914562949008
2024-11-04 17:57:55,4.2035986243629315,0.278,24.9947353287605,4.2034934762126435,0.2780000000000003,25.40329498534749
2024-11-04 17:57:55,4.2034343303779815,0.278,22.672238853203226,4.2034934762126435,0.2780000000000003,25.342225478234823
2024-11-04 17:57:55,4.2034343303779815,0.278,23.469396624933097,4.203480332693834,0.2780000000000003,25.31171870415827
2024-11-04 17:57:56,4.203270036393308,0.278,24.9947353287605,4.203473760934447,0.2780000000000003,25.29709912655675
2024-11-04 17:57:56,4.202941448424786,0.278,26.437220450515156,4.203447473896921,0.2780000000000003,25.283236354683467
2024-11-04 17:57:56,4.203105742408909,0.278,24.9947353287605,4.203434330378159,0.2780000000000003,25.25438665224837
2024-11-04 17:57:56,4.2035986243629315,0.278,24.9947353287605,4.203440902137557,0.2780000000000003,25.269419898115146
2024-11-04 17:57:57,4.2034343303779815,0.278,25.72571420883662,4.203447473896943,0.2780000000000003,25.284039475716664
2024-11-04 17:57:57,4.203105742408909,0.278,24.9947353287605,4.203440902137567,0.2780000000000003,25.284039475716668
2024-11-04 17:57:57,4.203762918348157,0.277,25.72571420883662,4.203460617415762,0.27796000000000026,25.255946579009816
2024-11-04 17:57:57,4.2034343303779815,0.277,25.72571420883662,4.203460617415761,0.2779200000000002,25.28559940247811
2024-11-04 17:57:58,4.2035986243629315,0.277,25.72571420883662,4.203467189175161,0.2778800000000002,25.285599402478102
2024-11-04 17:57:58,4.203762918348157,0.277,24.9947353287605,4.20347376093457,0.27784000000000014,25.285599402478105
2024-11-04 17:57:58,4.2039272123336575,0.277,25.72571420883662,4.2034803326939905,0.2778000000000001,25.28559940247811
2024-11-04 17:57:58,4.2035986243629315,0.277,25.72571420883662,4.2034869044533885,0.27776,25.315252225946406
2024-11-04 17:57:59,4.2034343303779815,0.277,26.437220450515156,4.203486904453388,0.27771999999999997,25.329482350779973
2024-11-04 17:57:59,4.2039272123336575,0.277,25.72571420883662,4.203506619731614,0.2776799999999999,25.359135174248266
2024-11-04 17:57:59,4.2034343303779815,0.277,22.672238853203226,4.203500047972216,0.2776399999999999,25.269972770428744
2024-11-04 17:57:59,4.203105742408909,0.277,24.9947353287605,4.203480332694055,0.27759999999999985,25.269972770428748
2024-11-04 17:58:00,4.2039272123336575,0.277,26.437220450515156,4.203493476212885,0.2775599999999998,25.298822472863847
2024-11-04 17:58:00,4.203762918348157,0.277,24.9947353287605,4.203506619731693,0.27751999999999977,25.298822472863844
2024-11-04 17:58:00,4.2039272123336575,0.277,26.437220450515156,4.2035197632505215,0.2774799999999998,25.32767217529893
2024-11-04 17:58:00,4.2035986243629315,0.277,26.437220450515156,4.203532906769307,0.27743999999999974,25.341902300132514
2024-11-04 17:58:01,4.2035986243629315,0.277,27.13035904417916,4.203539478528705,0.27739999999999976,25.399648020307655
2024-11-04 17:58:01,4.203105742408909,0.277,24.9947353287605,4.203513191491135,0.2773599999999997,25.37079831787256
2024-11-04 17:58:01,4.203270036393308,0.277,25.72571420883662,4.203500047972351,0.27731999999999973,25.37079831787256
2024-11-04 17:58:01,4.2035986243629315,0.277,27.13035904417916,4.2035066197317486,0.27727999999999975,25.370798317872556
2024-11-04 17:58:02,4.203762918348157,0.277,25.72571420883662,4.203519763250555,0.2772399999999997,25.400451141340856
2024-11-04 17:58:02,4.2039272123336575,0.277,26.437220450515156,4.20354605028817,0.2771999999999997,25.400451141340856
2024-11-04 17:58:02,4.2039272123336575,0.277,24.9947353287605,4.2035854808445245,0.27715999999999974,25.41548438720763
2024-11-04 17:58:02,4.203762918348157,0.277,24.9947353287605,4.203611767882094,0.27711999999999976,25.40086480960611
2024-11-04 17:58:03,4.2039272123336575,0.277,26.437220450515156,4.203624911400924,0.2770799999999997,25.415094934439676
2024-11-04 17:58:03,4.203270036393308,0.277,26.437220450515156,4.203618339641537,0.27703999999999973,25.42932505927325
2024-11-04 17:58:03,4.203270036393308,0.277,26.437220450515156,4.2036249114009125,0.27699999999999975,25.401946642240347
2024-11-04 17:58:03,4.203762918348157,0.277,26.437220450515156,4.203624911400912,0.27699999999999975,25.41617676707392
2024-11-04 17:58:04,4.2035986243629315,0.277,23.469396624933097,4.20363148316031,0.27699999999999975,25.416176767073917
2024-11-04 17:58:04,4.204091506319434,0.277,24.9947353287605,4.203651198438569,0.27699999999999975,25.401557189472395
2024-11-04 17:58:04,4.2034343303779815,0.277,26.437220450515156,4.203638054919762,0.27699999999999975,25.415787314305962
2024-11-04 17:58:04,4.203762918348157,0.277,24.9947353287605,4.203631483160342,0.27699999999999975,25.40116773670444
2024-11-04 17:58:05,4.203270036393308,0.277,26.437220450515156,4.203618339641556,0.27699999999999975,25.430017439139537
2024-11-04 17:58:05,4.2034343303779815,0.277,25.72571420883662,4.203618339641556,0.27699999999999975,25.43001743913953
2024-11-04 17:58:05,4.203762918348157,0.277,24.9947353287605,4.203611767882136,0.27699999999999975,25.460524213216072
2024-11-04 17:58:05,4.202941448424786,0.277,24.9947353287605,4.203592052604008,0.27699999999999975,25.4178117389077
2024-11-04 17:58:06,4.2035986243629315,0.277,26.437220450515156,4.203611767882168,0.27699999999999975,25.446661441342794
2024-11-04 17:58:06,4.203762918348157,0.277,27.13035904417916,4.203605196122749,0.27699999999999975,25.504407161517932
2024-11-04 17:58:06,4.2042558003054875,0.277,25.72571420883662,4.203624911401041,0.27699999999999975,25.50440716151794
2024-11-04 17:58:06,4.203270036393308,0.277,24.9947353287605,4.203598624363428,0.27699999999999975,25.504407161517943
2024-11-04 17:58:07,4.2039272123336575,0.277,25.72571420883662,4.203611767882258,0.27699999999999975,25.504407161517946
2024-11-04 17:58:07,4.2035986243629315,0.277,26.437220450515156,4.203611767882258,0.27699999999999975,25.54829010981981
2024-11-04 17:58:07,4.2035986243629315,0.277,24.2430730354219,4.203631483160419,0.27699999999999975,25.533256863953042
2024-11-04 17:58:07,4.2039272123336575,0.277,25.72571420883662,4.203657770198034,0.27699999999999975,25.547876441554564
2024-11-04 17:58:08,4.203105742408909,0.277,24.2430730354219,4.203638054919873,0.27699999999999975,25.57929312519894
2024-11-04 17:58:08,4.203270036393308,0.277,25.72571420883662,4.20361833964168,0.27699999999999975,25.62441947687701
2024-11-04 17:58:08,4.203762918348157,0.277,24.9947353287605,4.2036117678822595,0.27699999999999975,25.624419476877016
2024-11-04 17:58:08,4.203762918348157,0.277,24.9947353287605,4.203605196122839,0.27699999999999975,25.59556977444192
2024-11-04 17:58:09,4.203270036393308,0.277,26.437220450515156,4.203585480844646,0.27699999999999975,25.62441947687701
2024-11-04 17:58:09,4.203105742408909,0.276,24.2430730354219,4.203552622047656,0.27695999999999976,25.609386231010234
2024-11-04 17:58:09,4.2035986243629315,0.276,27.13035904417916,4.203565765566441,0.2769199999999998,25.63747912771709
2024-11-04 17:58:09,4.2039272123336575,0.276,24.9947353287605,4.203592052604054,0.2768799999999998,25.637479127717082
2024-11-04 17:58:10,4.204091506319434,0.277,26.437220450515156,4.203605196122905,0.2768799999999998,25.651709252550653
2024-11-04 17:58:10,4.203762918348157,0.277,21.000806169342923,4.203611767882314,0.2768799999999998,25.55721109176078
2024-11-04 17:58:10,4.2039272123336575,0.276,24.9947353287605,4.203605196122883,0.2768399999999998,25.542591514159252
2024-11-04 17:58:10,4.2035986243629315,0.276,25.72571420883662,4.20361176788228,0.2767999999999999,25.557211091760774
2024-11-04 17:58:11,4.202941448424786,0.276,26.437220450515156,4.203578909085346,0.2767599999999999,25.571441216594348
2024-11-04 17:58:11,4.203762918348157,0.276,24.9947353287605,4.20359862436354,0.2767199999999999,25.55682163899283
2024-11-04 17:58:11,4.203762918348157,0.276,25.72571420883662,4.203611767882347,0.2766799999999999,25.54259151415926
2024-11-04 17:58:11,4.203270036393308,0.276,26.437220450515156,4.2035920526041535,0.27663999999999994,25.556821638992833
2024-11-04 17:58:12,4.2035986243629315,0.276,25.72571420883662,4.203618339641679,0.27659999999999996,25.617891146105492
2024-11-04 17:58:12,4.2035986243629315,0.276,24.2430730354219,4.203618339641679,0.2765599999999999,25.602857900238728
2024-11-04 17:58:12,4.203270036393308,0.276,26.437220450515156,4.203598624363485,0.2765199999999999,25.602857900238725
2024-11-04 17:58:12,4.203762918348157,0.276,22.672238853203226,4.203578909085191,0.27647999999999995,25.556407970727584
2024-11-04 17:58:13,4.203762918348157,0.276,24.9947353287605,4.2035986243633845,0.27643999999999996,25.527558268292477
2024-11-04 17:58:13,4.203762918348157,0.276,25.72571420883662,4.203592052603965,0.2763999999999999,25.51332814345891
2024-11-04 17:58:13,4.2035986243629315,0.276,26.437220450515156,4.203592052603965,0.27635999999999994,25.49946537158563
2024-11-04 17:58:13,4.2034343303779815,0.276,23.469396624933097,4.203585480844567,0.2763199999999999,25.468958597509076
2024-11-04 17:58:14,4.203762918348157,0.276,24.9947353287605,4.203578909085147,0.2762799999999999,25.454339019907557
2024-11-04 17:58:14,4.203762918348157,0.276,24.9947353287605,4.203605196122718,0.2762399999999999,25.411626545599187
2024-11-04 17:58:14,4.2034343303779815,0.276,24.2430730354219,4.203611767882103,0.2761999999999999,25.381973722130898
2024-11-04 17:58:14,4.2034343303779815,0.276,25.72571420883662,4.203598624363296,0.2761599999999999,25.36774359729732
2024-11-04 17:58:15,4.203762918348157,0.276,26.437220450515156,4.203598624363296,0.27611999999999987,25.396593299732423
2024-11-04 17:58:15,4.203270036393308,0.276,25.72571420883662,4.203598624363296,0.2760799999999999,25.411212877333938
2024-11-04 17:58:15,4.203762918348157,0.276,25.72571420883662,4.203624911400866,0.2760799999999999,25.396982752500364
2024-11-04 17:58:15,4.2039272123336575,0.276,26.437220450515156,4.203638054919695,0.2760799999999999,25.396982752500364
2024-11-04 17:58:16,4.2039272123336575,0.275,25.72571420883662,4.203638054919695,0.2760399999999999,25.382752627666797
2024-11-04 17:58:16,4.204091506319434,0.275,25.72571420883662,4.203638054919695,0.27595999999999987,25.36852250283322
2024-11-04 17:58:16,4.204091506319434,0.276,26.437220450515156,4.203651198438546,0.2759199999999999,25.427878979344868
2024-11-04 17:58:16,4.204091506319434,0.276,26.437220450515156,4.203657770197978,0.2759199999999999,25.45672868177996
2024-11-04 17:58:17,4.2034343303779815,0.276,25.72571420883662,4.20365119843858,0.2759199999999999,25.442498556946383
2024-11-04 17:58:17,4.203762918348157,0.276,24.9947353287605,4.203684057235515,0.2759199999999999,25.44249855694638
2024-11-04 17:58:17,4.203762918348157,0.275,24.9947353287605,4.203684057235515,0.2758799999999999,25.413648854511294
2024-11-04 17:58:17,4.2034343303779815,0.275,24.2430730354219,4.203670913716707,0.2758399999999999,25.383996031042994
2024-11-04 17:58:18,4.204091506319434,0.275,26.437220450515156,4.203703772513752,0.27579999999999993,25.41284573347809
2024-11-04 17:58:18,4.2039272123336575,0.276,26.437220450515156,4.2037169160325805,0.27579999999999993,25.44169543591319
2024-11-04 17:58:18,4.204091506319434,0.276,26.437220450515156,4.20373663131084,0.27579999999999993,25.44169543591319
2024-11-04 17:58:18,4.203762918348157,0.275,24.2430730354219,4.203756346589034,0.27575999999999995,25.38394971573804
2024-11-04 17:58:19,4.2035986243629315,0.275,24.2430730354219,4.203749774829625,0.27571999999999997,25.354296892269748
2024-11-04 17:58:19,4.2039272123336575,0.275,22.672238853203226,4.203756346589045,0.27568000000000004,25.307846962758607
2024-11-04 17:58:19,4.2039272123336575,0.275,24.9947353287605,4.203762918348466,0.27564000000000005,25.29322738515709
2024-11-04 17:58:19,4.204420094291815,0.275,24.9947353287605,4.20379577714562,0.27560000000000007,25.264377682721992
2024-11-04 17:58:20,4.203762918348157,0.275,25.72571420883662,4.203808920664428,0.2755600000000001,25.294030506190293
2024-11-04 17:58:20,4.203762918348157,0.275,24.9947353287605,4.20380892066443,0.2755200000000001,25.279410928588774
2024-11-04 17:58:20,4.2034343303779815,0.275,25.72571420883662,4.203795777145622,0.2754800000000001,25.309063752057064
2024-11-04 17:58:20,4.2035986243629315,0.275,24.9947353287605,4.20380234890502,0.27544000000000013,25.294444174455535
2024-11-04 17:58:21,4.2039272123336575,0.275,24.9947353287605,4.203822064183248,0.27540000000000014,25.29444417445553
2024-11-04 17:58:21,4.203762918348157,0.275,25.72571420883662,4.203822064183248,0.27536000000000016,25.309063752057053
2024-11-04 17:58:21,4.2035986243629315,0.275,25.72571420883662,4.203835207702032,0.2753200000000001,25.29483362722348
2024-11-04 17:58:21,4.203762918348157,0.275,26.437220450515156,4.203835207702031,0.2752800000000002,25.33871657552535
2024-11-04 17:58:22,4.203762918348157,0.275,23.469396624933097,4.203828635942611,0.2752400000000002,25.265497327140423
2024-11-04 17:58:22,4.2035986243629315,0.275,24.9947353287605,4.203815492423782,0.2752400000000002,25.26549732714043
2024-11-04 17:58:22,4.2039272123336575,0.275,24.9947353287605,4.203808920664352,0.2752400000000002,25.236647624705324
2024-11-04 17:58:22,4.204420094291815,0.275,27.13035904417916,4.203822064183248,0.2752000000000002,25.359238682202058
2024-11-04 17:58:23,4.203762918348157,0.275,24.2430730354219,4.203808920664397,0.27516000000000024,25.344205436335283
2024-11-04 17:58:23,4.2034343303779815,0.275,25.72571420883662,4.203808920664397,0.2751200000000002,25.344205436335287
2024-11-04 17:58:23,4.203762918348157,0.275,24.9947353287605,4.203808920664397,0.2750800000000002,25.31535573390019
2024-11-04 17:58:23,4.2039272123336575,0.275,25.72571420883662,4.203815492423817,0.2750800000000002,25.32997531150172
2024-11-04 17:58:24,4.203762918348157,0.275,27.13035904417916,4.203828635942624,0.2750800000000002,25.358068208208575
2024-11-04 17:58:24,4.2035986243629315,0.275,24.9947353287605,4.203808920664363,0.2750800000000002,25.32921850577347
2024-11-04 17:58:24,4.2039272123336575,0.275,24.9947353287605,4.203808920664363,0.27504000000000023,25.314598928171957
2024-11-04 17:58:24,4.203762918348157,0.275,24.9947353287605,4.203795777145512,0.2750000000000002,25.329632174038725
2024-11-04 17:58:25,4.2035986243629315,0.275,24.9947353287605,4.203789205386102,0.2750000000000002,25.30078247160364
2024-11-04 17:58:25,4.2042558003054875,0.275,26.437220450515156,4.203815492423805,0.2750000000000002,25.37608210354987
2024-11-04 17:58:25,4.2034343303779815,0.275,25.72571420883662,4.203795777145578,0.2750000000000002,25.390701681151384
2024-11-04 17:58:25,4.203762918348157,0.275,24.2430730354219,4.203789205386158,0.2750000000000002,25.361048857683087
2024-11-04 17:58:26,4.203762918348157,0.275,26.437220450515156,4.203762918348412,0.2750000000000002,25.36104885768309
2024-11-04 17:58:26,4.2039272123336575,0.275,24.9947353287605,4.203769490107832,0.2750000000000002,25.391555631759644
2024-11-04 17:58:26,4.204091506319434,0.275,25.72571420883662,4.203782633626683,0.2750000000000002,25.406175209361162
2024-11-04 17:58:26,4.203762918348157,0.275,26.437220450515156,4.20379577714549,0.2750000000000002,25.435024911796262
2024-11-04 17:58:27,4.203762918348157,0.275,25.72571420883662,4.203802348904898,0.2750000000000002,25.464677735264548
2024-11-04 17:58:27,4.204420094291815,0.275,26.437220450515156,4.203822064183224,0.2750000000000002,25.478907860098126
2024-11-04 17:58:27,4.204091506319434,0.275,24.2430730354219,4.203835207702074,0.2750000000000002,25.43502491179626
2024-11-04 17:58:27,4.203270036393308,0.275,24.9947353287605,4.20382206418329,0.2750000000000002,25.42040533419474
2024-11-04 17:58:28,4.203762918348157,0.275,26.437220450515156,4.20382206418329,0.2750000000000002,25.434635459028314
2024-11-04 17:58:28,4.203762918348157,0.275,23.469396624933097,4.20382206418329,0.2750000000000002,25.37527898251667
2024-11-04 17:58:28,4.2035986243629315,0.275,25.72571420883662,4.203822064183291,0.2750000000000002,25.375278982516676
2024-11-04 17:58:28,4.2035986243629315,0.275,24.2430730354219,4.203808920664462,0.2750000000000002,25.345626159048376
2024-11-04 17:58:29,4.2042558003054875,0.275,26.437220450515156,4.2038023489050085,0.2750000000000002,25.34562615904838
2024-11-04 17:58:29,4.2035986243629315,0.275,27.80614130216054,4.2037957771456,0.2750000000000002,25.373004576081286
2024-11-04 17:58:29,4.2035986243629315,0.275,24.9947353287605,4.203802348904999,0.2750000000000002,25.358384998479764
2024-11-04 17:58:29,4.204420094291815,0.275,24.9947353287605,4.203828635942745,0.2750000000000002,25.35838499847976
2024-11-04 17:58:30,4.203270036393308,0.275,26.437220450515156,4.203802348905131,0.2750000000000002,25.38723470091485
2024-11-04 17:58:30,4.203762918348157,0.275,24.9947353287605,4.20380234890513,0.2750000000000002,25.402267946781627
2024-11-04 17:58:30,4.2035986243629315,0.275,24.2430730354219,4.203802348905131,0.2750000000000002,25.35838499847975
2024-11-04 17:58:30,4.204091506319434,0.274,26.437220450515156,4.203808920664562,0.27496000000000026,25.35838499847976
2024-11-04 17:58:31,4.204091506319434,0.274,24.9947353287605,4.203822064183412,0.2749200000000003,25.329535296044675
2024-11-04 17:58:31,4.2039272123336575,0.274,24.9947353287605,4.203835207702241,0.2748800000000003,25.34456854191144
2024-11-04 17:58:31,4.2042558003054875,0.274,27.13035904417916,4.20383520770224,0.2748400000000003,25.402314262086588
2024-11-04 17:58:31,4.203105742408909,0.274,25.72571420883662,4.203822064183478,0.2748000000000003,25.463383769199254
2024-11-04 17:58:32,4.2042558003054875,0.274,25.72571420883662,4.20384177946177,0.27476000000000034,25.47800334680078
2024-11-04 17:58:32,4.2042558003054875,0.274,26.437220450515156,4.203861494740064,0.27472000000000035,25.50685304923587
2024-11-04 17:58:32,4.203762918348157,0.274,26.437220450515156,4.203854922980643,0.27468000000000037,25.521083174069435
2024-11-04 17:58:32,4.2042558003054875,0.274,25.72571420883662,4.203861494740084,0.27464000000000044,25.53570275167096
2024-11-04 17:58:33,4.204091506319434,0.274,26.437220450515156,4.203874638258935,0.27460000000000045,25.549932876504535
2024-11-04 17:58:33,4.204091506319434,0.274,25.72571420883662,4.2038877817777855,0.27456000000000047,25.56455245410605
2024-11-04 17:58:33,4.2039272123336575,0.273,26.437220450515156,4.20386806649946,0.27448000000000033,25.593402156541153
2024-11-04 17:58:33,4.204091506319434,0.273,25.72571420883662,4.20386806649946,0.2744000000000003,25.593402156541142
2024-11-04 17:58:34,4.204091506319434,0.273,23.469396624933097,4.203900925296505,0.27432000000000023,25.548275804863074
2024-11-04 17:58:34,4.203762918348157,0.274,23.469396624933097,4.203900925296505,0.27428000000000025,25.48891932835144
2024-11-04 17:58:34,4.203762918348157,0.274,25.72571420883662,4.203900925296505,0.2742400000000002,25.534045680029504
2024-11-04 17:58:34,4.2039272123336575,0.274,25.72571420883662,4.203914068815335,0.2742000000000002,25.54866525763102
2024-11-04 17:58:35,4.204091506319434,0.274,25.72571420883662,4.2039337840935955,0.2741600000000002,25.563284835232544
2024-11-04 17:58:35,4.204420094291815,0.274,25.72571420883662,4.2039403558530495,0.2741200000000002,25.535191938525685
2024-11-04 17:58:35,4.2042558003054875,0.273,24.9947353287605,4.203966642890752,0.2740400000000002,25.55022518439246
2024-11-04 17:58:35,4.2034343303779815,0.273,25.72571420883662,4.203960071131353,0.27396000000000015,25.550225184392456
2024-11-04 17:58:36,4.2042558003054875,0.273,27.13035904417916,4.203953499371899,0.2738800000000001,25.592937658700833
2024-11-04 17:58:36,4.203762918348157,0.273,25.72571420883662,4.203973214650094,0.2738000000000001,25.59293765870084
2024-11-04 17:58:36,4.2042558003054875,0.273,27.13035904417916,4.203992929928385,0.2737200000000001,25.592937658700833
2024-11-04 17:58:36,4.203762918348157,0.273,27.13035904417916,4.203999501687794,0.27364000000000005,25.63565013300921
2024-11-04 17:58:37,4.2035986243629315,0.273,25.72571420883662,4.203979786409534,0.2736,25.650269710610736
2024-11-04 17:58:37,4.2035986243629315,0.272,24.9947353287605,4.203960071131275,0.27352,25.650269710610743
2024-11-04 17:58:37,4.2035986243629315,0.272,25.72571420883662,4.203946927612446,0.27343999999999996,25.66488928821226
2024-11-04 17:58:37,4.203270036393308,0.271,25.72571420883662,4.20390749705596,0.27331999999999995,25.650659163378688
2024-11-04 17:58:38,4.203270036393308,0.271,25.72571420883662,4.203914068815338,0.2732,25.650659163378688
2024-11-04 17:58:38,4.203270036393308,0.271,24.9947353287605,4.203874638258852,0.27308000000000004,25.66569240924545
2024-11-04 17:58:38,4.203105742408909,0.271,24.2430730354219,4.203828635942989,0.2729600000000001,25.621809460943595
2024-11-04 17:58:38,4.202777154440939,0.271,24.2430730354219,4.203789205386701,0.27284000000000014,25.60677621507682
2024-11-04 17:58:39,4.203105742408909,0.27,26.437220450515156,4.203743203070839,0.2726800000000001,25.62100633991039
2024-11-04 17:58:39,4.202777154440939,0.27,24.9947353287605,4.203690628995699,0.2725200000000001,25.592156637475295
2024-11-04 17:58:39,4.2039272123336575,0.269,24.2430730354219,4.203684057236268,0.2723200000000001,25.562503814007005
2024-11-04 17:58:39,4.203270036393308,0.269,21.000806169342923,4.203657770198654,0.27216000000000007,25.45377552838356
2024-11-04 17:58:40,4.202777154440939,0.27,25.72571420883662,4.203605196123514,0.27204000000000006,25.483428351851853
2024-11-04 17:58:40,4.202941448424786,0.27,24.9947353287605,4.2035591938077275,0.27192000000000005,25.483428351851856
2024-11-04 17:58:40,4.203270036393308,0.27,27.13035904417916,4.203539478529533,0.27176,25.497291123725134
2024-11-04 17:58:40,4.2035986243629315,0.269,25.72571420883662,4.203532906770124,0.27155999999999997,25.54241747540321
2024-11-04 17:58:41,4.203270036393308,0.269,23.469396624933097,4.203506619732509,0.27136,25.49729112372513
2024-11-04 17:58:41,4.203105742408909,0.269,25.72571420883662,4.203467189176088,0.27115999999999996,25.52694394719343
2024-11-04 17:58:41,4.202777154440939,0.269,24.9947353287605,4.203401471582054,0.27096,25.498094244758335
2024-11-04 17:58:41,4.203105742408909,0.269,24.9947353287605,4.2033554692661905,0.2708,25.441866125290343
2024-11-04 17:58:42,4.203270036393308,0.269,24.9947353287605,4.203348897506804,0.27064,25.44186612529034
2024-11-04 17:58:42,4.2035986243629315,0.269,23.469396624933097,4.203322610469102,0.27048,25.411359351213786
2024-11-04 17:58:42,4.2035986243629315,0.269,25.72571420883662,4.203316038709692,0.27031999999999995,25.39712922638022
2024-11-04 17:58:42,4.203762918348157,0.269,25.72571420883662,4.203296323431399,0.27015999999999996,25.411748803981737
2024-11-04 17:58:43,4.203762918348157,0.27,25.72571420883662,4.203296323431399,0.27003999999999995,25.44140162745003
2024-11-04 17:58:43,4.203762918348157,0.27,26.437220450515156,4.203302895190808,0.26991999999999994,25.44140162745003
2024-11-04 17:58:43,4.203270036393308,0.27,24.9947353287605,4.203289751672022,0.26983999999999997,25.441401627450027
2024-11-04 17:58:43,4.2035986243629315,0.269,27.13035904417916,4.203289751672022,0.26971999999999996,25.484114101758404
2024-11-04 17:58:44,4.203270036393308,0.269,24.2430730354219,4.203289751672022,0.26963999999999994,25.426368381583256
2024-11-04 17:58:44,4.203270036393308,0.269,25.72571420883662,4.203289751672022,0.26956,25.42636838158327
2024-11-04 17:58:44,4.2034343303779815,0.269,25.72571420883662,4.203296323431409,0.26948,25.42636838158326
2024-11-04 17:58:44,4.2034343303779815,0.269,22.672238853203226,4.203309466950171,0.26940000000000003,25.35106874963703
2024-11-04 17:58:45,4.203270036393308,0.269,24.2430730354219,4.2033291822282655,0.26932,25.307185801335162
2024-11-04 17:58:45,4.2034343303779815,0.269,25.72571420883662,4.203342325747028,0.26928,25.307185801335162
2024-11-04 17:58:45,4.2034343303779815,0.269,24.9947353287605,4.20336861278451,0.26924000000000003,25.278336098900066
2024-11-04 17:58:45,4.2034343303779815,0.269,22.672238853203226,4.203348897506283,0.2692400000000001,25.217266591787393
2024-11-04 17:58:46,4.202777154440939,0.269,24.9947353287605,4.203329182228187,0.2692400000000001,25.188416889352307
2024-11-04 17:58:46,4.2034343303779815,0.269,24.9947353287605,4.203355469265668,0.26920000000000005,25.17379731175078
2024-11-04 17:58:46,4.2034343303779815,0.269,24.2430730354219,4.203375184543796,0.26916000000000007,25.18927083996056
2024-11-04 17:58:46,4.203270036393308,0.269,24.9947353287605,4.2033751845437965,0.2691200000000001,25.219777614037113
2024-11-04 17:58:47,4.2035986243629315,0.269,23.469396624933097,4.2033751845437965,0.2691200000000001,25.174651262359035
2024-11-04 17:58:47,4.202941448424786,0.269,24.9947353287605,4.203362041025056,0.2691200000000001,25.160031684757513
2024-11-04 17:58:47,4.2034343303779815,0.269,24.2430730354219,4.203375184543818,0.2691200000000001,25.130378861289223
2024-11-04 17:58:47,4.2034343303779815,0.269,25.72571420883662,4.2034014715813,0.2691200000000001,25.13037886128922
2024-11-04 17:58:48,4.203270036393308,0.269,24.2430730354219,4.203408043340676,0.2691200000000001,25.115345615422452
2024-11-04 17:58:48,4.203270036393308,0.269,27.13035904417916,4.203408043340678,0.2691200000000001,25.143438512129297
2024-11-04 17:58:48,4.203762918348157,0.269,27.13035904417916,4.203414615100087,0.2691200000000001,25.14343851212931
2024-11-04 17:58:48,4.203270036393308,0.269,24.9947353287605,4.203401471581303,0.2691200000000001,25.128818934527782
2024-11-04 17:58:49,4.2034343303779815,0.269,27.80614130216054,4.203388328062496,0.2691200000000001,25.142334579687404
2024-11-04 17:58:49,4.203270036393308,0.269,24.2430730354219,4.203368612784302,0.2690800000000001,25.084588859512266
2024-11-04 17:58:49,4.203270036393308,0.269,24.9947353287605,4.203348897506108,0.2690400000000001,25.069969281910744
2024-11-04 17:58:49,4.203105742408909,0.269,24.9947353287605,4.203342325746732,0.2690000000000001,25.06996928191074
2024-11-04 17:58:50,4.203270036393308,0.269,25.72571420883662,4.2033291822279475,0.2690000000000001,25.069969281910733
2024-11-04 17:58:50,4.203270036393308,0.269,25.72571420883662,4.203329182227949,0.2690000000000001,25.069969281910733
2024-11-04 17:58:50,4.2035986243629315,0.269,24.2430730354219,4.203342325746733,0.2690000000000001,25.040316458442444
2024-11-04 17:58:50,4.202612860457368,0.269,25.72571420883662,4.203309466949908,0.2690000000000001,25.054936036043966
2024-11-04 17:58:51,4.2035986243629315,0.269,26.437220450515156,4.203316038709307,0.2690000000000001,25.098818984345836
2024-11-04 17:58:51,4.203105742408909,0.269,23.469396624933097,4.203309466949931,0.2690000000000001,25.083345456136055
2024-11-04 17:58:51,4.203270036393308,0.269,24.9947353287605,4.203302895190546,0.2690000000000001,25.054495753700966
2024-11-04 17:58:51,4.204091506319434,0.269,27.13035904417916,4.203329182228202,0.2690000000000001,25.097208228009336
2024-11-04 17:58:52,4.2034343303779815,0.269,24.9947353287605,4.2033291822282015,0.2690000000000001,25.11224147387611
2024-11-04 17:58:52,4.203105742408909,0.269,26.437220450515156,4.20334232574692,0.2690000000000001,25.220969759499557
2024-11-04 17:58:52,4.2034343303779815,0.269,24.9947353287605,4.203342325746919,0.2690000000000001,25.20635018189804
2024-11-04 17:58:52,4.2035986243629315,0.269,25.72571420883662,4.2033488975063165,0.2690000000000001,25.220969759499557
2024-11-04 17:58:53,4.2035986243629315,0.268,26.437220450515156,4.203362041025101,0.2689600000000001,25.207106987626286
2024-11-04 17:58:53,4.203270036393308,0.268,27.13035904417916,4.203348897506316,0.26892000000000016,25.235199884333127
2024-11-04 17:58:53,4.2035986243629315,0.268,24.9947353287605,4.203375184543842,0.2688800000000002,25.265706658409673
2024-11-04 17:58:53,4.2035986243629315,0.268,24.2430730354219,4.20338175630324,0.2688400000000002,25.23605383494138
2024-11-04 17:58:54,4.204091506319434,0.268,27.80614130216054,4.203408043340898,0.2688000000000002,25.292281954409386
2024-11-04 17:58:54,4.2034343303779815,0.268,24.9947353287605,4.203414615100284,0.2687600000000002,25.292281954409383
2024-11-04 17:58:54,4.203270036393308,0.269,26.437220450515156,4.203414615100285,0.2687600000000002,25.321131656844482
2024-11-04 17:58:54,4.2034343303779815,0.269,25.72571420883662,4.203401471581477,0.2687600000000002,25.366258008522546
2024-11-04 17:58:55,4.203105742408909,0.268,26.437220450515156,4.2033948998221025,0.26872000000000024,25.38048813335611
2024-11-04 17:58:55,4.203270036393308,0.268,27.13035904417916,4.203388328062716,0.26868000000000025,25.408581030062965
2024-11-04 17:58:55,4.203105742408909,0.268,24.9947353287605,4.20338175630334,0.26864000000000027,25.393961452461436
2024-11-04 17:58:55,4.203270036393308,0.268,24.9947353287605,4.20338175630334,0.2686000000000003,25.365111750026347
2024-11-04 17:58:56,4.203270036393308,0.268,24.2430730354219,4.203388328062716,0.26856000000000024,25.350078504159573
2024-11-04 17:58:56,4.2035986243629315,0.268,24.2430730354219,4.203401471581501,0.26852000000000026,25.292332783984435
2024-11-04 17:58:56,4.203105742408909,0.268,24.9947353287605,4.2033948998221256,0.2684800000000002,25.3073660298512
2024-11-04 17:58:56,4.203762918348157,0.268,24.9947353287605,4.203401471581534,0.26844000000000023,25.29274645224968
2024-11-04 17:58:57,4.203762918348157,0.268,26.437220450515156,4.2034474738971666,0.2684000000000002,25.30697657708325
2024-11-04 17:58:57,4.204091506319434,0.268,25.72571420883662,4.203467189175426,0.26836000000000026,25.36804608419591
2024-11-04 17:58:57,4.2035986243629315,0.268,24.9947353287605,4.203486904453587,0.2683200000000003,25.38307933006269
2024-11-04 17:58:57,4.203105742408909,0.268,24.9947353287605,4.203480332694212,0.26828000000000024,25.36845975246116
2024-11-04 17:58:58,4.2035986243629315,0.268,23.469396624933097,4.203460617415952,0.26824000000000026,25.337952978384624
2024-11-04 17:58:58,4.2039272123336575,0.268,24.9947353287605,4.203480332694179,0.2682000000000002,25.384402907895755
2024-11-04 17:58:58,4.203762918348157,0.268,23.469396624933097,4.203506619731748,0.26816000000000023,25.353896133819212
2024-11-04 17:58:58,4.2035986243629315,0.268,25.72571420883662,4.203513191491146,0.26812000000000025,25.36851571142073
2024-11-04 17:58:59,4.2034343303779815,0.268,26.437220450515156,4.203506619731747,0.2680800000000002,25.4123986597226
2024-11-04 17:58:59,4.2034343303779815,0.268,25.72571420883662,4.203500047972348,0.2680800000000002,25.427018237324127
2024-11-04 17:58:59,4.2034343303779815,0.268,23.469396624933097,4.203506619731735,0.2680800000000002,25.427018237324123
2024-11-04 17:58:59,4.203270036393308,0.268,24.9947353287605,4.203493476212951,0.2680800000000002,25.427018237324127
2024-11-04 17:59:00,4.2039272123336575,0.268,25.72571420883662,4.20350661973178,0.2680800000000002,25.456671060792413
2024-11-04 17:59:00,4.203105742408909,0.268,25.72571420883662,4.203467189175359,0.2680800000000002,25.456671060792413
2024-11-04 17:59:00,4.2042558003054875,0.268,24.9947353287605,4.203500047972458,0.2680800000000002,25.47170430665919
2024-11-04 17:59:00,4.2035986243629315,0.268,24.2430730354219,4.2035131914912425,0.2680400000000002,25.413958586484043
2024-11-04 17:59:01,4.203762918348157,0.268,25.72571420883662,4.20352633501005,0.2680000000000002,25.38586568977719
2024-11-04 17:59:01,4.203762918348157,0.268,24.2430730354219,4.203552622047619,0.2680000000000002,25.370832443910416
2024-11-04 17:59:01,4.203762918348157,0.268,25.72571420883662,4.203572337325814,0.2680000000000002,25.329223902043942
2024-11-04 17:59:01,4.203762918348157,0.268,23.469396624933097,4.203598624363385,0.2680000000000002,25.313750373834168
2024-11-04 17:59:02,4.2035986243629315,0.269,26.437220450515156,4.203611767882171,0.26804000000000017,25.342600076269253
2024-11-04 17:59:02,4.203270036393308,0.269,25.72571420883662,4.203611767882171,0.26808000000000015,25.35721965387078
2024-11-04 17:59:02,4.203270036393308,0.268,24.2430730354219,4.203598624363386,0.26808000000000015,25.32756683040249
2024-11-04 17:59:02,4.203762918348157,0.268,24.2430730354219,4.203624911400956,0.26808000000000015,25.297914006934196
2024-11-04 17:59:03,4.203270036393308,0.268,25.72571420883662,4.203605196122763,0.26808000000000015,25.327566830402493
2024-11-04 17:59:03,4.203762918348157,0.268,23.469396624933097,4.203605196122762,0.26808000000000015,25.282440478724414
2024-11-04 17:59:03,4.204091506319434,0.268,23.469396624933097,4.203605196122762,0.26808000000000015,25.223084002212772
2024-11-04 17:59:03,4.2035986243629315,0.268,23.469396624933097,4.203605196122762,0.26808000000000015,25.22308400221277
2024-11-04 17:59:04,4.202941448424786,0.268,24.2430730354219,4.203598624363397,0.26808000000000015,25.208050756346
2024-11-04 17:59:04,4.204091506319434,0.268,26.437220450515156,4.203618339641657,0.26808000000000015,25.194187984472727
2024-11-04 17:59:04,4.2039272123336575,0.268,24.2430730354219,4.203618339641657,0.26808000000000015,25.179154738605963
2024-11-04 17:59:04,4.203270036393308,0.268,26.437220450515156,4.203598624363463,0.2680800000000002,25.17915473860596
2024-11-04 17:59:05,4.2035986243629315,0.267,24.2430730354219,4.203598624363463,0.26804000000000017,25.16412149273918
2024-11-04 17:59:05,4.2034343303779815,0.267,23.469396624933097,4.203598624363462,0.2680000000000001,25.118995141061113
2024-11-04 17:59:05,4.204091506319434,0.268,25.72571420883662,4.203624911401119,0.2680000000000001,25.10476501622754
2024-11-04 17:59:05,4.2042558003054875,0.268,25.72571420883662,4.203657770198219,0.2680000000000001,25.07667211952069
2024-11-04 17:59:06,4.203762918348157,0.268,25.72571420883662,4.203677485476413,0.2680000000000001,25.091291697122205
2024-11-04 17:59:06,4.2035986243629315,0.268,24.9947353287605,4.203664341957584,0.2680000000000001,25.106324942988973
2024-11-04 17:59:06,4.204091506319434,0.268,27.13035904417916,4.203703772514005,0.2680000000000001,25.092809297829344
2024-11-04 17:59:06,4.204091506319434,0.268,25.72571420883662,4.203697200754562,0.2680000000000001,25.10742887543087
2024-11-04 17:59:07,4.2035986243629315,0.268,25.72571420883662,4.203697200754562,0.2680000000000001,25.093198750597296
2024-11-04 17:59:07,4.204091506319434,0.267,22.672238853203226,4.2037103442734125,0.2679600000000001,25.03212924348463
2024-11-04 17:59:07,4.203762918348157,0.267,22.672238853203226,4.203710344273412,0.26792000000000005,24.95682961153839
2024-11-04 17:59:07,4.2035986243629315,0.267,26.437220450515156,4.203703772514004,0.26788000000000006,24.942966839665115
2024-11-04 17:59:08,4.2035986243629315,0.267,25.72571420883662,4.203697200754595,0.2678400000000001,24.95758641726664
2024-11-04 17:59:08,4.2039272123336575,0.267,23.469396624933097,4.203710344273426,0.26776,24.927079643190094
2024-11-04 17:59:08,4.203762918348157,0.267,24.9947353287605,4.20373005955162,0.2676799999999999,24.94211288905686
2024-11-04 17:59:08,4.2039272123336575,0.267,24.9947353287605,4.203756346589234,0.2676399999999999,24.957146134923637
2024-11-04 17:59:09,4.203762918348157,0.267,24.9947353287605,4.203756346589235,0.26759999999999984,24.95714613492364
2024-11-04 17:59:09,4.203105742408909,0.267,25.72571420883662,4.203749774829859,0.2675599999999998,24.97176571252516
2024-11-04 17:59:09,4.2034343303779815,0.267,24.9947353287605,4.203736631311052,0.26751999999999976,24.942916010090062
2024-11-04 17:59:09,4.2034343303779815,0.268,24.2430730354219,4.203710344273393,0.26751999999999976,24.91326318662177
2024-11-04 17:59:10,4.204091506319434,0.268,24.9947353287605,4.203730059551653,0.26751999999999987,24.913263186621776
2024-11-04 17:59:10,4.2034343303779815,0.268,25.72571420883662,4.203749774829779,0.2675199999999999,24.927882764223305
2024-11-04 17:59:10,4.2042558003054875,0.268,24.9947353287605,4.203756346589221,0.26752,24.958389538299848
2024-11-04 17:59:10,4.2035986243629315,0.268,25.72571420883662,4.203743203070392,0.26752000000000004,24.973009115901377
2024-11-04 17:59:11,4.2039272123336575,0.267,21.84997632024192,4.203769490108006,0.2674800000000001,24.94062070980755
2024-11-04 17:59:11,4.2035986243629315,0.267,27.13035904417916,4.203769490108006,0.2674800000000001,24.96871360651439
2024-11-04 17:59:11,4.2042558003054875,0.267,25.72571420883662,4.203802348905106,0.2674800000000001,24.95448348168083
2024-11-04 17:59:11,4.2035986243629315,0.267,25.72571420883662,4.2037826336268465,0.2674400000000001,24.95448348168083
2024-11-04 17:59:12,4.203762918348157,0.267,26.437220450515156,4.203762918348554,0.26740000000000014,25.013839958192467
2024-11-04 17:59:12,4.2039272123336575,0.267,25.72571420883662,4.203769490107975,0.2673600000000001,25.028459535793992
2024-11-04 17:59:12,4.204091506319434,0.267,23.469396624933097,4.203789205386235,0.26732,24.983333184115914
2024-11-04 17:59:12,4.2034343303779815,0.267,24.9947353287605,4.203762918348577,0.2672799999999999,24.96871360651439
2024-11-04 17:59:13,4.203762918348157,0.267,25.72571420883662,4.203749774829727,0.26723999999999987,24.983333184115917
2024-11-04 17:59:13,4.2034343303779815,0.267,24.9947353287605,4.203743203070328,0.26719999999999977,24.998366429982685
2024-11-04 17:59:13,4.2035986243629315,0.267,25.72571420883662,4.203723487792066,0.2671999999999997,24.99836642998269
2024-11-04 17:59:13,4.2034343303779815,0.267,23.469396624933097,4.203710344273259,0.2671999999999997,24.982892901772907
2024-11-04 17:59:14,4.2034343303779815,0.267,25.72571420883662,4.203703772513861,0.26719999999999977,24.98289290177291
2024-11-04 17:59:14,4.2039272123336575,0.267,24.2430730354219,4.20371691603269,0.26719999999999977,24.998366429982692
2024-11-04 17:59:14,4.204091506319434,0.267,23.469396624933097,4.203723487792121,0.2671999999999998,24.93900995347105
2024-11-04 17:59:14,4.203270036393308,0.267,24.9947353287605,4.203703772513927,0.2671999999999998,24.924390375869528
2024-11-04 17:59:15,4.2039272123336575,0.267,27.13035904417916,4.2037037725139275,0.2671999999999998,24.982136096044677
2024-11-04 17:59:15,4.2034343303779815,0.267,24.9947353287605,4.203690628995121,0.2671999999999999,24.997169341911444
2024-11-04 17:59:15,4.204091506319434,0.267,24.2430730354219,4.2037300595515426,0.2671999999999999,24.967516518443155
2024-11-04 17:59:15,4.2034343303779815,0.267,25.72571420883662,4.2037300595515426,0.2671999999999999,25.012642870121216
2024-11-04 17:59:16,4.203762918348157,0.267,25.72571420883662,4.203743203070349,0.26715999999999984,25.05776922179929
2024-11-04 17:59:16,4.203762918348157,0.267,25.72571420883662,4.203730059551498,0.26711999999999986,25.102895573477355
2024-11-04 17:59:16,4.203762918348157,0.267,24.2430730354219,4.203743203070306,0.2670799999999999,25.10289557347736
2024-11-04 17:59:16,4.203762918348157,0.267,26.437220450515156,4.203723487792013,0.2670399999999999,25.102895573477355
2024-11-04 17:59:17,4.2039272123336575,0.267,26.437220450515156,4.203736631310842,0.26699999999999985,25.146778521779225
2024-11-04 17:59:17,4.2035986243629315,0.267,25.72571420883662,4.203723487792012,0.26699999999999985,25.132548396945648
2024-11-04 17:59:17,4.203762918348157,0.267,24.9947353287605,4.203730059551421,0.26699999999999985,25.147581642812426
2024-11-04 17:59:17,4.2039272123336575,0.267,25.72571420883662,4.2037169160325485,0.26699999999999985,25.192707994490494
2024-11-04 17:59:18,4.2039272123336575,0.267,27.13035904417916,4.203730059551378,0.26699999999999985,25.220800891197346
2024-11-04 17:59:18,4.204091506319434,0.267,25.72571420883662,4.203743203070229,0.26699999999999985,25.22080089119735
2024-11-04 17:59:18,4.203762918348157,0.267,24.9947353287605,4.203736631310809,0.26699999999999985,25.20618131359583
2024-11-04 17:59:18,4.203762918348157,0.267,26.437220450515156,4.203723487791959,0.26699999999999985,25.235031016030927
2024-11-04 17:59:19,4.204091506319434,0.267,24.2430730354219,4.203749774829617,0.26699999999999985,25.17728529585578
2024-11-04 17:59:19,4.203762918348157,0.267,24.9947353287605,4.203749774829617,0.26699999999999985,25.162665718254257
2024-11-04 17:59:19,4.204091506319434,0.267,24.9947353287605,4.203776061867274,0.26699999999999985,25.148046140652728
2024-11-04 17:59:19,4.2042558003054875,0.267,23.469396624933097,4.203802348904976,0.26699999999999985,25.16398929608732
2024-11-04 17:59:20,4.2035986243629315,0.267,25.72571420883662,4.203808920664374,0.26699999999999985,25.22505880319999
2024-11-04 17:59:20,4.2039272123336575,0.267,25.72571420883662,4.2038286359426005,0.26699999999999985,25.210828678366415
2024-11-04 17:59:20,4.203762918348157,0.267,25.72571420883662,4.20382206418318,0.26699999999999985,25.210828678366415
2024-11-04 17:59:20,4.2035986243629315,0.267,24.9947353287605,4.203802348904919,0.26699999999999985,25.241335452442968
2024-11-04 17:59:21,4.204420094291815,0.266,24.9947353287605,4.203848351220859,0.26695999999999986,25.241335452442964
2024-11-04 17:59:21,4.2042558003054875,0.266,24.2430730354219,4.203861494739732,0.2669199999999999,25.226302206576197
2024-11-04 17:59:21,4.2035986243629315,0.267,25.72571420883662,4.203868066499131,0.2669199999999999,25.24092178417772
2024-11-04 17:59:21,4.204091506319434,0.267,24.2430730354219,4.203868066499131,0.2669199999999999,25.211268960709425
2024-11-04 17:59:22,4.204091506319434,0.267,25.72571420883662,4.203894353536789,0.2669199999999999,25.225888538310954
2024-11-04 17:59:22,4.204420094291815,0.267,25.72571420883662,4.203920640574535,0.2669199999999999,25.25554136177924
2024-11-04 17:59:22,4.2042558003054875,0.267,25.72571420883662,4.203940355852827,0.2669199999999999,25.270160939380766
2024-11-04 17:59:22,4.203762918348157,0.267,24.2430730354219,4.203940355852827,0.2669199999999999,25.240508115912476
2024-11-04 17:59:23,4.204091506319434,0.267,27.80614130216054,4.203953499371678,0.2669199999999999,25.29673623538047
2024-11-04 17:59:23,4.204091506319434,0.267,25.72571420883662,4.2039600711311085,0.2669199999999999,25.296736235380475
2024-11-04 17:59:23,4.2035986243629315,0.267,24.9947353287605,4.203960071131109,0.2669199999999999,25.359631415550844
2024-11-04 17:59:23,4.204091506319434,0.267,25.72571420883662,4.20397321464996,0.2669199999999999,25.331538518844
2024-11-04 17:59:24,4.204091506319434,0.267,25.72571420883662,4.203979786409391,0.2669199999999998,25.331538518843992
2024-11-04 17:59:24,4.204091506319434,0.267,25.72571420883662,4.203986358168822,0.2669199999999998,25.331538518843992
2024-11-04 17:59:24,4.2042558003054875,0.267,25.72571420883662,4.203992929928265,0.2669199999999998,25.317308394010414
2024-11-04 17:59:24,4.203762918348157,0.267,24.2430730354219,4.203992929928265,0.2669199999999998,25.287655570542125
2024-11-04 17:59:25,4.2039272123336575,0.266,25.72571420883662,4.203999501687686,0.26687999999999984,25.332781922220192
2024-11-04 17:59:25,4.203762918348157,0.266,23.469396624933097,4.203986358168835,0.2668399999999999,25.30227514814365
2024-11-04 17:59:25,4.2039272123336575,0.266,24.9947353287605,4.203992929928255,0.2667999999999999,25.28765557054212
2024-11-04 17:59:25,4.203762918348157,0.266,25.72571420883662,4.203979786409404,0.26675999999999994,25.302275148143636
2024-11-04 17:59:26,4.204091506319434,0.266,25.72571420883662,4.203973214649962,0.26671999999999996,25.302275148143643
2024-11-04 17:59:26,4.203762918348157,0.266,26.437220450515156,4.203979786409372,0.26668,25.361631624655285
2024-11-04 17:59:26,4.2039272123336575,0.266,24.2430730354219,4.203979786409372,0.26664,25.331978801187002
2024-11-04 17:59:26,4.2039272123336575,0.266,24.2430730354219,4.203986358168792,0.26660000000000006,25.331978801186995
2024-11-04 17:59:27,4.203762918348157,0.266,24.2430730354219,4.2039929299282015,0.2665600000000001,25.34745232939677
2024-11-04 17:59:27,4.204091506319434,0.266,24.9947353287605,4.203979786409305,0.2665600000000001,25.347452329396774
2024-11-04 17:59:27,4.203762918348157,0.266,24.2430730354219,4.2039600711310126,0.2665600000000001,25.289706609221636
2024-11-04 17:59:27,4.204420094291815,0.266,24.9947353287605,4.203992929928168,0.2665200000000001,25.28970660922163
2024-11-04 17:59:28,4.204748682265299,0.266,26.437220450515156,4.204019216966001,0.26648000000000005,25.3335895575235
2024-11-04 17:59:28,4.2042558003054875,0.266,24.9947353287605,4.204025788725444,0.26644000000000007,25.31896997992198
2024-11-04 17:59:28,4.203762918348157,0.266,25.72571420883662,4.203999501687697,0.2664,25.318969979921977
2024-11-04 17:59:28,4.2042558003054875,0.266,24.2430730354219,4.203999501687697,0.26636,25.289317156453684
2024-11-04 17:59:29,4.204091506319434,0.266,24.2430730354219,4.204012645206547,0.26632,25.28931715645368
2024-11-04 17:59:29,4.2042558003054875,0.266,24.9947353287605,4.204019216965988,0.26628,25.260467454018595
2024-11-04 17:59:29,4.204420094291815,0.266,25.72571420883662,4.2040323604848835,0.26624,25.246237329185025
2024-11-04 17:59:29,4.2042558003054875,0.266,23.469396624933097,4.204058647522585,0.2662,25.201110977506957
2024-11-04 17:59:30,4.204091506319434,0.266,24.9947353287605,4.204058647522585,0.26616,25.20111097750695
2024-11-04 17:59:30,4.2039272123336575,0.266,24.2430730354219,4.204052075763155,0.26612,25.17145815403866
2024-11-04 17:59:30,4.203762918348157,0.266,24.9947353287605,4.204038932244305,0.26608,25.128745679730283
2024-11-04 17:59:30,4.204091506319434,0.266,25.72571420883662,4.204032360484862,0.26604000000000005,25.128745679730283
2024-11-04 17:59:31,4.2034343303779815,0.266,24.2430730354219,4.2040192169660555,0.266,25.11371243386351
2024-11-04 17:59:31,4.204584388278419,0.266,24.2430730354219,4.2040455040038465,0.266,25.069829485561648
2024-11-04 17:59:31,4.2039272123336575,0.266,23.469396624933097,4.204052075763267,0.266,25.054355957351866
2024-11-04 17:59:31,4.204584388278419,0.266,26.437220450515156,4.204078362801058,0.266,25.083205659786962
2024-11-04 17:59:32,4.2042558003054875,0.266,25.72571420883662,4.204098078079351,0.266,25.097825237388488
2024-11-04 17:59:32,4.2042558003054875,0.266,24.9947353287605,4.204104649838793,0.266,25.12833201146503
2024-11-04 17:59:32,4.2035986243629315,0.266,26.437220450515156,4.204098078079384,0.266,25.142562136298594
2024-11-04 17:59:32,4.204584388278419,0.265,24.2430730354219,4.204124365117174,0.26596000000000003,25.1129093128303
2024-11-04 17:59:33,4.204091506319434,0.265,23.469396624933097,4.204130936876605,0.26592000000000005,25.067782961152233
2024-11-04 17:59:33,4.2039272123336575,0.265,23.469396624933097,4.204137508636026,0.26588000000000006,25.03727618707568
2024-11-04 17:59:33,4.204420094291815,0.266,23.469396624933097,4.204150652154921,0.26588000000000006,25.006769412999137
2024-11-04 17:59:33,4.2042558003054875,0.266,24.2430730354219,4.204170367433213,0.26588000000000006,25.006769412999134
2024-11-04 17:59:34,4.2042558003054875,0.266,24.2430730354219,4.204163795673759,0.26588000000000006,24.97711658953084
2024-11-04 17:59:34,4.203762918348157,0.266,26.437220450515156,4.204124365117074,0.26588000000000006,25.02099953783271
2024-11-04 17:59:34,4.203762918348157,0.266,24.9947353287605,4.204104649838782,0.26588000000000006,25.006379960231193
2024-11-04 17:59:34,4.2039272123336575,0.266,26.437220450515156,4.204111221598202,0.26588000000000006,25.020610085064753
2024-11-04 17:59:35,4.2042558003054875,0.265,23.469396624933097,4.204111221598201,0.2658400000000001,24.975483733386685
2024-11-04 17:59:35,4.203762918348157,0.265,24.9947353287605,4.20409807807935,0.2658000000000001,24.990516979253453
2024-11-04 17:59:35,4.204091506319434,0.265,27.13035904417916,4.204091506319907,0.26576000000000005,24.977001334093824
2024-11-04 17:59:35,4.204091506319434,0.265,24.2430730354219,4.204078362801012,0.26572000000000007,24.947348510625535
2024-11-04 17:59:36,4.2039272123336575,0.265,23.469396624933097,4.20406521928214,0.2656800000000001,24.91684173654898
2024-11-04 17:59:36,4.2042558003054875,0.265,25.72571420883662,4.204071791041582,0.2656400000000001,24.916841736548985
2024-11-04 17:59:36,4.2039272123336575,0.265,24.9947353287605,4.204071791041582,0.2656000000000001,24.902222158947467
2024-11-04 17:59:36,4.2042558003054875,0.265,24.2430730354219,4.204091506319875,0.26556000000000013,24.872569335479174
2024-11-04 17:59:37,4.2042558003054875,0.265,24.2430730354219,4.204098078079317,0.2655200000000002,24.842916512010884
2024-11-04 17:59:37,4.204091506319434,0.265,22.672238853203226,4.204124365116975,0.2654800000000002,24.811499828366504
2024-11-04 17:59:37,4.204091506319434,0.265,25.72571420883662,4.204104649838616,0.26544000000000023,24.811499828366504
2024-11-04 17:59:37,4.2039272123336575,0.265,26.437220450515156,4.204104649838616,0.2654000000000002,24.870856304878142
2024-11-04 17:59:38,4.2042558003054875,0.265,27.13035904417916,4.204091506319698,0.2653600000000002,24.91356877918652
2024-11-04 17:59:38,4.204420094291815,0.265,22.672238853203226,4.20409807807915,0.26532000000000017,24.852499272073857
2024-11-04 17:59:38,4.204091506319434,0.265,21.84997632024192,4.204091506319708,0.2652800000000002,24.774984514301963
2024-11-04 17:59:38,4.2042558003054875,0.265,24.2430730354219,4.204117793357409,0.26524000000000014,24.7311015660001
2024-11-04 17:59:39,4.2042558003054875,0.265,25.72571420883662,4.2041046498384915,0.26524000000000014,24.760754389468385
2024-11-04 17:59:39,4.2039272123336575,0.266,23.469396624933097,4.2040980780790616,0.2652800000000001,24.74528086125861
2024-11-04 17:59:39,4.204091506319434,0.266,24.2430730354219,4.204104649838493,0.2653200000000001,24.745280861258617
2024-11-04 17:59:39,4.204091506319434,0.265,26.437220450515156,4.204091506319598,0.26528000000000007,24.774130563693706
2024-11-04 17:59:40,4.204420094291815,0.265,24.9947353287605,4.204098078079051,0.26524000000000014,24.78916380956048
2024-11-04 17:59:40,4.204912976252455,0.265,26.437220450515156,4.204124365116929,0.2652000000000001,24.81801351199557
2024-11-04 17:59:40,4.204912976252455,0.265,26.437220450515156,4.2041703674331,0.2651600000000001,24.81801351199557
2024-11-04 17:59:40,4.2039272123336575,0.265,24.9947353287605,4.204176939192522,0.26512000000000013,24.818013511995574
2024-11-04 17:59:41,4.2042558003054875,0.265,25.72571420883662,4.204190082711395,0.2650800000000001,24.818013511995577
2024-11-04 17:59:41,4.204091506319434,0.265,25.72571420883662,4.204183510951952,0.2650800000000001,24.847666335463863
2024-11-04 17:59:41,4.204091506319434,0.265,27.13035904417916,4.204196654470804,0.26508000000000015,24.905412055639005
2024-11-04 17:59:41,4.204584388278419,0.265,25.72571420883662,4.2042163697491635,0.26508000000000015,24.920031633240534
2024-11-04 17:59:42,4.204091506319434,0.265,24.2430730354219,4.2042163697491635,0.26508000000000015,24.89037880977224
2024-11-04 17:59:42,4.204420094291815,0.265,24.9947353287605,4.20423608502749,0.26508000000000015,24.920885583848786
2024-11-04 17:59:42,4.2042558003054875,0.265,24.9947353287605,4.20423608502749,0.26508000000000015,24.92088558384878
2024-11-04 17:59:42,4.204420094291815,0.265,24.9947353287605,4.204255800305815,0.26508000000000015,24.935918829715558
2024-11-04 17:59:43,4.204091506319434,0.265,26.437220450515156,4.204249228546374,0.26508000000000015,24.964768532150657
2024-11-04 17:59:43,4.2039272123336575,0.265,25.72571420883662,4.2042360850275005,0.26508000000000015,24.964768532150647
2024-11-04 17:59:43,4.204420094291815,0.265,25.72571420883662,4.204249228546396,0.26508000000000015,24.994421355618943
2024-11-04 17:59:43,4.204420094291815,0.265,24.2430730354219,4.204262372065291,0.26508000000000015,24.99442135561894
2024-11-04 17:59:44,4.204420094291815,0.265,25.72571420883662,4.204282087343617,0.26508000000000015,25.039547707297015
2024-11-04 17:59:44,4.204748682265299,0.265,24.9947353287605,4.204301802622009,0.26508000000000015,25.01069800486192
2024-11-04 17:59:44,4.2042558003054875,0.265,24.9947353287605,4.204295230862555,0.26508000000000015,24.99607842726039
2024-11-04 17:59:44,4.204420094291815,0.265,25.72571420883662,4.204308374381451,0.26508000000000015,25.010698004861915
2024-11-04 17:59:45,4.204091506319434,0.265,23.469396624933097,4.204301802622009,0.26508000000000015,24.951341528350273
2024-11-04 17:59:45,4.204420094291815,0.265,25.72571420883662,4.204308374381463,0.26508000000000015,24.980994351818573
2024-11-04 17:59:45,4.2042558003054875,0.265,24.9947353287605,4.204321517900335,0.26504000000000016,25.011501125895123
2024-11-04 17:59:45,4.204091506319434,0.265,23.469396624933097,4.204321517900334,0.2650000000000001,25.01150112589512
2024-11-04 17:59:46,4.204420094291815,0.265,23.469396624933097,4.20433466141923,0.2650000000000001,25.011501125895116
2024-11-04 17:59:46,4.204420094291815,0.265,24.9947353287605,4.20433466141923,0.2650000000000001,25.02653437176189
2024-11-04 17:59:46,4.204091506319434,0.265,24.9947353287605,4.2043018026219094,0.2650000000000001,25.041567617628665
2024-11-04 17:59:46,4.204091506319434,0.265,24.9947353287605,4.204268943824589,0.2650000000000001,25.01271791519357
2024-11-04 17:59:47,4.204420094291815,0.265,24.9947353287605,4.204288659102915,0.2650000000000001,25.012717915193566
2024-11-04 17:59:47,4.204091506319434,0.265,25.72571420883662,4.204282087343474,0.2650000000000001,24.998487790359995
2024-11-04 17:59:47,4.204091506319434,0.265,25.72571420883662,4.204282087343474,0.2650000000000001,25.043614142038066
2024-11-04 17:59:47,4.2042558003054875,0.265,23.469396624933097,4.204288659102915,0.2650000000000001,25.013107367961517
2024-11-04 17:59:48,4.204091506319434,0.265,24.9947353287605,4.204268943824556,0.2650000000000001,24.970394893653147
2024-11-04 17:59:48,4.2042558003054875,0.265,27.13035904417916,4.204275515583998,0.2650000000000001,25.028140613828285
2024-11-04 17:59:48,4.204584388278419,0.265,24.9947353287605,4.204282087343462,0.2650000000000001,25.058647387904838
2024-11-04 17:59:48,4.2042558003054875,0.265,24.2430730354219,4.204282087343462,0.2650000000000001,25.028994564436537
2024-11-04 17:59:49,4.204912976252455,0.265,26.437220450515156,4.204301802621887,0.2650000000000001,25.057844266871633
2024-11-04 17:59:49,4.204748682265299,0.264,24.9947353287605,4.204328089659722,0.2649600000000001,25.07287751273841
2024-11-04 17:59:49,4.204091506319434,0.264,24.2430730354219,4.2043346614191535,0.26492000000000004,25.072877512738415
2024-11-04 17:59:49,4.204748682265299,0.264,25.72571420883662,4.2043478049380925,0.26488,25.133947019851075
2024-11-04 17:59:50,4.2042558003054875,0.265,24.2430730354219,4.204341233178639,0.26488,25.104294196382785
2024-11-04 17:59:50,4.204420094291815,0.265,26.437220450515156,4.204341233178639,0.26488,25.10429419638278
2024-11-04 17:59:50,4.203762918348157,0.265,24.2430730354219,4.204301802621953,0.26488,25.04654847620764
2024-11-04 17:59:50,4.2039272123336575,0.265,27.13035904417916,4.204288659103081,0.26488,25.135710880027155
2024-11-04 17:59:51,4.204420094291815,0.264,24.2430730354219,4.2042886591030815,0.26483999999999996,25.18357281433076
2024-11-04 17:59:51,4.204748682265299,0.264,24.2430730354219,4.204314946140915,0.2647999999999999,25.183572814330763
2024-11-04 17:59:51,4.2042558003054875,0.264,25.72571420883662,4.204308374381463,0.2647599999999999,25.183572814330763
2024-11-04 17:59:51,4.204584388278419,0.264,24.9947353287605,4.204321517900381,0.2647199999999999,25.21407958840731
2024-11-04 17:59:52,4.203762918348157,0.264,24.9947353287605,4.2043083743815295,0.2646799999999999,25.229112834274073
2024-11-04 17:59:52,4.2042558003054875,0.264,21.84997632024192,4.204301802622077,0.26463999999999993,25.137367951668615
2024-11-04 17:59:52,4.2042558003054875,0.264,25.72571420883662,4.204295230862624,0.2645999999999999,25.151987529270137
2024-11-04 17:59:52,4.204584388278419,0.264,25.72571420883662,4.2043149461409834,0.2645599999999998,25.13775740443656
2024-11-04 17:59:53,4.2042558003054875,0.264,23.469396624933097,4.204321517900426,0.26451999999999976,25.07840092792493
2024-11-04 17:59:53,4.2042558003054875,0.264,27.80614130216054,4.204314946140971,0.26447999999999977,25.134629047392924
2024-11-04 17:59:53,4.204748682265299,0.264,26.437220450515156,4.2043412331788055,0.26443999999999973,25.148859172226494
2024-11-04 17:59:53,4.204748682265299,0.264,26.437220450515156,4.204367520216641,0.26439999999999975,25.16308929706007
2024-11-04 17:59:54,4.204748682265299,0.264,26.437220450515156,4.204387235495033,0.26435999999999976,25.149226525186787
2024-11-04 17:59:54,4.204420094291815,0.264,23.469396624933097,4.2044003790139275,0.2643199999999998,25.10410017350872
2024-11-04 17:59:54,4.204420094291815,0.265,24.9947353287605,4.204406950773381,0.26431999999999983,25.119133419375483
2024-11-04 17:59:54,4.204420094291815,0.265,24.2430730354219,4.204400379013916,0.2643199999999999,25.10410017350872
2024-11-04 17:59:55,4.204420094291815,0.263,27.13035904417916,4.204406950773369,0.26424,25.146812647817097
2024-11-04 17:59:55,4.204584388278419,0.263,25.72571420883662,4.204393807254408,0.26415999999999995,25.161432225418622
2024-11-04 17:59:55,4.204420094291815,0.263,24.2430730354219,4.204380663735469,0.26412,25.117549277116755
2024-11-04 17:59:55,4.204584388278419,0.264,23.469396624933097,4.204400379013829,0.26412,25.072422925438676
2024-11-04 17:59:56,4.204584388278419,0.264,25.72571420883662,4.204393807254354,0.26412,25.072422925438676
2024-11-04 17:59:56,4.204091506319434,0.264,22.672238853203226,4.204387235494912,0.26408000000000004,25.041006241794307
2024-11-04 17:59:56,4.2042558003054875,0.264,25.72571420883662,4.204380663735459,0.26404,25.041006241794303
2024-11-04 17:59:56,4.204584388278419,0.264,25.72571420883662,4.20441352253267,0.264,25.05562581939583
2024-11-04 17:59:57,4.204420094291815,0.264,26.437220450515156,4.2044332378109965,0.2639599999999999,25.084475521830917
2024-11-04 17:59:57,4.204584388278419,0.264,26.437220450515156,4.204439809570461,0.26395999999999986,25.098705646664495
2024-11-04 17:59:57,4.204091506319434,0.264,24.9947353287605,4.204413522532627,0.2639599999999998,25.129212420741045
2024-11-04 17:59:57,4.204584388278419,0.264,25.72571420883662,4.2044266660515435,0.2639599999999998,25.12921242074104
2024-11-04 17:59:58,4.2042558003054875,0.264,23.469396624933097,4.204413522532626,0.26395999999999975,25.0987056466645
2024-11-04 17:59:58,4.204748682265299,0.264,25.72571420883662,4.204452953089311,0.26395999999999975,25.143831998342566
2024-11-04 17:59:58,4.204420094291815,0.264,24.9947353287605,4.2044595248487635,0.26395999999999975,25.17433877241911
2024-11-04 17:59:58,4.204584388278419,0.264,24.2430730354219,4.204472668367681,0.2639599999999998,25.159305526552345
2024-11-04 17:59:59,4.204748682265299,0.264,25.72571420883662,4.204479240127156,0.2639599999999998,25.173925104153867
2024-11-04 17:59:59,4.2042558003054875,0.264,27.13035904417916,4.204479240127156,0.2639599999999998,25.216637578462237
2024-11-04 17:59:59,4.204420094291815,0.264,25.72571420883662,4.204485811886609,0.2639599999999998,25.23125715606376
2024-11-04 17:59:59,4.204584388278419,0.264,24.9947353287605,4.204479240127133,0.2639599999999998,25.216637578462226
2024-11-04 18:00:00,4.204420094291815,0.264,22.672238853203226,4.2044660966081935,0.2639599999999998,25.155568071349563
2024-11-04 18:00:00,4.2042558003054875,0.264,25.72571420883662,4.2044463813298005,0.2639599999999998,25.200694423027635
2024-11-04 18:00:00,4.205077270239886,0.264,24.9947353287605,4.204472668367725,0.2639599999999998,25.20069442302763
2024-11-04 18:00:00,4.198834098911264,0.264,26.437220450515156,4.204249228552504,0.2639199999999999,25.186831651154353
2024-11-04 18:00:01,4.2042558003054875,0.233,24.9947353287605,4.20424265679305,0.2626399999999999,25.18683165115435
2024-11-04 18:00:01,4.204420094291815,0.233,24.9947353287605,4.20424265679305,0.26143999999999995,25.201864897021125
2024-11-04 18:00:01,4.204584388278419,0.233,25.72571420883662,4.204242656793051,0.26024,25.187634772187547
2024-11-04 18:00:01,4.204584388278419,0.264,25.72571420883662,4.2042492285525155,0.26028,25.202254349789072
2024-11-04 18:00:02,4.204584388278419,0.264,24.9947353287605,4.2042492285525155,0.26028,25.21728759565584
2024-11-04 18:00:02,4.205077270239886,0.264,22.672238853203226,4.204268943830975,0.26028,25.156218088543174
2024-11-04 18:00:02,4.198834098911264,0.264,23.469396624933097,4.204058647534649,0.26028,25.140744560333403
2024-11-04 18:00:02,4.204584388278419,0.264,25.72571420883662,4.204071791053566,0.26028,25.12651443549983
2024-11-04 18:00:03,4.204584388278419,0.24,24.9947353287605,4.204071791053566,0.25932,25.141547681366607
2024-11-04 18:00:03,4.204420094291815,0.24,25.72571420883662,4.204071791053565,0.25836000000000003,25.113454784659762
2024-11-04 18:00:03,4.204584388278419,0.263,25.72571420883662,4.204071791053566,0.25832,25.143107608128048
2024-11-04 18:00:03,4.204420094291815,0.263,24.9947353287605,4.20408493457246,0.25827999999999995,25.158140853994823
2024-11-04 18:00:04,4.204912976252455,0.263,26.437220450515156,4.204098078091421,0.25823999999999997,25.172370978828393
2024-11-04 18:00:04,4.204584388278419,0.264,24.2430730354219,4.204111221610338,0.25823999999999997,25.15733773296162
2024-11-04 18:00:04,4.204091506319434,0.264,24.2430730354219,4.204084934572504,0.25823999999999997,25.14230448709485
2024-11-04 18:00:04,4.204420094291815,0.263,24.2430730354219,4.204084934572504,0.2582,25.190166421398448
2024-11-04 18:00:05,4.204748682265299,0.263,24.2430730354219,4.204091506331978,0.25816,25.16051359793016
2024-11-04 18:00:05,4.204748682265299,0.263,25.72571420883662,4.204091506331977,0.25811999999999996,25.160513597930148
2024-11-04 18:00:05,4.204584388278419,0.263,27.80614130216054,4.204104649850894,0.25808,25.247248491474704
2024-11-04 18:00:05,4.205077270239886,0.263,24.9947353287605,4.204130936888817,0.25804000000000005,25.1910203720067
2024-11-04 18:00:06,4.199819862778808,0.263,24.9947353287605,4.203940355868833,0.258,25.162170669571616
2024-11-04 18:00:06,4.204584388278419,0.263,24.9947353287605,4.203946927628298,0.25795999999999997,25.13332096713652
2024-11-04 18:00:06,4.204420094291815,0.263,24.9947353287605,4.203953499387752,0.25792000000000004,25.104471264701424
2024-11-04 18:00:06,4.204584388278419,0.263,25.72571420883662,4.203933784109293,0.25788000000000005,25.149597616379495
2024-11-04 18:00:07,4.204748682265299,0.263,24.9947353287605,4.204170367443454,0.25784,25.14959761637949
2024-11-04 18:00:07,4.204912976252455,0.263,23.469396624933097,4.204196654481333,0.25904,25.13412408816972
2024-11-04 18:00:07,4.204091506319434,0.263,25.72571420883662,4.204183510962438,0.26024,25.10603119146286
2024-11-04 18:00:07,4.204584388278419,0.263,25.72571420883662,4.204183510962438,0.26144,25.10603119146286
2024-11-04 18:00:08,4.204584388278419,0.263,24.9947353287605,4.204183510962438,0.26139999999999997,25.121064437329636
2024-11-04 18:00:08,4.204584388278419,0.263,24.2430730354219,4.204183510962438,0.26136,25.13653796553941
2024-11-04 18:00:08,4.2042558003054875,0.263,24.2430730354219,4.204150652165062,0.26131999999999994,25.10688514207113
2024-11-04 18:00:08,4.204748682265299,0.263,28.465495270963004,4.204387235499223,0.26127999999999996,25.22275027042631
2024-11-04 18:00:09,4.204912976252455,0.263,24.2430730354219,4.2044003790181845,0.26123999999999997,25.193097446958028
2024-11-04 18:00:09,4.204584388278419,0.263,27.80614130216054,4.2044003790181845,0.26215999999999995,25.23470598882451
2024-11-04 18:00:09,4.204748682265299,0.263,22.672238853203226,4.2044135225371235,0.2630799999999999,25.159406356878268
2024-11-04 18:00:09,4.205077270239886,0.263,26.437220450515156,4.204433237815582,0.2630799999999999,25.15940635687826
2024-11-04 18:00:10,4.199162686866011,0.263,24.9947353287605,4.20422294151855,0.2630799999999999,25.159406356878268
2024-11-04 18:00:10,4.2042558003054875,0.263,24.2430730354219,4.204196654480671,0.2630799999999999,25.129753533409975
2024-11-04 18:00:10,4.204420094291815,0.263,25.72571420883662,4.204190082721206,0.26303999999999994,25.17487988508804
2024-11-04 18:00:10,4.204912976252455,0.263,25.72571420883662,4.204222941518527,0.26299999999999996,25.17487988508804
2024-11-04 18:00:11,4.205077270239886,0.263,25.72571420883662,4.20424922855645,0.26299999999999996,25.189499462689554
2024-11-04 18:00:11,4.199162686866011,0.263,24.2430730354219,4.204025788740478,0.26299999999999996,25.18949946268956
2024-11-04 18:00:11,4.204420094291815,0.263,24.9947353287605,4.204012645221539,0.26299999999999996,25.17487988508804
2024-11-04 18:00:11,4.2042558003054875,0.263,24.9947353287605,4.203999501702622,0.26299999999999996,25.13216741077966
2024-11-04 18:00:12,4.204748682265299,0.263,25.72571420883662,4.203986358183639,0.26299999999999996,25.132167410779665
2024-11-04 18:00:12,4.204748682265299,0.263,24.2430730354219,4.204183510963098,0.26299999999999996,25.1171341649129
2024-11-04 18:00:12,4.204584388278419,0.263,25.72571420883662,4.204183510963098,0.26299999999999996,25.178203672025564
2024-11-04 18:00:12,4.205077270239886,0.263,23.469396624933097,4.2042097980010205,0.26299999999999996,25.13307732034749
2024-11-04 18:00:13,4.198834098911264,0.263,24.9947353287605,4.203979786426336,0.26299999999999996,25.133077320347493
2024-11-04 18:00:13,4.204420094291815,0.263,24.2430730354219,4.203966642907396,0.26299999999999996,25.089194372045636
2024-11-04 18:00:13,4.204420094291815,0.263,24.9947353287605,4.20394692762897,0.26299999999999996,25.089194372045633
2024-11-04 18:00:13,4.204748682265299,0.263,24.9947353287605,4.203973214666804,0.26299999999999996,25.089194372045625
2024-11-04 18:00:14,4.204420094291815,0.263,25.72571420883662,4.20396664290734,0.26299999999999996,25.089194372045633
2024-11-04 18:00:14,4.204584388278419,0.263,24.9947353287605,4.203966642907341,0.26299999999999996,25.07457479444411
2024-11-04 18:00:14,4.204420094291815,0.263,24.9947353287605,4.203960071147876,0.26299999999999996,25.074574794444107
2024-11-04 18:00:14,4.204584388278419,0.263,24.2430730354219,4.203973214666794,0.26299999999999996,25.105991478088477
2024-11-04 18:00:15,4.204912976252455,0.263,26.437220450515156,4.203979786426281,0.26299999999999996,25.16534795460011
2024-11-04 18:00:15,4.204584388278419,0.263,25.72571420883662,4.203966642907319,0.26299999999999996,25.16534795460011
2024-11-04 18:00:15,4.204748682265299,0.263,25.72571420883662,4.203973214666793,0.26299999999999996,25.179967532201626
2024-11-04 18:00:15,4.204420094291815,0.263,24.2430730354219,4.203960071147854,0.26299999999999996,25.150314708733337
2024-11-04 18:00:16,4.204748682265299,0.263,26.437220450515156,4.203946927628871,0.26299999999999996,25.164544833566907
2024-11-04 18:00:16,4.204912976252455,0.263,24.2430730354219,4.204176939204328,0.26299999999999996,25.149511587700133
2024-11-04 18:00:16,4.204584388278419,0.263,26.437220450515156,4.204190082723247,0.26299999999999996,25.149511587700136
2024-11-04 18:00:16,4.205077270239886,0.263,24.9947353287605,4.204216369761169,0.26299999999999996,25.1645448335669
2024-11-04 18:00:17,4.198834098911264,0.263,24.9947353287605,4.203973214667522,0.26299999999999996,25.17957807943368
2024-11-04 18:00:17,4.204091506319434,0.263,25.72571420883662,4.2039337841107045,0.26299999999999996,25.20923090290197
2024-11-04 18:00:17,4.199326980843797,0.263,24.2430730354219,4.203940355869816,0.26299999999999996,25.20923090290198
2024-11-04 18:00:17,4.198505510957618,0.232,24.9947353287605,4.203703772536448,0.26175999999999994,25.194611325300457
2024-11-04 18:00:18,4.198834098911264,0.232,24.2430730354219,4.20348690448068,0.26051999999999986,25.123349959965676
2024-11-04 18:00:18,4.198998392888499,0.232,24.9947353287605,4.2032568929056096,0.25927999999999984,25.12334995996568
2024-11-04 18:00:18,4.199655568800195,0.231,24.9947353287605,4.203053168367005,0.25799999999999984,25.123349959965687
2024-11-04 18:00:18,4.199162686866011,0.231,25.72571420883662,4.202836300310509,0.25671999999999984,25.137969537567205
2024-11-04 18:00:19,4.199326980843797,0.232,25.72571420883662,4.202606288734666,0.2554799999999998,25.15258911516873
2024-11-04 18:00:19,4.198998392888499,0.232,26.437220450515156,4.202612860493756,0.2542399999999998,25.166819240002297
2024-11-04 18:00:19,4.198998392888499,0.232,26.437220450515156,4.202395992437624,0.2529999999999998,25.195668942437397
2024-11-04 18:00:19,4.198998392888499,0.232,24.9947353287605,4.202179124381491,0.25175999999999976,25.22617571651395
2024-11-04 18:00:20,4.198834098911264,0.232,27.80614130216054,4.2019425410473294,0.25051999999999974,25.26778425838042
2024-11-04 18:00:20,4.199491274821859,0.232,25.72571420883662,4.201745388268531,0.24927999999999975,25.267784258380424
2024-11-04 18:00:20,4.199491274821859,0.232,25.72571420883662,4.201541663730267,0.24803999999999976,25.28240383598195
2024-11-04 18:00:20,4.198998392888499,0.232,25.72571420883662,4.201324795674135,0.2467999999999998,25.312056659450235
2024-11-04 18:00:21,4.199326980843797,0.232,25.72571420883662,4.201114499376752,0.24555999999999975,25.34170948291853
2024-11-04 18:00:21,4.198834098911264,0.232,25.72571420883662,4.2008713442831045,0.24431999999999973,25.286913861676002
2024-11-04 18:00:21,4.199162686866011,0.232,23.469396624933097,4.200654476226607,0.2430799999999998,25.27144033346622
2024-11-04 18:00:21,4.199162686866011,0.232,24.2430730354219,4.200431036410635,0.2418399999999998,25.20017896813145
2024-11-04 18:00:22,4.199162686866011,0.232,25.72571420883662,4.200220740113602,0.2405999999999998,25.26124847524411
2024-11-04 18:00:22,4.198834098911264,0.232,24.2430730354219,4.199984156779441,0.2393599999999998,25.217365526942253
2024-11-04 18:00:22,4.198669804934304,0.232,23.469396624933097,4.199734429926714,0.23811999999999983,25.1868587528657
2024-11-04 18:00:22,4.198998392888499,0.232,24.2430730354219,4.199510990111117,0.23687999999999984,25.186858752865707
2024-11-04 18:00:23,4.199162686866011,0.231,24.9947353287605,4.199274406776161,0.2355999999999999,25.172239175264185
2024-11-04 18:00:23,4.199162686866011,0.231,25.72571420883662,4.1992875502943505,0.2343199999999999,25.172239175264195
2024-11-04 18:00:23,4.198834098911264,0.231,23.469396624933097,4.1990772539980235,0.23303999999999994,25.127112823586117
2024-11-04 18:00:23,4.198834098911264,0.232,24.9947353287605,4.199057538720722,0.23179999999999995,25.14214606945289
2024-11-04 18:00:24,4.198669804934304,0.232,25.72571420883662,4.19906411047979,0.23179999999999995,25.156765647054407
2024-11-04 18:00:24,4.199162686866011,0.232,26.437220450515156,4.199077253997979,0.23179999999999995,25.18561534948951
2024-11-04 18:00:24,4.198834098911264,0.232,24.2430730354219,4.19907068223889,0.23179999999999995,25.155962526021217
2024-11-04 18:00:24,4.198834098911264,0.232,26.437220450515156,4.199037823443334,0.23183999999999996,25.199845474323073
2024-11-04 18:00:25,4.198998392888499,0.232,25.72571420883662,4.199031251684234,0.23187999999999992,25.199845474323073
2024-11-04 18:00:25,4.198998392888499,0.232,24.2430730354219,4.1990181081660225,0.2318799999999999,25.215319002532848
2024-11-04 18:00:25,4.198998392888499,0.232,25.72571420883662,4.1990181081660225,0.23187999999999984,25.229938580134377
2024-11-04 18:00:25,4.199162686866011,0.232,24.9947353287605,4.199024679925123,0.23187999999999984,25.24497182600115
2024-11-04 18:00:26,4.199326980843797,0.232,24.9947353287605,4.199037823443335,0.23187999999999984,25.244971826001148
2024-11-04 18:00:26,4.199326980843797,0.232,25.72571420883662,4.199057538720637,0.23187999999999984,25.259591403602663
2024-11-04 18:00:26,4.199491274821859,0.232,24.9947353287605,4.199057538720637,0.23187999999999984,25.24497182600114
2024-11-04 18:00:26,4.198834098911264,0.232,24.2430730354219,4.1990312516842145,0.23187999999999984,25.229938580134377
2024-11-04 18:00:27,4.198834098911264,0.232,24.2430730354219,4.199024679925125,0.23187999999999984,25.214905334267602
2024-11-04 18:00:27,4.199162686866011,0.232,24.2430730354219,4.199018108166013,0.23187999999999984,25.214905334267605
2024-11-04 18:00:27,4.198834098911264,0.232,24.9947353287605,4.199018108166013,0.23187999999999984,25.18605563183251
2024-11-04 18:00:27,4.198669804934304,0.232,24.9947353287605,4.198998392888743,0.23187999999999984,25.17143605423099
2024-11-04 18:00:28,4.198505510957618,0.232,24.2430730354219,4.198972105852408,0.23187999999999984,25.141783230762698
2024-11-04 18:00:28,4.198176923005075,0.232,25.72571420883662,4.1989326752979705,0.2318799999999999,25.17143605423099
2024-11-04 18:00:28,4.199162686866011,0.232,25.72571420883662,4.19894581881616,0.2318799999999999,25.157205929397424
2024-11-04 18:00:28,4.199162686866011,0.232,25.72571420883662,4.198965534093427,0.2318799999999999,25.18685875286571
2024-11-04 18:00:29,4.198669804934304,0.232,23.469396624933097,4.198952390575259,0.2318799999999999,25.127502276354065
2024-11-04 18:00:29,4.198669804934304,0.232,24.2430730354219,4.198932675297989,0.2319199999999999,25.1124690304873
2024-11-04 18:00:29,4.199162686866011,0.232,26.437220450515156,4.198932675297988,0.23195999999999992,25.14131873292239
2024-11-04 18:00:29,4.198834098911264,0.232,25.72571420883662,4.198932675297989,0.23199999999999987,25.14131873292239
2024-11-04 18:00:30,4.198669804934304,0.232,24.9947353287605,4.19892610353891,0.23199999999999987,25.156351978789168
2024-11-04 18:00:30,4.198669804934304,0.232,24.9947353287605,4.19892610353891,0.23199999999999987,25.15635197878916
2024-11-04 18:00:30,4.199326980843797,0.232,24.9947353287605,4.198932675298022,0.23199999999999987,25.171385224655936
2024-11-04 18:00:30,4.198834098911264,0.232,24.9947353287605,4.198932675298023,0.23199999999999987,25.171385224655943
2024-11-04 18:00:31,4.199326980843797,0.232,22.672238853203226,4.198952390575325,0.23199999999999987,25.1249352951448
2024-11-04 18:00:31,4.198998392888499,0.232,26.437220450515156,4.198952390575325,0.23199999999999987,25.13916541997836
2024-11-04 18:00:31,4.198998392888499,0.231,24.2430730354219,4.198952390575326,0.23195999999999992,25.109512596510072
2024-11-04 18:00:31,4.199326980843797,0.231,24.9947353287605,4.198965534093539,0.23191999999999993,25.080662894074976
2024-11-04 18:00:32,4.198998392888499,0.232,22.672238853203226,4.198958962334439,0.23191999999999993,25.005363262128736
2024-11-04 18:00:32,4.198998392888499,0.232,23.469396624933097,4.1989458188162265,0.23191999999999993,24.974856488052193
2024-11-04 18:00:32,4.199326980843797,0.232,24.9947353287605,4.198945818816227,0.23191999999999993,24.91862836858419
2024-11-04 18:00:32,4.199162686866011,0.232,24.2430730354219,4.198932675297994,0.23191999999999993,24.88897554511589
2024-11-04 18:00:33,4.198505510957618,0.232,24.9947353287605,4.198919531779848,0.23191999999999993,24.874355967514372
2024-11-04 18:00:33,4.198998392888499,0.232,24.9947353287605,4.198926103538938,0.23191999999999993,24.85973638991285
2024-11-04 18:00:33,4.199162686866011,0.232,24.9947353287605,4.198926103538937,0.2319199999999999,24.845116812311325
2024-11-04 18:00:33,4.198669804934304,0.232,24.9947353287605,4.1989195317798576,0.23191999999999985,24.830497234709807
2024-11-04 18:00:34,4.199326980843797,0.232,24.9947353287605,4.198945818816237,0.23191999999999985,24.86100400878635
2024-11-04 18:00:34,4.198834098911264,0.232,24.2430730354219,4.198958962334383,0.23191999999999985,24.86100400878635
2024-11-04 18:00:34,4.199162686866011,0.232,24.2430730354219,4.19899839288882,0.23191999999999985,24.83135118531806
2024-11-04 18:00:34,4.199162686866011,0.232,24.9947353287605,4.19899839288882,0.23191999999999985,24.84638443118483
2024-11-04 18:00:35,4.199162686866011,0.232,25.72571420883662,4.198998392888819,0.23191999999999985,24.8915107828629
2024-11-04 18:00:35,4.198998392888499,0.232,27.13035904417916,4.199011536406988,0.23191999999999985,24.949256503038047
2024-11-04 18:00:35,4.198998392888499,0.232,26.437220450515156,4.199024679925156,0.23191999999999985,24.978106205473132
2024-11-04 18:00:35,4.199326980843797,0.232,25.72571420883662,4.199031251684266,0.23191999999999985,24.978106205473132
2024-11-04 18:00:36,4.199162686866011,0.232,24.9947353287605,4.199044395202456,0.23191999999999985,25.008612979549685
2024-11-04 18:00:36,4.198834098911264,0.232,25.72571420883662,4.1990509669615355,0.23191999999999985,25.023232557151204
2024-11-04 18:00:36,4.199162686866011,0.232,24.9947353287605,4.199070682238803,0.23191999999999985,25.008612979549685
2024-11-04 18:00:36,4.199655568800195,0.232,23.469396624933097,4.199083825757058,0.2319199999999999,24.94925650303804
2024-11-04 18:00:37,4.199326980843797,0.232,26.437220450515156,4.19910354103436,0.2319199999999999,24.99313945133991
2024-11-04 18:00:37,4.199162686866011,0.232,25.72571420883662,4.1990969692752484,0.2319199999999999,24.978909326506347
2024-11-04 18:00:37,4.199162686866011,0.232,26.437220450515156,4.199103541034348,0.2319199999999999,24.99313945133991
2024-11-04 18:00:37,4.198998392888499,0.232,24.9947353287605,4.199103541034348,0.23195999999999992,25.00817269720669
2024-11-04 18:00:38,4.199655568800195,0.232,24.9947353287605,4.199116684552603,0.23199999999999987,24.993553119605156
2024-11-04 18:00:38,4.198834098911264,0.232,24.9947353287605,4.199110112793514,0.23199999999999987,24.993553119605163
2024-11-04 18:00:38,4.198834098911264,0.232,24.2430730354219,4.199103541034425,0.23199999999999987,24.97851987373839
2024-11-04 18:00:38,4.198834098911264,0.232,26.437220450515156,4.199083825757125,0.23199999999999987,24.992749998571963
2024-11-04 18:00:39,4.199162686866011,0.231,23.469396624933097,4.199083825757125,0.23195999999999992,24.96224322449541
2024-11-04 18:00:39,4.198834098911264,0.231,24.2430730354219,4.1990969692752715,0.23191999999999993,24.962243224495413
2024-11-04 18:00:39,4.199326980843797,0.231,24.9947353287605,4.199110112793483,0.23187999999999995,24.977276470362188
2024-11-04 18:00:39,4.198834098911264,0.232,25.72571420883662,4.199096969275294,0.23187999999999995,25.00692929383048
2024-11-04 18:00:40,4.198998392888499,0.232,25.72571420883662,4.199110112793463,0.23187999999999995,25.021548871431996
2024-11-04 18:00:40,4.198834098911264,0.232,24.2430730354219,4.199090397516161,0.23187999999999995,25.00651562556523
2024-11-04 18:00:40,4.198998392888499,0.232,25.72571420883662,4.199096969275252,0.23187999999999995,25.03616844903352
2024-11-04 18:00:40,4.199326980843797,0.231,24.9947353287605,4.199103541034364,0.23183999999999996,25.021548871432
2024-11-04 18:00:41,4.199162686866011,0.231,24.9947353287605,4.199103541034362,0.23179999999999995,25.00692929383048
2024-11-04 18:00:41,4.199162686866011,0.232,25.72571420883662,4.199103541034362,0.23179999999999992,25.00692929383047
2024-11-04 18:00:41,4.199162686866011,0.232,24.9947353287605,4.199110112793463,0.2317999999999999,25.037436067907016
2024-11-04 18:00:41,4.199162686866011,0.232,23.469396624933097,4.199116684552562,0.2317999999999999,25.021962539697242
2024-11-04 18:00:42,4.199162686866011,0.232,24.9947353287605,4.19911011279345,0.2317999999999999,24.993112837262146
2024-11-04 18:00:42,4.199326980843797,0.232,26.437220450515156,4.199116684552561,0.2317999999999999,25.007342962095716
2024-11-04 18:00:42,4.198998392888499,0.232,23.469396624933097,4.19912325631165,0.2317999999999999,24.976836188019174
2024-11-04 18:00:42,4.198998392888499,0.232,24.9947353287605,4.199116684552551,0.23179999999999987,24.97683618801917
2024-11-04 18:00:43,4.199326980843797,0.232,25.72571420883662,4.199103541034294,0.2317999999999998,24.991455765620696
2024-11-04 18:00:43,4.198834098911264,0.232,25.72571420883662,4.199083825756993,0.2317999999999998,25.00607534322221
2024-11-04 18:00:43,4.199326980843797,0.232,24.2430730354219,4.1990903975161045,0.2317999999999998,25.037492026866587
2024-11-04 18:00:43,4.198669804934304,0.232,24.9947353287605,4.199070682238837,0.2317999999999998,25.008642324431495
2024-11-04 18:00:44,4.199655568800195,0.232,25.72571420883662,4.1990969692753035,0.2317999999999998,25.038295147899788
2024-11-04 18:00:44,4.199326980843797,0.232,23.469396624933097,4.199083825757048,0.23179999999999987,25.007788373823246
2024-11-04 18:00:44,4.199326980843797,0.232,23.469396624933097,4.199103541034351,0.23179999999999987,25.023731529257837
2024-11-04 18:00:44,4.199162686866011,0.232,24.9947353287605,4.199116684552539,0.2317999999999999,25.05423830333439
2024-11-04 18:00:45,4.199162686866011,0.232,24.2430730354219,4.199129828070728,0.2317999999999999,25.039205057467615
2024-11-04 18:00:45,4.198834098911264,0.232,25.72571420883662,4.199116684552539,0.23183999999999988,25.068857880935912
2024-11-04 18:00:45,4.199655568800195,0.232,24.9947353287605,4.199149543348096,0.2318799999999999,25.068857880935916
2024-11-04 18:00:45,4.198998392888499,0.232,24.9947353287605,4.199136399829883,0.23191999999999985,25.068857880935912
2024-11-04 18:00:46,4.199326980843797,0.232,23.469396624933097,4.1991561151071854,0.2319199999999999,25.038351106859366
2024-11-04 18:00:46,4.198669804934304,0.232,24.9947353287605,4.199142971589017,0.2319199999999999,25.038351106859363
2024-11-04 18:00:46,4.199162686866011,0.232,28.465495270963004,4.199156115107208,0.2319199999999999,25.107766305703418
2024-11-04 18:00:46,4.198998392888499,0.232,24.9947353287605,4.199156115107208,0.2319199999999999,25.122799551570182
2024-11-04 18:00:47,4.198998392888499,0.232,24.2430730354219,4.199142971588995,0.23195999999999992,25.12279955157019
2024-11-04 18:00:47,4.199984156757696,0.232,24.9947353287605,4.199175830384664,0.23199999999999987,25.122799551570182
2024-11-04 18:00:47,4.198834098911264,0.232,26.437220450515156,4.199162686866474,0.23199999999999987,25.137029676403753
2024-11-04 18:00:47,4.199491274821859,0.231,22.672238853203226,4.199175830384707,0.23195999999999992,25.04786727258424
2024-11-04 18:00:48,4.198998392888499,0.231,24.2430730354219,4.199169258625608,0.23191999999999993,25.003984324282374
2024-11-04 18:00:48,4.199655568800195,0.231,25.72571420883662,4.199188973902975,0.23187999999999995,25.003984324282374
2024-11-04 18:00:48,4.198998392888499,0.231,27.13035904417916,4.199175830384763,0.23183999999999996,25.04669679859075
2024-11-04 18:00:48,4.198834098911264,0.231,26.437220450515156,4.199169258625674,0.2318,25.06092692342431
2024-11-04 18:00:49,4.199162686866011,0.231,24.2430730354219,4.1991758303847755,0.23176000000000002,25.045893677557547
2024-11-04 18:00:49,4.199162686866011,0.231,24.2430730354219,4.199169258625663,0.23172000000000004,25.06136720576732
2024-11-04 18:00:49,4.199491274821859,0.232,25.72571420883662,4.199195545662087,0.23172000000000004,25.04713708093375
2024-11-04 18:00:49,4.199326980843797,0.232,25.72571420883662,4.199195545662087,0.23172,25.04713708093375
2024-11-04 18:00:50,4.199162686866011,0.232,21.84997632024192,4.199215260939354,0.23171999999999998,24.955392198328287
2024-11-04 18:00:50,4.199162686866011,0.232,21.84997632024192,4.199195545661986,0.23171999999999993,24.89249701815791
2024-11-04 18:00:50,4.199162686866011,0.232,23.469396624933097,4.199188973902874,0.2317199999999999,24.861990244081365
2024-11-04 18:00:50,4.198998392888499,0.231,27.13035904417916,4.199175830384664,0.23167999999999989,24.904702718389743
2024-11-04 18:00:51,4.199326980843797,0.231,24.9947353287605,4.199182402143775,0.23163999999999987,24.91973596425651
2024-11-04 18:00:51,4.198998392888499,0.231,24.2430730354219,4.199175830384674,0.23159999999999986,24.875853015954654
2024-11-04 18:00:51,4.198998392888499,0.232,26.437220450515156,4.199182402143765,0.23159999999999986,24.935209492466292
2024-11-04 18:00:51,4.198505510957618,0.232,24.2430730354219,4.199136399830062,0.23159999999999986,24.935209492466296
2024-11-04 18:00:52,4.199162686866011,0.232,24.2430730354219,4.199142971589161,0.23159999999999986,24.92017624659952
2024-11-04 18:00:52,4.198998392888499,0.231,24.9947353287605,4.19912982807095,0.23155999999999988,24.905556668998003
2024-11-04 18:00:52,4.199162686866011,0.231,24.2430730354219,4.199149543348217,0.2315199999999999,24.87590384552971
2024-11-04 18:00:52,4.198998392888499,0.231,26.437220450515156,4.199142971589118,0.23147999999999994,24.919786793831573
2024-11-04 18:00:53,4.199326980843797,0.231,22.672238853203226,4.19915611510733,0.23143999999999992,24.858717286718907
2024-11-04 18:00:53,4.198998392888499,0.231,24.9947353287605,4.19915611510733,0.2313999999999999,24.85871728671891
2024-11-04 18:00:53,4.198998392888499,0.231,24.2430730354219,4.199116684552563,0.23135999999999995,24.843684040852136
2024-11-04 18:00:53,4.199326980843797,0.231,24.9947353287605,4.1991363998298645,0.23131999999999997,24.829064463250607
2024-11-04 18:00:54,4.199162686866011,0.231,23.469396624933097,4.19912325631163,0.23132000000000003,24.798557689174064
2024-11-04 18:00:54,4.198834098911264,0.231,24.2430730354219,4.199116684552541,0.23132000000000003,24.814031217383835
2024-11-04 18:00:54,4.199491274821859,0.231,24.9947353287605,4.199110112793408,0.23132000000000003,24.81403121738384
2024-11-04 18:00:54,4.199162686866011,0.231,23.469396624933097,4.199116684552508,0.23132000000000003,24.754674740872197
2024-11-04 18:00:55,4.199326980843797,0.231,25.72571420883662,4.1991363998298095,0.23131999999999997,24.79980109255027
2024-11-04 18:00:55,4.199162686866011,0.231,27.13035904417916,4.199136399829809,0.23131999999999997,24.84251356685864
2024-11-04 18:00:55,4.198998392888499,0.232,24.2430730354219,4.199129828070708,0.23135999999999993,24.812860743390345
2024-11-04 18:00:55,4.199162686866011,0.232,25.72571420883662,4.1991166845524734,0.2313599999999999,24.81286074339034
2024-11-04 18:00:56,4.199162686866011,0.232,22.672238853203226,4.1991101127933605,0.2313599999999999,24.78144405974597
2024-11-04 18:00:56,4.199655568800195,0.231,24.9947353287605,4.199129828070728,0.23131999999999986,24.781444059745972
2024-11-04 18:00:56,4.199326980843797,0.231,25.72571420883662,4.19913639982984,0.2312799999999999,24.781444059745965
2024-11-04 18:00:56,4.199655568800195,0.231,24.9947353287605,4.199156115107206,0.2312399999999999,24.811950833822515
2024-11-04 18:00:57,4.198669804934304,0.231,25.72571420883662,4.199142971589038,0.23123999999999983,24.857077185500586
2024-11-04 18:00:57,4.199162686866011,0.231,24.9947353287605,4.199136399829926,0.23123999999999983,24.85707718550059
2024-11-04 18:00:57,4.199819862778808,0.231,22.672238853203226,4.199169258625538,0.2312399999999999,24.82566050185621
2024-11-04 18:00:57,4.198998392888499,0.231,25.72571420883662,4.199169258625538,0.2311999999999999,24.82566050185621
2024-11-04 18:00:58,4.199491274821859,0.231,27.80614130216054,4.199208689180108,0.23115999999999995,24.881888621324215
2024-11-04 18:00:58,4.198669804934304,0.231,26.437220450515156,4.19918897390284,0.23111999999999994,24.910738323759304
2024-11-04 18:00:58,4.198998392888499,0.231,24.9947353287605,4.1991889739028405,0.23111999999999994,24.941245097835857
2024-11-04 18:00:58,4.199162686866011,0.231,23.469396624933097,4.1991889739028405,0.23111999999999994,24.910738323759304
2024-11-04 18:00:59,4.198998392888499,0.231,25.72571420883662,4.1991889739028405,0.23111999999999994,24.855942702516778
2024-11-04 18:00:59,4.198834098911264,0.231,25.72571420883662,4.199169258625542,0.23111999999999994,24.870562280118303
2024-11-04 18:00:59,4.198998392888499,0.231,26.437220450515156,4.199169258625542,0.23111999999999994,24.914445228420163
2024-11-04 18:00:59,4.198669804934304,0.231,25.72571420883662,4.199156115107374,0.23111999999999994,24.929064806021678
2024-11-04 18:01:00,4.199326980843797,0.231,23.469396624933097,4.199156115107375,0.23111999999999994,24.869708329510043
2024-11-04 18:01:00,4.199491274821859,0.231,25.72571420883662,4.199169258625608,0.23111999999999994,24.93077783662271
2024-11-04 18:01:00,4.199491274821859,0.231,25.72571420883662,4.1991955456620325,0.23111999999999994,24.960430660091006
2024-11-04 18:01:00,4.199326980843797,0.231,27.13035904417916,4.19918897390291,0.23111999999999994,24.98852355679786
2024-11-04 18:01:01,4.199162686866011,0.231,22.672238853203226,4.199188973902909,0.2311199999999999,24.899361152978344
2024-11-04 18:01:01,4.199984156757696,0.231,25.72571420883662,4.199215260939465,0.2311199999999999,24.88513102814477
2024-11-04 18:01:01,4.198998392888499,0.231,23.469396624933097,4.199208689180366,0.2311199999999999,24.869657499934988
2024-11-04 18:01:01,4.199162686866011,0.231,24.9947353287605,4.199215260939464,0.2310799999999999,24.884690745801763
2024-11-04 18:01:02,4.199491274821859,0.231,25.72571420883662,4.199228404457698,0.2310399999999999,24.884690745801755
2024-11-04 18:01:02,4.199491274821859,0.231,24.9947353287605,4.199241547975933,0.2309999999999999,24.870071168200244
2024-11-04 18:01:02,4.198834098911264,0.231,24.9947353287605,4.1992086891803755,0.2309999999999999,24.93296634837061
2024-11-04 18:01:02,4.198998392888499,0.231,26.437220450515156,4.199195545662164,0.2309999999999999,25.02471123097608
2024-11-04 18:01:03,4.198998392888499,0.231,24.2430730354219,4.199169258625696,0.2309999999999999,25.040184759185856
2024-11-04 18:01:03,4.199491274821859,0.231,26.437220450515156,4.199202117421198,0.2309999999999999,25.026321987312578
2024-11-04 18:01:03,4.198998392888499,0.231,24.2430730354219,4.199195545662098,0.2309999999999999,25.0112887414458
2024-11-04 18:01:03,4.199491274821859,0.231,23.469396624933097,4.199182402143821,0.2309999999999999,24.99581521323603
2024-11-04 18:01:04,4.198998392888499,0.231,24.9947353287605,4.199182402143821,0.2309999999999999,24.966965510800932
2024-11-04 18:01:04,4.198998392888499,0.231,23.469396624933097,4.1991626868664875,0.2309999999999999,24.95149198259116
2024-11-04 18:01:04,4.199491274821859,0.231,25.72571420883662,4.19919554566199,0.2309999999999999,24.981144806059447
2024-11-04 18:01:04,4.199162686866011,0.231,27.80614130216054,4.199202117421089,0.2309999999999999,25.037372925527453
2024-11-04 18:01:05,4.199491274821859,0.231,25.72571420883662,4.199215260939323,0.2309999999999999,25.067025748995746
2024-11-04 18:01:05,4.199326980843797,0.231,24.2430730354219,4.199228404457536,0.2309999999999999,25.023142800693883
2024-11-04 18:01:05,4.199326980843797,0.231,24.9947353287605,4.199248119734836,0.2309999999999999,25.069592730205024
2024-11-04 18:01:05,4.198998392888499,0.231,24.9947353287605,4.199248119734836,0.2309999999999999,25.069592730205027
2024-11-04 18:01:06,4.199984156757696,0.231,26.437220450515156,4.199300693807771,0.2309999999999999,25.113475678506894
2024-11-04 18:01:06,4.199162686866011,0.231,25.72571420883662,4.199294122048659,0.2309999999999999,25.12809525610841
2024-11-04 18:01:06,4.199162686866011,0.231,24.2430730354219,4.1992809785304255,0.2309999999999999,25.14356878431819
2024-11-04 18:01:06,4.199491274821859,0.231,24.9947353287605,4.199280978530425,0.2309999999999999,25.158602030184955
2024-11-04 18:01:07,4.199162686866011,0.231,26.437220450515156,4.199274406771313,0.2309999999999999,25.187451732620058
2024-11-04 18:01:07,4.199162686866011,0.231,24.9947353287605,4.199274406771313,0.2309999999999999,25.217958506696608
2024-11-04 18:01:07,4.199984156757696,0.231,25.72571420883662,4.199274406771312,0.2309999999999999,25.217958506696615
2024-11-04 18:01:07,4.199491274821859,0.231,25.72571420883662,4.199294122048646,0.2309999999999999,25.189865609989756
2024-11-04 18:01:08,4.199326980843797,0.23,24.2430730354219,4.199300693807758,0.23095999999999994,25.18986560998976
2024-11-04 18:01:08,4.198998392888499,0.23,25.72571420883662,4.199280978530424,0.23091999999999996,25.189865609989756
2024-11-04 18:01:08,4.199162686866011,0.23,24.2430730354219,4.199267835012189,0.23087999999999997,25.221282293634136
2024-11-04 18:01:08,4.199162686866011,0.23,25.72571420883662,4.199280978530379,0.23084,25.235901871235654
2024-11-04 18:01:09,4.198834098911264,0.23,25.72571420883662,4.19927440677129,0.2308,25.235901871235654
2024-11-04 18:01:09,4.198834098911264,0.231,25.72571420883662,4.1992678350122015,0.2308,25.25052144883718
2024-11-04 18:01:09,4.199491274821859,0.231,24.9947353287605,4.199267835012202,0.2308,25.23590187123565
2024-11-04 18:01:09,4.199819862778808,0.23,24.2430730354219,4.199300693807815,0.23076000000000005,25.220868625368883
2024-11-04 18:01:10,4.199162686866011,0.23,24.9947353287605,4.19928755028958,0.23072000000000006,25.267318554880024
2024-11-04 18:01:10,4.199819862778808,0.23,24.9947353287605,4.1993204090851926,0.23068000000000008,25.252698977278506
2024-11-04 18:01:10,4.199326980843797,0.23,24.9947353287605,4.199333552603404,0.2306400000000001,25.196470857810503
2024-11-04 18:01:10,4.199819862778808,0.23,26.437220450515156,4.199346696121682,0.23060000000000014,25.196470857810493
2024-11-04 18:01:11,4.199491274821859,0.23,24.9947353287605,4.199359839639916,0.23056000000000015,25.196470857810496
2024-11-04 18:01:11,4.198998392888499,0.23,24.9947353287605,4.199340124362583,0.23052000000000017,25.22697763188705
2024-11-04 18:01:11,4.199326980843797,0.23,24.9947353287605,4.199340124362583,0.23048000000000018,25.212358054285527
2024-11-04 18:01:11,4.199491274821859,0.231,26.437220450515156,4.199346696121705,0.23048000000000018,25.226588179119098
2024-11-04 18:01:12,4.199819862778808,0.231,25.72571420883662,4.199379554917317,0.23048000000000016,25.212358054285524
2024-11-04 18:01:12,4.199326980843797,0.23,25.72571420883662,4.199353267880762,0.23044000000000017,25.212358054285513
2024-11-04 18:01:12,4.199162686866011,0.23,24.2430730354219,4.1993532678807615,0.23040000000000016,25.227831582495295
2024-11-04 18:01:12,4.199491274821859,0.23,25.72571420883662,4.199366411398996,0.2303600000000002,25.227831582495302
2024-11-04 18:01:13,4.199491274821859,0.23,24.2430730354219,4.199366411398996,0.2303200000000002,25.198178759027
2024-11-04 18:01:13,4.199491274821859,0.23,22.672238853203226,4.199379554917231,0.2302800000000002,25.109016355207487
2024-11-04 18:01:13,4.199326980843797,0.23,25.72571420883662,4.199386126676342,0.23024000000000022,25.170085862320146
2024-11-04 18:01:13,4.199162686866011,0.23,24.9947353287605,4.1993532678806735,0.23020000000000024,25.155466284718635
2024-11-04 18:01:14,4.199326980843797,0.23,24.9947353287605,4.199346696121551,0.23016000000000023,25.18597305879518
2024-11-04 18:01:14,4.198998392888499,0.23,24.9947353287605,4.199333552603339,0.23016000000000023,25.185973058795184
2024-11-04 18:01:14,4.199162686866011,0.23,24.2430730354219,4.19934012436244,0.23016000000000023,25.156320235326884
2024-11-04 18:01:14,4.198998392888499,0.23,24.9947353287605,4.199333552603339,0.23016000000000023,25.156320235326888
2024-11-04 18:01:15,4.199326980843797,0.23,24.2430730354219,4.199340124362451,0.23016000000000023,25.141286989460113
2024-11-04 18:01:15,4.199326980843797,0.23,24.9947353287605,4.199359839639753,0.23016000000000023,25.112437287025028
2024-11-04 18:01:15,4.199655568800195,0.23,24.2430730354219,4.199392698435309,0.2301200000000002,25.112437287025024
2024-11-04 18:01:15,4.198998392888499,0.23,26.437220450515156,4.199372983157975,0.23008000000000023,25.11243728702503
2024-11-04 18:01:16,4.199326980843797,0.23,24.9947353287605,4.199353267880574,0.23008000000000028,25.1274705328918
2024-11-04 18:01:16,4.199326980843797,0.23,22.672238853203226,4.199359839639686,0.23008000000000028,25.111527377457204
2024-11-04 18:01:16,4.199162686866011,0.23,29.10927472714519,4.199333552603173,0.23008000000000028,25.193818165424897
2024-11-04 18:01:16,4.199326980843797,0.23,25.72571420883662,4.199333552603173,0.23008000000000028,25.238944517102965
2024-11-04 18:01:17,4.199326980843797,0.23,24.9947353287605,4.199313837325774,0.23008000000000028,25.224324939501443
2024-11-04 18:01:17,4.198998392888499,0.23,22.672238853203226,4.19929412204844,0.23008000000000028,25.121646890522296
2024-11-04 18:01:17,4.199326980843797,0.23,24.9947353287605,4.1993072655666515,0.23008000000000028,25.107027312920778
2024-11-04 18:01:17,4.199819862778808,0.23,24.9947353287605,4.199326980844051,0.23008000000000028,25.122060558787542
2024-11-04 18:01:18,4.198998392888499,0.23,23.469396624933097,4.199307265566719,0.23004000000000027,25.091553784711
2024-11-04 18:01:18,4.199162686866011,0.23,21.84997632024192,4.199280978530206,0.2300000000000003,25.028658604540624
2024-11-04 18:01:18,4.199491274821859,0.23,27.13035904417916,4.199287550289329,0.2300000000000003,25.042521376413912
2024-11-04 18:01:18,4.199491274821859,0.23,24.9947353287605,4.199300693807562,0.2300000000000003,25.02790179881238
2024-11-04 18:01:19,4.199491274821859,0.23,24.9947353287605,4.1993006938075625,0.2300000000000003,25.042935044679158
2024-11-04 18:01:19,4.199326980843797,0.23,25.72571420883662,4.19929412204844,0.2300000000000003,25.05755462228067
2024-11-04 18:01:19,4.199162686866011,0.23,26.437220450515156,4.199280978530206,0.2300000000000003,25.057554622280676
2024-11-04 18:01:19,4.199326980843797,0.23,24.9947353287605,4.199280978530205,0.2300000000000003,25.057554622280673
2024-11-04 18:01:20,4.199655568800195,0.23,24.2430730354219,4.199300693807571,0.2300000000000003,25.02790179881239
2024-11-04 18:01:20,4.199491274821859,0.23,25.72571420883662,4.199307265566695,0.2300000000000003,25.02790179881238
2024-11-04 18:01:20,4.199491274821859,0.23,24.9947353287605,4.199326980844029,0.2300000000000003,25.042935044679158
2024-11-04 18:01:20,4.198998392888499,0.23,26.437220450515156,4.19932040908493,0.2300000000000003,25.057165169512718
2024-11-04 18:01:21,4.199655568800195,0.23,22.672238853203226,4.199346696121396,0.2300000000000003,25.02574848586836
2024-11-04 18:01:21,4.198998392888499,0.23,27.13035904417916,4.199333552603185,0.2300000000000003,25.0538413825752
2024-11-04 18:01:21,4.198998392888499,0.23,24.9947353287605,4.199320409084972,0.2300000000000003,25.039221804973682
2024-11-04 18:01:21,4.198834098911264,0.23,24.9947353287605,4.199287550289416,0.2300000000000003,25.024602227372153
2024-11-04 18:01:22,4.199326980843797,0.23,23.469396624933097,4.199300693807628,0.2300000000000003,24.994095453295607
2024-11-04 18:01:22,4.199326980843797,0.23,25.72571420883662,4.199300693807627,0.2300000000000003,25.0237482767639
2024-11-04 18:01:22,4.199655568800195,0.23,25.72571420883662,4.199313837325883,0.2300000000000003,25.038367854365426
2024-11-04 18:01:22,4.199162686866011,0.23,24.9947353287605,4.199313837325883,0.2300000000000003,25.03836785436543
2024-11-04 18:01:23,4.199819862778808,0.23,24.2430730354219,4.199333552603283,0.2300000000000003,25.023334608498654
2024-11-04 18:01:23,4.198998392888499,0.23,25.72571420883662,4.199320409085072,0.2300000000000003,25.009104483665077
2024-11-04 18:01:23,4.199491274821859,0.229,24.2430730354219,4.199340124362407,0.22996000000000025,24.994071237798313
2024-11-04 18:01:23,4.199655568800195,0.229,24.9947353287605,4.199353267880662,0.22992000000000018,24.99407123779831
2024-11-04 18:01:24,4.199491274821859,0.23,24.9947353287605,4.199340124362384,0.22992000000000018,24.994071237798313
2024-11-04 18:01:24,4.199655568800195,0.23,24.9947353287605,4.1993664113988505,0.22992000000000018,24.965221535363217
2024-11-04 18:01:24,4.199491274821859,0.23,23.469396624933097,4.199379554917084,0.22992000000000018,24.92009518368515
2024-11-04 18:01:24,4.198998392888499,0.23,25.72571420883662,4.199359839639751,0.22992000000000018,24.920095183685152
2024-11-04 18:01:25,4.199326980843797,0.23,26.437220450515156,4.199353267880629,0.22992000000000018,24.963978131987023
2024-11-04 18:01:25,4.199491274821859,0.229,24.2430730354219,4.199353267880629,0.22988000000000014,24.934325308518723
2024-11-04 18:01:25,4.199326980843797,0.229,24.9947353287605,4.19935326788063,0.22984000000000013,24.94935855438549
2024-11-04 18:01:25,4.199162686866011,0.229,24.9947353287605,4.199353267880629,0.22980000000000012,24.99580848389664
2024-11-04 18:01:26,4.199162686866011,0.229,23.469396624933097,4.199346696121516,0.22976000000000008,24.95068213221857
2024-11-04 18:01:26,4.199162686866011,0.229,24.9947353287605,4.199326980844149,0.22972,24.950682132218567
2024-11-04 18:01:26,4.199655568800195,0.229,26.437220450515156,4.1993335526032824,0.22967999999999997,24.979531834653663
2024-11-04 18:01:26,4.199491274821859,0.229,23.469396624933097,4.199333552603283,0.22963999999999993,24.94902506057711
2024-11-04 18:01:27,4.20014845073686,0.23,27.13035904417916,4.1993795549172175,0.22963999999999993,25.00677078075226
2024-11-04 18:01:27,4.199326980843797,0.23,24.2430730354219,4.199366411398961,0.22963999999999996,24.991737534885484
2024-11-04 18:01:27,4.199819862778808,0.229,25.72571420883662,4.199399270194573,0.22959999999999994,25.021390358353784
2024-11-04 18:01:27,4.199655568800195,0.229,25.72571420883662,4.19942555723104,0.22955999999999996,25.0360099359553
2024-11-04 18:01:28,4.198998392888499,0.229,24.9947353287605,4.1994321289901295,0.22951999999999995,25.051043181822074
2024-11-04 18:01:28,4.199326980843797,0.23,24.2430730354219,4.19943212899013,0.22951999999999997,25.007160233520207
2024-11-04 18:01:28,4.199162686866011,0.23,26.437220450515156,4.199425557231018,0.22952000000000003,25.036009935955306
2024-11-04 18:01:28,4.199819862778808,0.229,24.9947353287605,4.199432128990163,0.22947999999999996,25.082459865466447
2024-11-04 18:01:29,4.199162686866011,0.229,25.72571420883662,4.199432128990164,0.22943999999999992,25.014788655100283
2024-11-04 18:01:29,4.199491274821859,0.229,23.469396624933097,4.199418985471885,0.2293999999999999,24.969662303422204
2024-11-04 18:01:29,4.199655568800195,0.229,25.72571420883662,4.199445272508353,0.22935999999999993,24.984281881023726
2024-11-04 18:01:29,4.199655568800195,0.229,24.2430730354219,4.199451844267485,0.22935999999999993,25.015698564668106
2024-11-04 18:01:30,4.199326980843797,0.229,24.9947353287605,4.19943870074923,0.2293599999999999,25.01569856466811
2024-11-04 18:01:30,4.20014845073686,0.229,26.437220450515156,4.199464987785832,0.22931999999999989,25.0445482671032
2024-11-04 18:01:30,4.20014845073686,0.229,25.72571420883662,4.199484703063297,0.22927999999999987,25.089674618781274
2024-11-04 18:01:30,4.199655568800195,0.229,24.9947353287605,4.19949127482243,0.22923999999999986,25.15256979895164
2024-11-04 18:01:31,4.199491274821859,0.229,23.469396624933097,4.199510990099765,0.22919999999999985,25.079350550566716
2024-11-04 18:01:31,4.199655568800195,0.229,24.2430730354219,4.19952413361802,0.22915999999999984,25.064317304699948
2024-11-04 18:01:31,4.199984156757696,0.229,25.72571420883662,4.199543848895454,0.22915999999999984,25.07893688230147
2024-11-04 18:01:31,4.199162686866011,0.229,24.9947353287605,4.199537277136342,0.22915999999999984,25.064317304699948
2024-11-04 18:01:32,4.199491274821859,0.229,27.13035904417916,4.199550420654576,0.22915999999999984,25.07818007657322
2024-11-04 18:01:32,4.199326980843797,0.229,23.469396624933097,4.199556992413689,0.22915999999999984,25.047673302496673
2024-11-04 18:01:32,4.199655568800195,0.229,25.72571420883662,4.199576707691055,0.22915999999999978,25.077326125964973
2024-11-04 18:01:32,4.198834098911264,0.229,26.437220450515156,4.199543848895499,0.22915999999999978,25.09155625079854
2024-11-04 18:01:33,4.199655568800195,0.229,24.9947353287605,4.1995504206546315,0.22915999999999978,25.091556250798543
2024-11-04 18:01:33,4.199491274821859,0.229,27.80614130216054,4.1995241336180325,0.22911999999999982,25.11893466783145
2024-11-04 18:01:33,4.199162686866011,0.229,25.72571420883662,4.1995175618589204,0.2290799999999998,25.180004174944123
2024-11-04 18:01:33,4.199491274821859,0.229,22.672238853203226,4.199504418340643,0.2290799999999998,25.0908417711246
2024-11-04 18:01:34,4.199162686866011,0.229,25.72571420883662,4.199484703063276,0.2290799999999998,25.10546134872612
2024-11-04 18:01:34,4.199655568800195,0.229,24.2430730354219,4.199510990099743,0.2290799999999998,25.090428102859356
2024-11-04 18:01:34,4.199162686866011,0.229,24.9947353287605,4.199504418340631,0.2290399999999998,25.120934876935898
2024-11-04 18:01:34,4.199491274821859,0.229,25.72571420883662,4.1995175618588645,0.22899999999999981,25.120934876935898
2024-11-04 18:01:35,4.199326980843797,0.229,24.2430730354219,4.199497846581465,0.22899999999999981,25.09128205346761
2024-11-04 18:01:35,4.199819862778808,0.229,24.9947353287605,4.1995241336179765,0.22899999999999981,25.0912820534676
2024-11-04 18:01:35,4.199162686866011,0.229,24.9947353287605,4.199510990099743,0.22899999999999981,25.10631529933437
2024-11-04 18:01:35,4.199326980843797,0.229,25.72571420883662,4.199497846581487,0.22899999999999981,25.106315299334373
2024-11-04 18:01:36,4.199326980843797,0.229,24.9947353287605,4.199484703063232,0.22899999999999981,25.121348545201148
2024-11-04 18:01:36,4.199326980843797,0.229,25.72571420883662,4.199484703063232,0.22899999999999981,25.13596812280267
2024-11-04 18:01:36,4.199326980843797,0.229,24.2430730354219,4.19945184426751,0.22899999999999981,25.1209348769359
2024-11-04 18:01:36,4.199162686866011,0.229,23.469396624933097,4.199412413712676,0.22899999999999981,25.09042810285935
2024-11-04 18:01:37,4.199819862778808,0.229,27.80614130216054,4.19941898547182,0.22899999999999981,25.177162996403904
2024-11-04 18:01:37,4.199162686866011,0.229,26.437220450515156,4.1994058419535865,0.22899999999999981,25.19139312123747
2024-11-04 18:01:37,4.199491274821859,0.229,25.72571420883662,4.199399270194452,0.22899999999999981,25.177162996403894
2024-11-04 18:01:37,4.199655568800195,0.229,22.672238853203226,4.199386126676152,0.22899999999999981,25.145746312759524
2024-11-04 18:01:38,4.199655568800195,0.229,25.72571420883662,4.199405841953519,0.22899999999999981,25.160365890361046
2024-11-04 18:01:38,4.199819862778808,0.229,24.2430730354219,4.199418985471797,0.22899999999999981,25.14533264449427
2024-11-04 18:01:38,4.199819862778808,0.229,26.437220450515156,4.199438700749197,0.22899999999999981,25.204689121005913
2024-11-04 18:01:38,4.20014845073686,0.229,24.9947353287605,4.199458416026664,0.22899999999999981,25.20468912100591
2024-11-04 18:01:39,4.199819862778808,0.229,24.9947353287605,4.199497846581365,0.22899999999999981,25.17583941857082
2024-11-04 18:01:39,4.199162686866011,0.229,25.72571420883662,4.199478131303998,0.22899999999999981,25.220965770248885
2024-11-04 18:01:39,4.199491274821859,0.229,25.72571420883662,4.199478131303998,0.22899999999999981,25.192872873542036
2024-11-04 18:01:39,4.199491274821859,0.229,24.2430730354219,4.199491274822233,0.22899999999999981,25.192872873542033
2024-11-04 18:01:40,4.198834098911264,0.229,25.72571420883662,4.199464987785809,0.22899999999999981,25.192872873542036
2024-11-04 18:01:40,4.199655568800195,0.229,24.2430730354219,4.199484703063177,0.22899999999999981,25.163220050073747
2024-11-04 18:01:40,4.198998392888499,0.229,24.9947353287605,4.19945841602671,0.22899999999999981,25.163220050073743
2024-11-04 18:01:40,4.199491274821859,0.229,23.469396624933097,4.199471559544944,0.22899999999999981,25.14774652186397
2024-11-04 18:01:41,4.199162686866011,0.229,23.469396624933097,4.19945841602671,0.22899999999999981,25.088390045352334
2024-11-04 18:01:41,4.199819862778808,0.229,25.72571420883662,4.199478131304111,0.22899999999999981,25.10300962295385
2024-11-04 18:01:41,4.199491274821859,0.229,24.2430730354219,4.199464987785833,0.22899999999999981,25.07335679948556
2024-11-04 18:01:41,4.199326980843797,0.229,24.9947353287605,4.199471559544945,0.22899999999999981,25.1038635735621
2024-11-04 18:01:42,4.199655568800195,0.229,25.72571420883662,4.1994847030632005,0.22899999999999981,25.1038635735621
2024-11-04 18:01:42,4.199655568800195,0.229,23.469396624933097,4.199497846581455,0.22899999999999981,25.08839004535232
2024-11-04 18:01:42,4.199491274821859,0.229,24.2430730354219,4.199504418340577,0.22899999999999981,25.073356799485556
2024-11-04 18:01:42,4.199655568800195,0.229,25.72571420883662,4.1995175618588325,0.22899999999999981,25.059126674651978
2024-11-04 18:01:43,4.199655568800195,0.229,22.672238853203226,4.199537277136199,0.22899999999999981,24.998057167539315
2024-11-04 18:01:43,4.199984156757696,0.229,24.9947353287605,4.199543848895354,0.22899999999999981,24.998057167539308
2024-11-04 18:01:43,4.199819862778808,0.228,26.437220450515156,4.199570135931866,0.22895999999999983,25.057413644050957
2024-11-04 18:01:43,4.199984156757696,0.228,25.72571420883662,4.1995898512093,0.22891999999999985,25.087066467519243
2024-11-04 18:01:44,4.199491274821859,0.228,24.9947353287605,4.199583279450166,0.22887999999999986,25.072446889917725
2024-11-04 18:01:44,4.199655568800195,0.229,24.9947353287605,4.199583279450166,0.22887999999999986,25.072446889917728
2024-11-04 18:01:44,4.199162686866011,0.229,24.9947353287605,4.199556992413653,0.22887999999999986,25.029734415609358
2024-11-04 18:01:44,4.199819862778808,0.229,24.9947353287605,4.199556992413655,0.22887999999999986,25.060241189685904
2024-11-04 18:01:45,4.199819862778808,0.229,27.13035904417916,4.199543848895332,0.22887999999999986,25.08833408639275
2024-11-04 18:01:45,4.199491274821859,0.229,24.9947353287605,4.199530705377055,0.22887999999999986,25.05948438395766
2024-11-04 18:01:45,4.199491274821859,0.228,24.9947353287605,4.199543848895289,0.22883999999999985,25.059484383957656
2024-11-04 18:01:45,4.199819862778808,0.228,25.72571420883662,4.199556992413568,0.22879999999999984,25.01787584209118
2024-11-04 18:01:46,4.199819862778808,0.228,24.2430730354219,4.199570135931847,0.22875999999999982,24.98822301862289
2024-11-04 18:01:46,4.199491274821859,0.228,25.72571420883662,4.199596422968271,0.22871999999999987,25.049292525735556
2024-11-04 18:01:46,4.199655568800195,0.228,21.000806169342923,4.199596422968269,0.22867999999999988,24.954794364945684
2024-11-04 18:01:46,4.199819862778808,0.228,24.9947353287605,4.199629281763883,0.2286399999999999,24.96982761081246
2024-11-04 18:01:47,4.199819862778808,0.228,24.9947353287605,4.1996424252821605,0.22859999999999991,24.969827610812462
2024-11-04 18:01:47,4.199819862778808,0.228,24.9947353287605,4.1996687123186724,0.22855999999999996,24.955208033210933
2024-11-04 18:01:47,4.199984156757696,0.228,24.9947353287605,4.199675284077828,0.22851999999999995,24.970241279077708
2024-11-04 18:01:47,4.199819862778808,0.229,24.9947353287605,4.199688427596105,0.22851999999999995,24.970241279077705
2024-11-04 18:01:48,4.199655568800195,0.229,25.72571420883662,4.19970157111436,0.2285199999999999,24.984860856679234
2024-11-04 18:01:48,4.199491274821859,0.228,25.72571420883662,4.199694999355227,0.22847999999999988,24.984860856679223
2024-11-04 18:01:48,4.199491274821859,0.228,27.13035904417916,4.199688427596094,0.22843999999999987,25.027573330987604
2024-11-04 18:01:48,4.20014845073686,0.228,25.72571420883662,4.199714714632694,0.22839999999999985,25.027573330987597
2024-11-04 18:01:49,4.20014845073686,0.228,24.9947353287605,4.199734429910161,0.22835999999999984,25.04260657685437
2024-11-04 18:01:49,4.199326980843797,0.228,24.9947353287605,4.199721286391905,0.22831999999999983,25.073113350930925
2024-11-04 18:01:49,4.199326980843797,0.228,22.672238853203226,4.19969499935535,0.22827999999999984,24.97043530195178
2024-11-04 18:01:49,4.199819862778808,0.228,24.2430730354219,4.1996949993553505,0.2282799999999999,24.926552353649914
2024-11-04 18:01:50,4.199326980843797,0.228,25.72571420883662,4.199668712318794,0.22827999999999993,24.926552353649914
2024-11-04 18:01:50,4.199326980843797,0.228,24.9947353287605,4.199662140559673,0.22827999999999993,24.973002283161055
2024-11-04 18:01:50,4.199819862778808,0.228,23.469396624933097,4.199668712318818,0.22823999999999992,24.927875931482976
2024-11-04 18:01:50,4.199162686866011,0.228,24.9947353287605,4.199668712318817,0.22819999999999993,24.94290917734975
2024-11-04 18:01:51,4.199491274821859,0.228,23.469396624933097,4.199655568800539,0.22815999999999992,24.883552700838116
2024-11-04 18:01:51,4.199491274821859,0.229,24.9947353287605,4.199642425282261,0.2281599999999999,24.883552700838113
2024-11-04 18:01:51,4.20014845073686,0.229,24.2430730354219,4.199668712318861,0.2281599999999999,24.86851945497135
2024-11-04 18:01:51,4.199655568800195,0.228,25.72571420883662,4.199675284077994,0.22815999999999984,24.86851945497135
2024-11-04 18:01:52,4.199819862778808,0.228,24.9947353287605,4.199675284077993,0.22815999999999984,24.853899877369816
2024-11-04 18:01:52,4.199984156757696,0.228,24.9947353287605,4.199681855837149,0.22815999999999984,24.868933123236594
2024-11-04 18:01:52,4.199984156757696,0.228,25.72571420883662,4.1997015711145815,0.22815999999999984,24.868933123236594
2024-11-04 18:01:52,4.199819862778808,0.228,23.469396624933097,4.199708142873726,0.22815999999999984,24.85345959502682
2024-11-04 18:01:53,4.199491274821859,0.228,25.72571420883662,4.199694999355448,0.22815999999999984,24.86807917262834
2024-11-04 18:01:53,4.199984156757696,0.228,25.72571420883662,4.199701571114604,0.22815999999999992,24.913205524306413
2024-11-04 18:01:53,4.199655568800195,0.228,24.2430730354219,4.199694999355459,0.22815999999999992,24.928679052516188
2024-11-04 18:01:53,4.199655568800195,0.228,22.672238853203226,4.199681855837158,0.22815999999999992,24.86760954540351
2024-11-04 18:01:54,4.199326980843797,0.228,26.437220450515156,4.199662140559758,0.2281199999999999,24.911492493705392
2024-11-04 18:01:54,4.199326980843797,0.228,24.9947353287605,4.1996489970415025,0.22807999999999992,24.911492493705385
2024-11-04 18:01:54,4.198998392888499,0.228,24.2430730354219,4.199629281764169,0.22807999999999992,24.881839670237085
2024-11-04 18:01:54,4.199819862778808,0.228,23.469396624933097,4.1996424252824465,0.22807999999999992,24.881839670237092
2024-11-04 18:01:55,4.199819862778808,0.228,24.2430730354219,4.199629281764125,0.22807999999999992,24.881839670237085
2024-11-04 18:01:55,4.199655568800195,0.228,24.2430730354219,4.199609566486658,0.2280799999999999,24.852186846768795
2024-11-04 18:01:55,4.199819862778808,0.228,24.2430730354219,4.199629281764058,0.2280799999999999,24.883603530413176
2024-11-04 18:01:55,4.199984156757696,0.228,26.437220450515156,4.199655568800614,0.2280799999999999,24.912453232848264
2024-11-04 18:01:56,4.199819862778808,0.228,24.2430730354219,4.1996555688006145,0.2280799999999999,24.868570284546408
2024-11-04 18:01:56,4.199655568800195,0.228,25.72571420883662,4.1996687123188705,0.2280799999999999,24.868570284546404
2024-11-04 18:01:56,4.20014845073686,0.228,23.469396624933097,4.199701571114592,0.2280799999999999,24.83806351046985
2024-11-04 18:01:56,4.199655568800195,0.228,25.72571420883662,4.199694999355446,0.2280799999999999,24.85268308807138
2024-11-04 18:01:57,4.199491274821859,0.228,24.2430730354219,4.19970814287368,0.2280799999999999,24.837649842204605
2024-11-04 18:01:57,4.199655568800195,0.228,24.2430730354219,4.1997147146328135,0.2280799999999999,24.822616596337838
2024-11-04 18:01:57,4.199655568800195,0.228,24.2430730354219,4.199721286391947,0.22803999999999988,24.76487087616269
2024-11-04 18:01:57,4.199491274821859,0.228,24.9947353287605,4.199694999355347,0.2279999999999999,24.764870876162696
2024-11-04 18:01:58,4.199491274821859,0.228,24.9947353287605,4.1996884275962145,0.2279999999999999,24.76487087616269
2024-11-04 18:01:58,4.20014845073686,0.228,24.9947353287605,4.199701571114536,0.2279999999999999,24.75025129856117
2024-11-04 18:01:58,4.199326980843797,0.228,25.72571420883662,4.199675284077982,0.2279999999999999,24.779904122029457
2024-11-04 18:01:58,4.199655568800195,0.228,25.72571420883662,4.199662140559681,0.2279999999999999,24.779904122029457
2024-11-04 18:01:59,4.199819862778808,0.228,24.9947353287605,4.199662140559682,0.2279999999999999,24.859782705217807
2024-11-04 18:01:59,4.199819862778808,0.228,24.2430730354219,4.19967528407796,0.2279999999999999,24.844749459351032
2024-11-04 18:01:59,4.199984156757696,0.228,25.72571420883662,4.199675284077959,0.2279999999999999,24.859369036952558
2024-11-04 18:01:59,4.199491274821859,0.228,23.469396624933097,4.199668712318827,0.2279999999999999,24.828862262876005
2024-11-04 18:02:00,4.199162686866011,0.228,24.2430730354219,4.199648997041459,0.2279999999999999,24.81382901700924
2024-11-04 18:02:00,4.199984156757696,0.227,24.2430730354219,4.1996752840780145,0.2279599999999999,24.798795771142462
2024-11-04 18:02:00,4.199819862778808,0.227,24.9947353287605,4.1996949993554145,0.22791999999999996,24.784176193540944
2024-11-04 18:02:00,4.199491274821859,0.227,24.9947353287605,4.199714714632749,0.22787999999999997,24.769556615939422
2024-11-04 18:02:01,4.199655568800195,0.227,25.72571420883662,4.199708142873604,0.22784,24.74146371923258
2024-11-04 18:02:01,4.199984156757696,0.228,24.2430730354219,4.199714714632759,0.22784,24.711810895764287
2024-11-04 18:02:01,4.199491274821859,0.228,25.72571420883662,4.199708142873627,0.22784,24.72643047336581
2024-11-04 18:02:01,4.199655568800195,0.227,25.72571420883662,4.199701571114482,0.2278,24.741050050967324
2024-11-04 18:02:02,4.199655568800195,0.227,24.9947353287605,4.199688427596181,0.22776,24.787499980478472
2024-11-04 18:02:02,4.199655568800195,0.227,24.2430730354219,4.199681855837036,0.22772000000000003,24.78749998047847
2024-11-04 18:02:02,4.199162686866011,0.227,24.9947353287605,4.199662140559668,0.22768000000000005,24.77288040287695
2024-11-04 18:02:02,4.20014845073686,0.227,25.72571420883662,4.199662140559669,0.22764000000000006,24.78749998047847
2024-11-04 18:02:03,4.199326980843797,0.227,24.9947353287605,4.199648997041413,0.22760000000000014,24.81800675455502
2024-11-04 18:02:03,4.199819862778808,0.227,26.437220450515156,4.19966214055969,0.22756000000000015,24.846856456990107
2024-11-04 18:02:03,4.199984156757696,0.228,27.13035904417916,4.1996752840779905,0.2275600000000001,24.920075705375027
2024-11-04 18:02:03,4.199819862778808,0.228,23.469396624933097,4.199681855837135,0.2275600000000001,24.88956893129848
2024-11-04 18:02:04,4.199984156757696,0.228,22.672238853203226,4.199701571114568,0.2275600000000001,24.858152247654104
2024-11-04 18:02:04,4.199162686866011,0.227,24.9947353287605,4.199688427596335,0.22752000000000008,24.843532670052582
2024-11-04 18:02:04,4.20014845073686,0.227,24.9947353287605,4.199688427596336,0.22748000000000007,24.84353267005258
2024-11-04 18:02:04,4.199984156757696,0.227,24.9947353287605,4.199714714632893,0.22744000000000006,24.843532670052582
2024-11-04 18:02:05,4.199491274821859,0.227,24.9947353287605,4.199708142873759,0.22740000000000005,24.82891309245106
2024-11-04 18:02:05,4.199655568800195,0.227,25.72571420883662,4.199701571114614,0.22736000000000012,24.87403944412913
2024-11-04 18:02:05,4.199984156757696,0.227,23.469396624933097,4.199708142873769,0.22732000000000013,24.82891309245106
2024-11-04 18:02:05,4.199984156757696,0.227,25.72571420883662,4.199708142873769,0.22728000000000015,24.828913092451057
2024-11-04 18:02:06,4.20014845073686,0.227,24.9947353287605,4.19973442991037,0.22724000000000014,24.84394633831783
2024-11-04 18:02:06,4.199162686866011,0.227,23.469396624933097,4.199734429910369,0.22720000000000012,24.859889493752434
2024-11-04 18:02:06,4.20014845073686,0.227,25.72571420883662,4.199741001669536,0.22720000000000012,24.84565936891886
2024-11-04 18:02:06,4.199819862778808,0.227,22.672238853203226,4.199741001669536,0.2272000000000001,24.79920943940772
2024-11-04 18:02:07,4.199984156757696,0.227,25.72571420883662,4.19976071694697,0.2272000000000001,24.828862262876008
2024-11-04 18:02:07,4.199819862778808,0.227,24.9947353287605,4.199767288706115,0.2272000000000001,24.85936903695256
2024-11-04 18:02:07,4.199984156757696,0.227,24.2430730354219,4.199767288706114,0.22716000000000014,24.859369036952558
2024-11-04 18:02:07,4.199491274821859,0.227,23.469396624933097,4.199767288706115,0.22712000000000018,24.843895508742786
2024-11-04 18:02:08,4.200477038696013,0.227,25.72571420883662,4.199800147501947,0.2271200000000002,24.873548332211076
2024-11-04 18:02:08,4.200312744716299,0.227,25.72571420883662,4.199826434538591,0.2271200000000002,24.85931820737751
2024-11-04 18:02:08,4.199819862778808,0.227,24.2430730354219,4.199833006297736,0.2271200000000002,24.859318207377505
2024-11-04 18:02:08,4.199819862778808,0.227,25.72571420883662,4.199859293334248,0.2271200000000002,24.859318207377502
2024-11-04 18:02:09,4.20014845073686,0.227,24.9947353287605,4.199859293334248,0.22712000000000018,24.889824981454055
2024-11-04 18:02:09,4.199819862778808,0.227,24.9947353287605,4.199879008611648,0.22712000000000018,24.875205403852533
2024-11-04 18:02:09,4.199655568800195,0.227,25.72571420883662,4.1998724368525036,0.22712000000000018,24.90485822732082
2024-11-04 18:02:09,4.199819862778808,0.227,25.72571420883662,4.199865865093348,0.22708000000000017,24.934511050789116
2024-11-04 18:02:10,4.199655568800195,0.227,24.2430730354219,4.199859293334203,0.22704000000000019,24.934511050789112
2024-11-04 18:02:10,4.199655568800195,0.227,25.72571420883662,4.199846149815902,0.22700000000000017,24.94913062839064
2024-11-04 18:02:10,4.200477038696013,0.227,25.72571420883662,4.199898723889103,0.22700000000000017,24.963750205992163
2024-11-04 18:02:10,4.199655568800195,0.227,24.2430730354219,4.199879008611635,0.22700000000000017,24.948716960125388
2024-11-04 18:02:11,4.20014845073686,0.227,24.9947353287605,4.199885580370802,0.22700000000000017,24.93409738252387
2024-11-04 18:02:11,4.199984156757696,0.226,25.72571420883662,4.199905295648236,0.2269600000000002,24.93409738252387
2024-11-04 18:02:11,4.199491274821859,0.226,24.9947353287605,4.199898723889103,0.2269200000000002,24.934097382523873
2024-11-04 18:02:11,4.199655568800195,0.226,24.9947353287605,4.199885580370802,0.22688000000000025,24.94913062839064
2024-11-04 18:02:12,4.199655568800195,0.227,25.72571420883662,4.199872436852502,0.22688000000000025,24.94913062839063
2024-11-04 18:02:12,4.20014845073686,0.227,24.9947353287605,4.199872436852503,0.22688000000000025,24.979637402467183
2024-11-04 18:02:12,4.199819862778808,0.227,25.72571420883662,4.1998987238890155,0.22688000000000025,25.009290225935484
2024-11-04 18:02:12,4.199819862778808,0.227,26.437220450515156,4.199885580370694,0.22688000000000025,25.053173174237354
2024-11-04 18:02:13,4.199984156757696,0.227,24.2430730354219,4.1998921521298485,0.22688000000000025,25.03813992837058
2024-11-04 18:02:13,4.200312744716299,0.227,26.437220450515156,4.199905295648192,0.2268800000000002,25.066989630805676
2024-11-04 18:02:13,4.199984156757696,0.227,23.469396624933097,4.199911867407348,0.22688000000000016,25.021863279127597
2024-11-04 18:02:13,4.199326980843797,0.227,24.9947353287605,4.199885580370792,0.22688000000000014,25.036896524994372
2024-11-04 18:02:14,4.20014845073686,0.227,25.72571420883662,4.199911867407391,0.22688000000000014,25.036896524994372
2024-11-04 18:02:14,4.199655568800195,0.226,25.72571420883662,4.19987900861156,0.22684000000000015,25.036896524994372
2024-11-04 18:02:14,4.199984156757696,0.226,24.2430730354219,4.199865865093215,0.22680000000000017,25.021863279127597
2024-11-04 18:02:14,4.199819862778808,0.226,24.2430730354219,4.199865865093216,0.22676000000000018,25.0218632791276
2024-11-04 18:02:15,4.20014845073686,0.226,23.469396624933097,4.199879008611537,0.22672000000000023,24.991356505051048
2024-11-04 18:02:15,4.200477038696013,0.226,24.2430730354219,4.199892152129904,0.22668000000000027,24.961703681582758
2024-11-04 18:02:15,4.200312744716299,0.226,27.13035904417916,4.199911867407404,0.22664000000000029,25.004416155891125
2024-11-04 18:02:15,4.199819862778808,0.226,24.2430730354219,4.199918439166549,0.22660000000000036,24.96053320758927
2024-11-04 18:02:16,4.199819862778808,0.226,23.469396624933097,4.199918439166549,0.22656000000000034,24.887313959204352
2024-11-04 18:02:16,4.199984156757696,0.226,24.2430730354219,4.199931582684847,0.22652000000000033,24.902787487414127
2024-11-04 18:02:16,4.199655568800195,0.226,24.2430730354219,4.199931582684847,0.22648000000000032,24.934204171058504
2024-11-04 18:02:16,4.200477038696013,0.226,25.72571420883662,4.199931582684849,0.2264400000000003,24.948823748660026
2024-11-04 18:02:17,4.199984156757696,0.226,24.2430730354219,4.199944726203148,0.2264000000000003,24.93379050279325
2024-11-04 18:02:17,4.200312744716299,0.226,22.672238853203226,4.1999512979623255,0.22636000000000028,24.88734057328211
2024-11-04 18:02:17,4.199984156757696,0.226,23.469396624933097,4.1999512979623255,0.22636000000000023,24.856833799205557
2024-11-04 18:02:17,4.199491274821859,0.226,24.9947353287605,4.1999512979623255,0.22636000000000023,24.842214221604035
2024-11-04 18:02:18,4.199819862778808,0.226,25.72571420883662,4.19995786972147,0.22636000000000023,24.8873405732821
2024-11-04 18:02:18,4.199819862778808,0.226,24.9947353287605,4.199964441480614,0.22632000000000022,24.87272099568058
2024-11-04 18:02:18,4.20014845073686,0.226,26.437220450515156,4.199964441480615,0.22628000000000026,24.901570698115666
2024-11-04 18:02:18,4.199819862778808,0.226,21.84997632024192,4.199964441480615,0.22624000000000025,24.869182292021847
2024-11-04 18:02:19,4.199655568800195,0.226,24.2430730354219,4.19995786972147,0.22620000000000026,24.839529468553554
2024-11-04 18:02:19,4.20014845073686,0.226,25.72571420883662,4.1999644414806365,0.22616000000000025,24.900598975666217
2024-11-04 18:02:19,4.20014845073686,0.226,24.9947353287605,4.19995786972146,0.22612000000000024,24.885979398064695
2024-11-04 18:02:19,4.20014845073686,0.227,24.2430730354219,4.199964441480627,0.22612000000000024,24.87094615219792
2024-11-04 18:02:20,4.199819862778808,0.227,27.13035904417916,4.199984156758027,0.2261200000000002,24.92869187237307
2024-11-04 18:02:20,4.199819862778808,0.227,24.9947353287605,4.199971013239704,0.2261200000000002,24.95919864644962
2024-11-04 18:02:20,4.20014845073686,0.227,24.9947353287605,4.199990728517171,0.22616000000000017,24.944579068848103
2024-11-04 18:02:20,4.20014845073686,0.226,27.13035904417916,4.199997300276338,0.22616000000000017,24.972671965554955
2024-11-04 18:02:21,4.199655568800195,0.226,24.9947353287605,4.199990728517192,0.22616000000000017,24.987705211421723
2024-11-04 18:02:21,4.199984156757696,0.226,24.9947353287605,4.199984156758026,0.22616000000000017,24.9730856338202
2024-11-04 18:02:21,4.20014845073686,0.226,25.72571420883662,4.199971013239661,0.22616000000000017,24.987705211421726
2024-11-04 18:02:21,4.20014845073686,0.226,23.469396624933097,4.199964441480483,0.22616000000000022,24.957198437345173
2024-11-04 18:02:22,4.199819862778808,0.226,26.437220450515156,4.199964441480484,0.22616000000000025,24.971428562178744
2024-11-04 18:02:22,4.200312744716299,0.226,25.72571420883662,4.199984156757982,0.22616000000000028,24.971428562178733
2024-11-04 18:02:22,4.199984156757696,0.226,23.469396624933097,4.199984156757982,0.2261600000000003,24.955955033968962
2024-11-04 18:02:22,4.199819862778808,0.226,25.72571420883662,4.199990728517127,0.2261600000000003,24.955955033968966
2024-11-04 18:02:23,4.20014845073686,0.226,27.80614130216054,4.19997758499876,0.2261600000000003,24.99756357583544
2024-11-04 18:02:23,4.20014845073686,0.226,23.469396624933097,4.199984156757928,0.2261600000000003,24.982090047625665
2024-11-04 18:02:23,4.199819862778808,0.226,26.437220450515156,4.199964441480429,0.2261600000000003,25.010939750060754
2024-11-04 18:02:23,4.199655568800195,0.226,24.9947353287605,4.199951297962127,0.22616000000000028,24.99632017245923
2024-11-04 18:02:24,4.199655568800195,0.226,24.9947353287605,4.199957869721261,0.22616000000000028,24.996320172459235
2024-11-04 18:02:24,4.20014845073686,0.226,27.13035904417916,4.199971013239582,0.22616000000000025,25.039032646767605
2024-11-04 18:02:24,4.199162686866011,0.226,25.72571420883662,4.1999447262030705,0.22616000000000025,25.03903264676761
2024-11-04 18:02:24,4.199984156757696,0.226,24.9947353287605,4.199938154443904,0.22616000000000025,25.039032646767613
2024-11-04 18:02:25,4.200805626656267,0.226,25.72571420883662,4.199977584999002,0.22616000000000025,25.03903264676761
2024-11-04 18:02:25,4.200312744716299,0.226,24.2430730354219,4.200003872035646,0.22616000000000025,24.995149698465752
2024-11-04 18:02:25,4.200477038696013,0.226,25.72571420883662,4.200017015554013,0.22616000000000025,25.024802521934042
2024-11-04 18:02:25,4.20014845073686,0.226,25.72571420883662,4.200017015554012,0.22616000000000025,25.010572397100468
2024-11-04 18:02:26,4.20014845073686,0.226,24.9947353287605,4.200017015554013,0.22612000000000024,25.04107917117702
2024-11-04 18:02:26,4.199655568800195,0.226,25.72571420883662,4.200010443794868,0.22608000000000025,25.05569874877854
2024-11-04 18:02:26,4.200477038696013,0.226,24.9947353287605,4.200036730831557,0.22604000000000024,25.04107917117702
2024-11-04 18:02:26,4.200312744716299,0.226,24.9947353287605,4.200043302590734,0.22600000000000026,25.0264595935755
2024-11-04 18:02:27,4.20014845073686,0.226,24.9947353287605,4.200043302590734,0.22600000000000026,25.041492839442267
2024-11-04 18:02:27,4.199984156757696,0.226,24.9947353287605,4.200056446109034,0.22600000000000026,25.05652608530904
2024-11-04 18:02:27,4.199655568800195,0.226,25.72571420883662,4.200043302590734,0.22600000000000026,25.101652436987106
2024-11-04 18:02:27,4.20014845073686,0.226,25.72571420883662,4.200043302590734,0.22600000000000026,25.131305260455402
2024-11-04 18:02:28,4.199655568800195,0.226,25.72571420883662,4.200023587313266,0.22600000000000026,25.103212363748543
2024-11-04 18:02:28,4.199326980843797,0.226,24.2430730354219,4.200003872035866,0.22600000000000026,25.103212363748547
2024-11-04 18:02:28,4.199819862778808,0.226,24.2430730354219,4.199984156758367,0.22600000000000026,25.11868589195832
2024-11-04 18:02:28,4.200312744716299,0.226,23.469396624933097,4.199997300276711,0.22600000000000026,25.103212363748547
2024-11-04 18:02:29,4.199655568800195,0.226,25.72571420883662,4.199990728517566,0.22600000000000026,25.132865187216847
2024-11-04 18:02:29,4.20014845073686,0.225,27.13035904417916,4.199990728517566,0.22596000000000022,25.160958083923703
2024-11-04 18:02:29,4.199984156757696,0.225,24.9947353287605,4.1999841567584,0.22592000000000018,25.175991329790467
2024-11-04 18:02:29,4.199819862778808,0.225,24.9947353287605,4.1999841567584,0.2258800000000001,25.22244125930162
2024-11-04 18:02:30,4.20014845073686,0.225,26.437220450515156,4.200003872035867,0.22584000000000007,25.281797735813253
2024-11-04 18:02:30,4.200312744716299,0.225,26.437220450515156,4.200030159072511,0.22580000000000003,25.310647438248353
2024-11-04 18:02:30,4.199819862778808,0.225,24.2430730354219,4.200017015554189,0.22575999999999996,25.28099461478006
2024-11-04 18:02:30,4.20014845073686,0.225,25.72571420883662,4.200056446109023,0.22571999999999992,25.29561419238158
2024-11-04 18:02:31,4.20014845073686,0.225,24.9947353287605,4.20006301786819,0.2256799999999999,25.266764489946485
2024-11-04 18:02:31,4.20014845073686,0.225,26.437220450515156,4.200036730831414,0.2256399999999999,25.358509372551953
2024-11-04 18:02:31,4.199984156757696,0.225,24.9947353287605,4.20002358731307,0.22559999999999988,25.37354261841873
2024-11-04 18:02:31,4.20014845073686,0.225,24.2430730354219,4.200010443794704,0.22555999999999987,25.343889794950428
2024-11-04 18:02:32,4.200477038696013,0.226,27.13035904417916,4.20002358731307,0.2255599999999999,25.386602269258805
2024-11-04 18:02:32,4.199984156757696,0.226,24.9947353287605,4.200017015553904,0.22555999999999993,25.401635515125573
2024-11-04 18:02:32,4.199655568800195,0.226,25.72571420883662,4.200017015553904,0.22555999999999998,25.373542618418725
2024-11-04 18:02:32,4.199655568800195,0.226,24.9947353287605,4.19998415675807,0.22556,25.373542618418718
2024-11-04 18:02:33,4.200312744716299,0.226,24.2430730354219,4.19998415675807,0.22556000000000004,25.358509372551943
2024-11-04 18:02:33,4.200312744716299,0.225,24.2430730354219,4.199990728517247,0.22552000000000003,25.300763652376805
2024-11-04 18:02:33,4.200477038696013,0.225,23.469396624933097,4.20001044379478,0.22548,25.27025687830026
2024-11-04 18:02:33,4.199984156757696,0.226,25.72571420883662,4.20002358731308,0.22548000000000004,25.284876455901777
2024-11-04 18:02:34,4.200312744716299,0.226,24.2430730354219,4.200030159072257,0.22548000000000004,25.255223632433484
2024-11-04 18:02:34,4.20014845073686,0.226,24.9947353287605,4.200049874349723,0.2254800000000001,25.28573040651003
2024-11-04 18:02:34,4.199655568800195,0.225,26.437220450515156,4.200063017867978,0.22544000000000003,25.285730406510037
2024-11-04 18:02:34,4.200477038696013,0.225,27.13035904417916,4.200089304904667,0.22540000000000002,25.313823303216893
2024-11-04 18:02:35,4.199819862778808,0.225,24.2430730354219,4.200069589627168,0.22536,25.329296831426664
2024-11-04 18:02:35,4.199819862778808,0.225,27.13035904417916,4.200076161386313,0.22532,25.357389728133516
2024-11-04 18:02:35,4.199984156757696,0.225,24.2430730354219,4.200069589627147,0.22531999999999996,25.286128362798745
2024-11-04 18:02:35,4.200312744716299,0.225,23.469396624933097,4.200082733145491,0.22531999999999994,25.286128362798742
2024-11-04 18:02:36,4.20014845073686,0.225,25.72571420883662,4.200095876663813,0.22531999999999988,25.27189823796517
2024-11-04 18:02:36,4.20014845073686,0.225,26.437220450515156,4.200095876663813,0.22531999999999988,25.30074794040027
2024-11-04 18:02:36,4.200312744716299,0.225,25.72571420883662,4.200095876663813,0.22531999999999985,25.315367518001786
2024-11-04 18:02:36,4.200312744716299,0.225,24.9947353287605,4.200115591941312,0.22531999999999985,25.272655043693415
2024-11-04 18:02:37,4.199819862778808,0.226,25.72571420883662,4.2001024484229905,0.22535999999999987,25.272655043693412
2024-11-04 18:02:37,4.20014845073686,0.226,24.9947353287605,4.20010244842299,0.22539999999999993,25.27265504369341
2024-11-04 18:02:37,4.200312744716299,0.225,26.437220450515156,4.2001090201821665,0.22539999999999993,25.28688516852698
2024-11-04 18:02:37,4.200477038696013,0.225,24.2430730354219,4.200128735459701,0.22539999999999993,25.286885168526982
2024-11-04 18:02:38,4.200477038696013,0.225,25.72571420883662,4.200141878978067,0.22539999999999993,25.28688516852698
2024-11-04 18:02:38,4.20014845073686,0.225,22.672238853203226,4.200128735459701,0.22535999999999987,25.225815661414313
2024-11-04 18:02:38,4.199819862778808,0.225,24.2430730354219,4.200122163700545,0.22531999999999988,25.210782415547545
2024-11-04 18:02:38,4.20014845073686,0.225,24.9947353287605,4.2001418789780125,0.22527999999999984,25.196162837946016
2024-11-04 18:02:39,4.199819862778808,0.225,25.72571420883662,4.200148450737157,0.22523999999999983,25.210782415547538
2024-11-04 18:02:39,4.20014845073686,0.225,22.672238853203226,4.2001418789779805,0.22519999999999982,25.164332486036397
2024-11-04 18:02:39,4.199819862778808,0.225,24.9947353287605,4.200122163700481,0.22519999999999982,25.1643324860364
2024-11-04 18:02:39,4.20014845073686,0.225,24.2430730354219,4.200109020182115,0.22519999999999982,25.149299240169626
2024-11-04 18:02:40,4.199655568800195,0.225,25.72571420883662,4.200095876663815,0.22515999999999983,25.14929924016963
2024-11-04 18:02:40,4.199819862778808,0.225,24.2430730354219,4.200076161386315,0.22511999999999982,25.11964641670133
2024-11-04 18:02:40,4.20014845073686,0.225,24.9947353287605,4.200076161386314,0.2250799999999998,25.10502683909981
2024-11-04 18:02:40,4.20014845073686,0.225,24.9947353287605,4.200095876663781,0.2250799999999998,25.120060084966575
2024-11-04 18:02:41,4.200312744716299,0.225,25.72571420883662,4.2000893049045915,0.2250799999999998,25.149712908434875
2024-11-04 18:02:41,4.200477038696013,0.225,26.437220450515156,4.20011559194128,0.2250799999999998,25.209069384946517
2024-11-04 18:02:41,4.200312744716299,0.225,23.469396624933097,4.20013530721878,0.22507999999999978,25.163943033268446
2024-11-04 18:02:41,4.199984156757696,0.225,23.469396624933097,4.200135307218779,0.22507999999999978,25.09072378488353
2024-11-04 18:02:42,4.199984156757696,0.225,24.2430730354219,4.200122163700435,0.22507999999999978,25.075690539016755
2024-11-04 18:02:42,4.200477038696013,0.225,24.2430730354219,4.200135307218802,0.22507999999999978,25.06065729314998
2024-11-04 18:02:42,4.200805626656267,0.225,26.437220450515156,4.200161594255579,0.22507999999999978,25.06065729314998
2024-11-04 18:02:42,4.20014845073686,0.224,26.437220450515156,4.200155022496401,0.22503999999999982,25.06065729314998
2024-11-04 18:02:43,4.200312744716299,0.224,24.9947353287605,4.2001550224964,0.22499999999999987,25.075690539016755
2024-11-04 18:02:43,4.200477038696013,0.224,25.72571420883662,4.2001813095330895,0.22491999999999987,25.075690539016758
2024-11-04 18:02:43,4.20014845073686,0.225,23.469396624933097,4.2001813095330895,0.22487999999999986,25.045183764940205
2024-11-04 18:02:43,4.20014845073686,0.225,23.469396624933097,4.200174737773912,0.22487999999999986,24.985827288428563
2024-11-04 18:02:44,4.199984156757696,0.225,24.2430730354219,4.200155022496379,0.22487999999999986,24.97079404256179
2024-11-04 18:02:44,4.200312744716299,0.225,24.9947353287605,4.20014845073719,0.22487999999999986,24.985827288428563
2024-11-04 18:02:44,4.199819862778808,0.224,24.2430730354219,4.200135307218868,0.22483999999999987,24.928081568253415
2024-11-04 18:02:44,4.199819862778808,0.224,24.2430730354219,4.200135307218868,0.2247999999999999,24.913048322386647
2024-11-04 18:02:45,4.20014845073686,0.224,24.2430730354219,4.200135307218867,0.22475999999999993,24.883395498918347
2024-11-04 18:02:45,4.200641332676002,0.224,25.72571420883662,4.200168166014755,0.22471999999999995,24.89801507651988
2024-11-04 18:02:45,4.199819862778808,0.224,24.2430730354219,4.200155022496435,0.22467999999999996,24.898015076519883
2024-11-04 18:02:45,4.200312744716299,0.224,24.9947353287605,4.200174737773932,0.22463999999999998,24.913048322386647
2024-11-04 18:02:46,4.199819862778808,0.224,24.9947353287605,4.2001615942556105,0.22460000000000002,24.9435550964632
2024-11-04 18:02:46,4.200312744716299,0.224,24.2430730354219,4.200187881292255,0.22456000000000004,24.9139022729949
2024-11-04 18:02:46,4.20014845073686,0.224,24.2430730354219,4.2002010248105766,0.22452000000000005,24.913902272994907
2024-11-04 18:02:46,4.200312744716299,0.224,22.672238853203226,4.200207596569754,0.22448000000000004,24.867452343483755
2024-11-04 18:02:47,4.200641332676002,0.224,25.72571420883662,4.20022731184732,0.22444000000000006,24.85322221865018
2024-11-04 18:02:47,4.200805626656267,0.224,26.437220450515156,4.200247027124919,0.22440000000000004,24.839359446776907
2024-11-04 18:02:47,4.200312744716299,0.224,25.72571420883662,4.20024045536573,0.22436000000000006,24.869012270245204
2024-11-04 18:02:47,4.199819862778808,0.224,27.13035904417916,4.20022074008823,0.2243200000000001,24.869012270245197
2024-11-04 18:02:48,4.200805626656267,0.224,24.9947353287605,4.200253598884173,0.22428000000000012,24.884045516111975
2024-11-04 18:02:48,4.199984156757696,0.224,24.9947353287605,4.200253598884173,0.22424000000000013,24.914552290188517
2024-11-04 18:02:48,4.199984156757696,0.224,26.437220450515156,4.20023388360664,0.22420000000000012,24.928782415022088
2024-11-04 18:02:48,4.199655568800195,0.224,24.2430730354219,4.200187881292397,0.22416000000000014,24.88489946672022
2024-11-04 18:02:49,4.20014845073686,0.224,24.9947353287605,4.200187881292397,0.22416000000000014,24.870279889118702
2024-11-04 18:02:49,4.200641332676002,0.224,24.9947353287605,4.200201024810786,0.22416000000000014,24.870279889118695
2024-11-04 18:02:49,4.199984156757696,0.224,23.469396624933097,4.200181309533253,0.22416000000000014,24.825153537440627
2024-11-04 18:02:49,4.200312744716299,0.224,26.437220450515156,4.200187881292431,0.22412000000000018,24.854003239875727
2024-11-04 18:02:50,4.200312744716299,0.224,25.72571420883662,4.2001944530516075,0.22408000000000017,24.839773115042153
2024-11-04 18:02:50,4.200312744716299,0.224,26.437220450515156,4.2002075965699515,0.22404000000000013,24.883656063344024
2024-11-04 18:02:50,4.20014845073686,0.224,22.672238853203226,4.200201024810774,0.22400000000000017,24.82258655623135
2024-11-04 18:02:50,4.20014845073686,0.224,23.469396624933097,4.200214168329096,0.22400000000000017,24.838529711665952
2024-11-04 18:02:51,4.200312744716299,0.224,24.2430730354219,4.200233883606595,0.22400000000000017,24.838529711665945
2024-11-04 18:02:51,4.20014845073686,0.224,24.9947353287605,4.200233883606596,0.22400000000000017,24.838529711665952
2024-11-04 18:02:51,4.200477038696013,0.224,24.9947353287605,4.200227311847397,0.22400000000000017,24.82391013406443
2024-11-04 18:02:51,4.20014845073686,0.224,26.437220450515156,4.200240455365718,0.22400000000000017,24.899209766010664
2024-11-04 18:02:52,4.200477038696013,0.224,24.2430730354219,4.200247027124907,0.22400000000000017,24.88417652014389
2024-11-04 18:02:52,4.20014845073686,0.224,23.469396624933097,4.20026017064323,0.22400000000000017,24.868702991934114
2024-11-04 18:02:52,4.200969920636808,0.224,27.13035904417916,4.2002864576800505,0.22400000000000017,24.896795888640966
2024-11-04 18:02:52,4.20014845073686,0.224,24.2430730354219,4.200286457680051,0.22400000000000017,24.896795888640963
2024-11-04 18:02:53,4.200641332676002,0.224,25.72571420883662,4.20029960119844,0.22400000000000017,24.911415466242488
2024-11-04 18:02:53,4.200312744716299,0.224,24.9947353287605,4.200286457680051,0.22400000000000017,24.911415466242484
2024-11-04 18:02:53,4.20014845073686,0.224,25.72571420883662,4.200260170643276,0.22400000000000017,24.911415466242488
2024-11-04 18:02:53,4.20014845073686,0.224,25.72571420883662,4.200253598884099,0.22400000000000017,24.897185341408914
2024-11-04 18:02:54,4.20014845073686,0.224,25.72571420883662,4.20026674240242,0.22400000000000017,24.942311693086985
2024-11-04 18:02:54,4.199819862778808,0.224,24.2430730354219,4.200227311847321,0.22400000000000017,24.95778522129676
2024-11-04 18:02:54,4.20014845073686,0.224,24.9947353287605,4.200233883606487,0.22400000000000017,24.972818467163535
2024-11-04 18:02:54,4.200641332676002,0.224,25.72571420883662,4.20026017064322,0.22400000000000017,25.00247129063182
2024-11-04 18:02:55,4.20014845073686,0.224,24.9947353287605,4.200279885920687,0.22400000000000017,24.973621588196725
2024-11-04 18:02:55,4.20014845073686,0.224,24.2430730354219,4.200279885920687,0.22400000000000017,24.929738639894857
2024-11-04 18:02:55,4.200312744716299,0.224,25.72571420883662,4.200266742402298,0.22400000000000017,24.944358217496383
2024-11-04 18:02:55,4.200312744716299,0.224,24.2430730354219,4.200279885920642,0.22400000000000017,24.914705394028093
2024-11-04 18:02:56,4.20014845073686,0.224,23.469396624933097,4.200273314161465,0.22400000000000017,24.914705394028097
2024-11-04 18:02:56,4.200477038696013,0.224,24.2430730354219,4.200279885920653,0.22400000000000017,24.93017892223788
2024-11-04 18:02:56,4.200477038696013,0.224,24.9947353287605,4.200286457679843,0.22400000000000017,24.945212168104646
2024-11-04 18:02:56,4.200641332676002,0.224,23.469396624933097,4.200306172957409,0.22400000000000017,24.9147053940281
2024-11-04 18:02:57,4.200641332676002,0.223,24.2430730354219,4.200325888234975,0.2239600000000002,24.914705394028097
2024-11-04 18:02:57,4.200641332676002,0.223,24.2430730354219,4.200339031753363,0.2239200000000002,24.9147053940281
2024-11-04 18:02:57,4.200312744716299,0.224,26.437220450515156,4.20034560351254,0.2239200000000002,24.958588342329968
2024-11-04 18:02:57,4.199984156757696,0.224,23.469396624933097,4.200325888235007,0.2239200000000002,24.91346199065189
2024-11-04 18:02:58,4.200641332676002,0.223,26.437220450515156,4.200345603512574,0.22388000000000022,24.957344938953756
2024-11-04 18:02:58,4.200477038696013,0.223,24.9947353287605,4.200345603512575,0.22384000000000026,24.95734493895376
2024-11-04 18:02:58,4.200312744716299,0.223,24.2430730354219,4.200352175271751,0.22380000000000028,24.942311693086985
2024-11-04 18:02:58,4.199819862778808,0.224,23.469396624933097,4.200306172957431,0.22380000000000025,24.926838164877214
2024-11-04 18:02:59,4.199655568800195,0.224,22.672238853203226,4.2002864576799634,0.2238000000000002,24.895421481232834
2024-11-04 18:02:59,4.200641332676002,0.224,24.2430730354219,4.200286457679963,0.2238000000000002,24.926838164877214
2024-11-04 18:02:59,4.199819862778808,0.224,25.72571420883662,4.200266742402463,0.2238000000000002,24.926838164877218
2024-11-04 18:02:59,4.200312744716299,0.224,26.437220450515156,4.20027331416164,0.22380000000000017,24.926838164877218
2024-11-04 18:03:00,4.20014845073686,0.223,25.72571420883662,4.20027331416164,0.22376000000000015,24.926838164877207
2024-11-04 18:03:00,4.200312744716299,0.223,23.469396624933097,4.200279885920818,0.22372000000000014,24.85361891649229
2024-11-04 18:03:00,4.20014845073686,0.223,23.469396624933097,4.2002930294391385,0.22368000000000016,24.823112142415738
2024-11-04 18:03:00,4.20014845073686,0.223,25.72571420883662,4.2002930294391385,0.22364000000000017,24.837731720017263
2024-11-04 18:03:01,4.200477038696013,0.223,24.9947353287605,4.20028645767994,0.22360000000000022,24.808882017582167
2024-11-04 18:03:01,4.200477038696013,0.223,24.9947353287605,4.2002996011983065,0.22356000000000023,24.823915263448942
2024-11-04 18:03:01,4.200477038696013,0.223,24.9947353287605,4.2003127447166735,0.22352000000000025,24.82391526344894
2024-11-04 18:03:01,4.199984156757696,0.223,24.9947353287605,4.200299601198328,0.22348000000000023,24.823915263448942
2024-11-04 18:03:02,4.200641332676002,0.223,26.437220450515156,4.200312744716717,0.22344000000000025,24.883271739960584
2024-11-04 18:03:02,4.200312744716299,0.223,24.9947353287605,4.200319316475895,0.22340000000000024,24.854422037525495
2024-11-04 18:03:02,4.200477038696013,0.223,25.72571420883662,4.200319316475896,0.22336000000000023,24.85442203752549
2024-11-04 18:03:02,4.200641332676002,0.223,26.437220450515156,4.2003258882350964,0.2233200000000002,24.854422037525502
2024-11-04 18:03:03,4.200805626656267,0.223,24.9947353287605,4.200332459994307,0.2232800000000002,24.900871967036643
2024-11-04 18:03:03,4.200312744716299,0.223,23.469396624933097,4.200319316475918,0.2232800000000002,24.900871967036647
2024-11-04 18:03:03,4.200312744716299,0.223,25.72571420883662,4.200306172957529,0.2232800000000002,24.930524790504933
2024-11-04 18:03:03,4.200805626656267,0.223,24.9947353287605,4.200325888235127,0.2232400000000002,24.930524790504936
2024-11-04 18:03:04,4.200477038696013,0.223,24.2430730354219,4.20034560351266,0.2232000000000002,24.91549154463816
2024-11-04 18:03:04,4.200312744716299,0.223,23.469396624933097,4.200332459994271,0.22320000000000018,24.85613506812652
2024-11-04 18:03:04,4.200477038696013,0.223,24.9947353287605,4.200332459994271,0.22320000000000018,24.871168313993284
2024-11-04 18:03:04,4.20014845073686,0.223,25.72571420883662,4.200325888235094,0.22320000000000015,24.91629466567136
2024-11-04 18:03:05,4.200477038696013,0.223,23.469396624933097,4.200352175271782,0.22316000000000016,24.843075417286443
2024-11-04 18:03:05,4.200312744716299,0.223,21.84997632024192,4.200378462308425,0.22312000000000015,24.795213482982835
2024-11-04 18:03:05,4.200312744716299,0.223,24.2430730354219,4.200365318790037,0.22308000000000014,24.765560659514545
2024-11-04 18:03:05,4.20014845073686,0.223,26.437220450515156,4.200378462308359,0.22304000000000015,24.79441036194964
2024-11-04 18:03:06,4.200641332676002,0.223,24.9947353287605,4.2003916058267485,0.22300000000000014,24.779790784348112
2024-11-04 18:03:06,4.200312744716299,0.223,24.9947353287605,4.200398177585925,0.22300000000000014,24.76517120674659
2024-11-04 18:03:06,4.200477038696013,0.223,24.9947353287605,4.200404749345114,0.22300000000000014,24.750551629145072
2024-11-04 18:03:06,4.200477038696013,0.223,25.72571420883662,4.200417892863481,0.22300000000000014,24.78020445261336
2024-11-04 18:03:07,4.20014845073686,0.223,24.2430730354219,4.200417892863481,0.22300000000000014,24.765171206746594
2024-11-04 18:03:07,4.200805626656267,0.223,24.2430730354219,4.20043103638189,0.22300000000000014,24.735518383278293
2024-11-04 18:03:07,4.200477038696013,0.223,24.2430730354219,4.20043103638189,0.22300000000000014,24.72048513741153
2024-11-04 18:03:07,4.199819862778808,0.223,26.437220450515156,4.200404749345203,0.22300000000000014,24.764368085713397
2024-11-04 18:03:08,4.20014845073686,0.223,26.437220450515156,4.20041132110437,0.22300000000000014,24.77859821054696
2024-11-04 18:03:08,4.200312744716299,0.223,24.9947353287605,4.200398177585982,0.22300000000000014,24.793631456413735
2024-11-04 18:03:08,4.200477038696013,0.223,24.2430730354219,4.200404749345171,0.22300000000000014,24.80910498462351
2024-11-04 18:03:08,4.200477038696013,0.223,23.469396624933097,4.2004047493451715,0.22300000000000014,24.793631456413735
2024-11-04 18:03:09,4.200641332676002,0.223,25.72571420883662,4.200404749345171,0.22300000000000014,24.808251034015267
2024-11-04 18:03:09,4.200477038696013,0.223,25.72571420883662,4.200391605826761,0.22300000000000014,24.853377385693328
2024-11-04 18:03:09,4.200477038696013,0.223,23.469396624933097,4.20039817758595,0.22300000000000014,24.837903857483557
2024-11-04 18:03:09,4.200641332676002,0.223,24.9947353287605,4.200411321104338,0.22300000000000014,24.852937103350325
2024-11-04 18:03:10,4.20014845073686,0.223,24.2430730354219,4.200385034067562,0.22300000000000014,24.809054155048457
2024-11-04 18:03:10,4.200641332676002,0.223,25.72571420883662,4.200391605826762,0.22300000000000014,24.854180506726536
2024-11-04 18:03:10,4.20014845073686,0.223,23.469396624933097,4.200385034067584,0.22300000000000014,24.79482403021489
2024-11-04 18:03:10,4.200477038696013,0.223,25.72571420883662,4.200385034067585,0.22300000000000014,24.809443607816412
2024-11-04 18:03:11,4.20014845073686,0.223,25.72571420883662,4.200385034067585,0.22300000000000014,24.839096431284705
2024-11-04 18:03:11,4.200641332676002,0.222,22.672238853203226,4.200391605826784,0.2229600000000001,24.823153275850114
2024-11-04 18:03:11,4.20014845073686,0.222,25.72571420883662,4.200385034067606,0.22292000000000006,24.88422278296278
2024-11-04 18:03:11,4.200477038696013,0.223,25.72571420883662,4.200391605826796,0.22292000000000006,24.913875606431073
2024-11-04 18:03:12,4.200477038696013,0.223,25.72571420883662,4.200404749345161,0.22292000000000006,24.913875606431073
2024-11-04 18:03:12,4.200477038696013,0.223,24.2430730354219,4.200398177585961,0.22292000000000006,24.86999265812921
2024-11-04 18:03:12,4.200477038696013,0.223,24.9947353287605,4.20040474934515,0.22292000000000006,24.85537308052768
2024-11-04 18:03:12,4.200641332676002,0.223,25.72571420883662,4.200411321104349,0.22292000000000006,24.900499432205752
2024-11-04 18:03:13,4.200477038696013,0.223,27.13035904417916,4.20041132110435,0.22292000000000012,24.973718680590668
2024-11-04 18:03:13,4.200477038696013,0.223,24.9947353287605,4.200424464622716,0.2229200000000002,24.95909910298915
2024-11-04 18:03:13,4.200477038696013,0.223,24.9947353287605,4.200411321104307,0.2229200000000002,24.959099102989153
2024-11-04 18:03:13,4.20014845073686,0.223,23.469396624933097,4.20039817758594,0.2229200000000002,24.9285923289126
2024-11-04 18:03:14,4.199984156757696,0.223,24.9947353287605,4.200404749345096,0.2229200000000002,24.928592328912604
2024-11-04 18:03:14,4.200477038696013,0.223,25.72571420883662,4.200417892863461,0.2229200000000002,24.943211906514133
2024-11-04 18:03:14,4.200477038696013,0.223,24.9947353287605,4.20042446462265,0.2229200000000002,24.91436220407904
2024-11-04 18:03:14,4.199819862778808,0.223,23.469396624933097,4.200398177585961,0.2229200000000002,24.883855430002487
2024-11-04 18:03:15,4.200312744716299,0.223,27.13035904417916,4.200391605826772,0.2229200000000002,24.91194832670933
2024-11-04 18:03:15,4.200805626656267,0.222,25.72571420883662,4.200398177585981,0.22288000000000013,24.89771820187577
2024-11-04 18:03:15,4.200477038696013,0.222,23.469396624933097,4.200398177585981,0.22284000000000007,24.867211427799216
2024-11-04 18:03:15,4.200805626656267,0.222,27.13035904417916,4.20041132110439,0.2228,24.940430676184143
2024-11-04 18:03:16,4.200477038696013,0.222,24.9947353287605,4.200404749345191,0.22275999999999996,24.925811098582614
2024-11-04 18:03:16,4.200312744716299,0.222,24.9947353287605,4.200411321104369,0.22271999999999992,24.925811098582617
2024-11-04 18:03:16,4.200477038696013,0.222,25.72571420883662,4.20040474934517,0.22267999999999988,24.955463922050903
2024-11-04 18:03:16,4.200805626656267,0.222,23.469396624933097,4.2004310363819455,0.2226399999999998,24.955463922050907
2024-11-04 18:03:17,4.200477038696013,0.223,24.9947353287605,4.2004310363819455,0.22263999999999984,24.955463922050903
2024-11-04 18:03:17,4.200312744716299,0.223,24.9947353287605,4.200437608141122,0.22263999999999992,24.940844344449385
2024-11-04 18:03:17,4.200477038696013,0.223,24.9947353287605,4.200431036381924,0.22268000000000002,24.971351118525934
2024-11-04 18:03:17,4.20014845073686,0.223,24.9947353287605,4.200431036381924,0.22272000000000008,25.034246298696303
2024-11-04 18:03:18,4.199984156757696,0.223,24.2430730354219,4.200411321104391,0.22272000000000017,25.034246298696306
2024-11-04 18:03:18,4.200641332676002,0.222,25.72571420883662,4.200417892863591,0.22268000000000018,25.020016173862732
2024-11-04 18:03:18,4.200312744716299,0.222,25.72571420883662,4.200411321104402,0.2226400000000002,25.034635751464247
2024-11-04 18:03:18,4.200477038696013,0.222,24.9947353287605,4.2004113211044025,0.22260000000000016,25.03463575146425
2024-11-04 18:03:19,4.200641332676002,0.222,24.2430730354219,4.2004113211044025,0.22256000000000012,25.019602505597486
2024-11-04 18:03:19,4.200805626656267,0.222,25.72571420883662,4.200424464622812,0.22252000000000005,25.019602505597486
2024-11-04 18:03:19,4.200969920636808,0.222,25.72571420883662,4.200444179900444,0.22247999999999998,25.049255329065772
2024-11-04 18:03:19,4.200805626656267,0.222,26.437220450515156,4.2004573234188545,0.22243999999999992,25.093138277367643
2024-11-04 18:03:20,4.200477038696013,0.222,23.469396624933097,4.20047046693722,0.2223999999999999,25.077664749157872
2024-11-04 18:03:20,4.200477038696013,0.222,25.72571420883662,4.200490182214754,0.2223599999999999,25.06343462432429
2024-11-04 18:03:20,4.200477038696013,0.222,25.72571420883662,4.200490182214754,0.22231999999999988,25.049204499490724
2024-11-04 18:03:20,4.200477038696013,0.222,24.9947353287605,4.200490182214754,0.22227999999999992,25.049204499490727
2024-11-04 18:03:21,4.200969920636808,0.222,24.9947353287605,4.200536184529073,0.22223999999999994,25.064237745357495
2024-11-04 18:03:21,4.200312744716299,0.222,24.9947353287605,4.200536184529073,0.22219999999999995,25.094744519434048
2024-11-04 18:03:21,4.200477038696013,0.222,25.72571420883662,4.200523041010663,0.22219999999999995,25.09474451943405
2024-11-04 18:03:21,4.200312744716299,0.222,24.9947353287605,4.2005164692514745,0.22219999999999998,25.080124941832523
2024-11-04 18:03:22,4.200641332676002,0.222,26.437220450515156,4.200509897492265,0.22219999999999998,25.139481418344168
2024-11-04 18:03:22,4.199984156757696,0.222,24.9947353287605,4.200490182214732,0.22219999999999998,25.13948141834416
2024-11-04 18:03:22,4.200641332676002,0.222,25.72571420883662,4.20050332573312,0.22219999999999998,25.16913424181246
2024-11-04 18:03:22,4.200641332676002,0.222,24.2430730354219,4.200509897492319,0.22220000000000004,25.13948141834417
2024-11-04 18:03:23,4.200641332676002,0.222,24.9947353287605,4.200503325733108,0.22220000000000004,25.169988192420714
2024-11-04 18:03:23,4.200641332676002,0.222,24.9947353287605,4.200509897492307,0.22216000000000002,25.155368614819196
2024-11-04 18:03:23,4.201134214617624,0.222,26.437220450515156,4.200542756288361,0.22212000000000004,25.169598739652756
2024-11-04 18:03:23,4.200477038696013,0.222,23.469396624933097,4.200542756288362,0.22208000000000003,25.185541895087358
2024-11-04 18:03:24,4.200312744716299,0.222,25.72571420883662,4.200549328047539,0.22204000000000002,25.18554189508736
2024-11-04 18:03:24,4.200641332676002,0.222,23.469396624933097,4.200575615084272,0.22200000000000003,25.140415543409294
2024-11-04 18:03:24,4.200641332676002,0.222,24.2430730354219,4.200575615084273,0.22200000000000003,25.110762719940993
2024-11-04 18:03:24,4.200805626656267,0.222,27.80614130216054,4.200595330361871,0.22200000000000003,25.18202408527577
2024-11-04 18:03:25,4.200805626656267,0.222,26.437220450515156,4.200608473880281,0.22200000000000003,25.21087378771087
2024-11-04 18:03:25,4.200312744716299,0.222,25.72571420883662,4.2005953303618915,0.22200000000000003,25.210873787710863
2024-11-04 18:03:25,4.200312744716299,0.222,24.9947353287605,4.200575615084292,0.22200000000000003,25.168161313402493
2024-11-04 18:03:25,4.200805626656267,0.222,25.72571420883662,4.2005690433250695,0.22200000000000003,25.182780891004015
2024-11-04 18:03:26,4.200477038696013,0.221,23.469396624933097,4.20055589980666,0.22196000000000005,25.15227411692746
2024-11-04 18:03:26,4.200805626656267,0.221,25.72571420883662,4.2005690433250695,0.22192000000000006,25.197400468605537
2024-11-04 18:03:26,4.200805626656267,0.222,25.72571420883662,4.20058218684348,0.22192000000000006,25.212020046207055
2024-11-04 18:03:26,4.200805626656267,0.222,24.9947353287605,4.20059533036189,0.22192000000000006,25.197400468605533
2024-11-04 18:03:27,4.20014845073686,0.222,24.9947353287605,4.200582186843523,0.22192000000000006,25.19740046860553
2024-11-04 18:03:27,4.200641332676002,0.222,25.72571420883662,4.200569043325092,0.22192000000000006,25.2425268202836
2024-11-04 18:03:27,4.200641332676002,0.222,25.72571420883662,4.20058218684348,0.22192000000000003,25.214433923576745
2024-11-04 18:03:27,4.200477038696013,0.221,24.2430730354219,4.200582186843481,0.22188000000000002,25.184781100108452
2024-11-04 18:03:28,4.200312744716299,0.221,23.469396624933097,4.200582186843481,0.22184000000000004,25.184781100108456
2024-11-04 18:03:28,4.200805626656267,0.222,24.9947353287605,4.2005887586026915,0.22184000000000004,25.14206862580008
2024-11-04 18:03:28,4.200969920636808,0.222,23.469396624933097,4.200628189157856,0.22184000000000004,25.111561851723536
2024-11-04 18:03:28,4.200805626656267,0.221,26.437220450515156,4.200634760917065,0.22180000000000008,25.14041155415863
2024-11-04 18:03:29,4.200477038696013,0.221,24.9947353287605,4.200628189157867,0.2217600000000001,25.125791976557107
2024-11-04 18:03:29,4.200805626656267,0.221,24.2430730354219,4.200634760917077,0.22172000000000008,25.141265504766878
2024-11-04 18:03:29,4.201134214617624,0.221,25.72571420883662,4.2006544761947415,0.22168000000000007,25.155885082368403
2024-11-04 18:03:29,4.200477038696013,0.221,24.9947353287605,4.200628189157877,0.2216400000000001,25.15588508236841
2024-11-04 18:03:30,4.200805626656267,0.222,25.72571420883662,4.200641332676287,0.2216400000000001,25.17050465996993
2024-11-04 18:03:30,4.200641332676002,0.222,24.2430730354219,4.200654476194675,0.2216400000000001,25.155471414103154
2024-11-04 18:03:30,4.200477038696013,0.222,23.469396624933097,4.200647904435478,0.22164000000000006,25.13999788589338
2024-11-04 18:03:30,4.200805626656267,0.221,26.437220450515156,4.200654476194687,0.22160000000000005,25.154228010726957
2024-11-04 18:03:31,4.200477038696013,0.221,22.672238853203226,4.200641332676279,0.22156000000000003,25.09315850361428
2024-11-04 18:03:31,4.200641332676002,0.221,27.80614130216054,4.200634760917068,0.22152000000000002,25.149386623082286
2024-11-04 18:03:31,4.200312744716299,0.221,25.72571420883662,4.200634760917067,0.22148000000000004,25.179039446550586
2024-11-04 18:03:31,4.200641332676002,0.222,25.72571420883662,4.200647904435455,0.22148000000000004,25.17903944655058
2024-11-04 18:03:32,4.200641332676002,0.222,21.84997632024192,4.200641332676246,0.22148000000000007,25.101524688778685
2024-11-04 18:03:32,4.200805626656267,0.222,24.2430730354219,4.200654476194655,0.22152000000000005,25.05764174047682
2024-11-04 18:03:32,4.200805626656267,0.221,24.9947353287605,4.200654476194655,0.22152000000000002,25.088148514553364
2024-11-04 18:03:32,4.200805626656267,0.221,24.9947353287605,4.2006544761946545,0.22148000000000004,25.073528936951842
2024-11-04 18:03:33,4.200477038696013,0.221,24.9947353287605,4.200641332676245,0.22144000000000003,25.058909359350324
2024-11-04 18:03:33,4.200641332676002,0.221,27.13035904417916,4.200661047953811,0.22140000000000004,25.10162183365869
2024-11-04 18:03:33,4.200641332676002,0.221,25.72571420883662,4.200661047953811,0.2213600000000001,25.11624141126021
2024-11-04 18:03:33,4.201134214617624,0.221,26.437220450515156,4.200680763231475,0.22132000000000013,25.145091113695308
2024-11-04 18:03:34,4.200641332676002,0.221,25.72571420883662,4.2006873349906755,0.22132000000000013,25.145091113695308
2024-11-04 18:03:34,4.200477038696013,0.221,25.72571420883662,4.200693906749864,0.22132000000000013,25.159710691296834
2024-11-04 18:03:34,4.200805626656267,0.221,24.2430730354219,4.200693906749864,0.22128000000000006,25.115827742994966
2024-11-04 18:03:34,4.200312744716299,0.221,24.9947353287605,4.200667619713043,0.2212400000000001,25.115827742994963
2024-11-04 18:03:35,4.200641332676002,0.221,24.2430730354219,4.200661047953833,0.2212400000000001,25.08617491952667
2024-11-04 18:03:35,4.200969920636808,0.221,24.2430730354219,4.200680763231464,0.2212400000000001,25.086174919526673
2024-11-04 18:03:35,4.200477038696013,0.221,24.9947353287605,4.2006676197130535,0.2212400000000001,25.08617491952667
2024-11-04 18:03:35,4.200312744716299,0.221,24.9947353287605,4.200634760917,0.2212400000000001,25.086174919526673
2024-11-04 18:03:36,4.200477038696013,0.221,24.9947353287605,4.200634760917,0.22124000000000005,25.05732521709158
2024-11-04 18:03:36,4.200641332676002,0.221,24.2430730354219,4.20062818915779,0.22120000000000004,25.072798745301363
2024-11-04 18:03:36,4.200477038696013,0.221,23.469396624933097,4.200621617398591,0.22116000000000002,25.027672393623288
2024-11-04 18:03:36,4.201627096561725,0.221,24.9947353287605,4.20066761971322,0.22112000000000007,25.058179167699837
2024-11-04 18:03:37,4.200969920636808,0.221,24.9947353287605,4.200674191472441,0.22112000000000007,25.07321241356661
2024-11-04 18:03:37,4.200641332676002,0.221,25.72571420883662,4.200680763231642,0.22112000000000007,25.031603871700128
2024-11-04 18:03:37,4.200641332676002,0.221,24.9947353287605,4.200680763231642,0.22112000000000007,25.00275416926504
2024-11-04 18:03:37,4.200641332676002,0.221,24.9947353287605,4.200693906750031,0.22112000000000007,24.98813459166351
2024-11-04 18:03:38,4.200641332676002,0.221,22.672238853203226,4.200693906750031,0.22108000000000008,24.94168466215237
2024-11-04 18:03:38,4.201134214617624,0.221,26.437220450515156,4.2007136220276955,0.22104000000000007,24.95591478698594
2024-11-04 18:03:38,4.200805626656267,0.221,23.469396624933097,4.200713622027695,0.22100000000000006,24.955914786985936
2024-11-04 18:03:38,4.200477038696013,0.221,23.469396624933097,4.200700478509285,0.22100000000000006,24.910788435307868
2024-11-04 18:03:39,4.200477038696013,0.221,23.469396624933097,4.200687334990874,0.22100000000000006,24.8656620836298
2024-11-04 18:03:39,4.200477038696013,0.221,24.9947353287605,4.200687334990874,0.22100000000000006,24.865662083629797
2024-11-04 18:03:39,4.201462802580083,0.221,24.2430730354219,4.200720193787038,0.22100000000000006,24.85062883776303
2024-11-04 18:03:39,4.200969920636808,0.221,23.469396624933097,4.20073333730547,0.22100000000000006,24.80550248608495
2024-11-04 18:03:40,4.200805626656267,0.221,24.2430730354219,4.200720193787015,0.22100000000000006,24.775849662616668
2024-11-04 18:03:40,4.200969920636808,0.221,24.2430730354219,4.200733337305446,0.22100000000000006,24.775849662616665
2024-11-04 18:03:40,4.200641332676002,0.221,24.2430730354219,4.200739909064646,0.22100000000000006,24.791323190826443
2024-11-04 18:03:40,4.200969920636808,0.221,27.13035904417916,4.200746480823868,0.22100000000000006,24.834035665134817
2024-11-04 18:03:41,4.200805626656267,0.221,24.2430730354219,4.200766196101466,0.22100000000000006,24.84950919334459
2024-11-04 18:03:41,4.20014845073686,0.221,24.9947353287605,4.2007464808239,0.22100000000000006,24.8206594909095
2024-11-04 18:03:41,4.200641332676002,0.221,24.9947353287605,4.200733337305468,0.22100000000000006,24.820659490909502
2024-11-04 18:03:41,4.200641332676002,0.221,24.2430730354219,4.2007399090646675,0.22100000000000006,24.820659490909502
2024-11-04 18:03:42,4.200969920636808,0.221,24.9947353287605,4.200766196101487,0.22100000000000006,24.806039913307977
2024-11-04 18:03:42,4.200641332676002,0.221,24.9947353287605,4.200772767860688,0.22100000000000006,24.806039913307977
2024-11-04 18:03:42,4.200969920636808,0.221,24.2430730354219,4.200785911379119,0.22100000000000006,24.77638708983968
2024-11-04 18:03:42,4.200805626656267,0.221,24.9947353287605,4.200799054897529,0.22100000000000006,24.79142033570645
2024-11-04 18:03:43,4.200805626656267,0.221,25.72571420883662,4.200766196101312,0.22100000000000006,24.836546687384526
2024-11-04 18:03:43,4.201134214617624,0.221,24.2430730354219,4.200772767860545,0.22100000000000006,24.79266373908266
2024-11-04 18:03:43,4.200641332676002,0.221,26.437220450515156,4.200772767860545,0.22100000000000006,24.8679633710289
2024-11-04 18:03:43,4.201462802580083,0.221,25.72571420883662,4.200805626656709,0.22100000000000006,24.82635482916242
2024-11-04 18:03:44,4.200969920636808,0.221,24.9947353287605,4.20081877017514,0.22100000000000006,24.81173525156089
2024-11-04 18:03:44,4.200477038696013,0.221,26.437220450515156,4.200812198415941,0.22100000000000006,24.82596537639446
2024-11-04 18:03:44,4.201134214617624,0.221,24.2430730354219,4.200812198415941,0.22100000000000006,24.873827310698058
2024-11-04 18:03:44,4.201134214617624,0.221,27.13035904417916,4.200825341934393,0.22100000000000006,24.931573030873206
2024-11-04 18:03:45,4.200641332676002,0.22,25.72571420883662,4.200831913693594,0.22096000000000007,24.946192608474732
2024-11-04 18:03:45,4.200969920636808,0.22,25.72571420883662,4.2008516289712245,0.2209200000000001,24.960812186076247
2024-11-04 18:03:45,4.200805626656267,0.221,22.672238853203226,4.200864772489635,0.2209200000000001,24.914362256565106
2024-11-04 18:03:45,4.201462802580083,0.221,26.437220450515156,4.200864772489637,0.2209200000000001,24.900499484691828
2024-11-04 18:03:46,4.200805626656267,0.221,24.2430730354219,4.200858200730414,0.2209200000000001,24.870846661223528
2024-11-04 18:03:46,4.201298508598716,0.221,23.469396624933097,4.200877916008111,0.2209200000000001,24.811490184711893
2024-11-04 18:03:46,4.200641332676002,0.221,24.9947353287605,4.2008647724896795,0.2209200000000001,24.796870607110364
2024-11-04 18:03:46,4.201298508598716,0.221,27.80614130216054,4.200891059526588,0.22092000000000006,24.838479148976845
2024-11-04 18:03:47,4.200969920636808,0.221,23.469396624933097,4.200891059526588,0.22092000000000003,24.82300562076707
2024-11-04 18:03:47,4.201462802580083,0.221,26.437220450515156,4.200917346563542,0.22092000000000003,24.851855323202173
2024-11-04 18:03:47,4.201134214617624,0.221,24.2430730354219,4.200956777118773,0.22092000000000003,24.851855323202166
2024-11-04 18:03:47,4.201134214617624,0.221,27.13035904417916,4.200976492396437,0.22092000000000003,24.909601043377315
2024-11-04 18:03:48,4.201134214617624,0.221,24.2430730354219,4.200996207674101,0.22092000000000003,24.89456779751054
2024-11-04 18:03:48,4.200969920636808,0.221,24.2430730354219,4.2009962076741,0.22092000000000003,24.879534551643765
2024-11-04 18:03:48,4.200477038696013,0.22,26.437220450515156,4.2009896359149,0.22088000000000005,24.908384254078854
2024-11-04 18:03:48,4.200805626656267,0.22,25.72571420883662,4.200983064155679,0.2208400000000001,24.93803707754715
2024-11-04 18:03:49,4.200641332676002,0.22,24.2430730354219,4.200976492396467,0.22080000000000014,24.953510605756925
2024-11-04 18:03:49,4.200641332676002,0.22,21.84997632024192,4.200969920637258,0.22076000000000015,24.890615425586557
2024-11-04 18:03:49,4.200969920636808,0.22,24.9947353287605,4.200963348878025,0.22072000000000017,24.890615425586553
2024-11-04 18:03:49,4.200477038696013,0.22,26.437220450515156,4.200956777118826,0.22068000000000018,24.904845550420124
2024-11-04 18:03:50,4.200641332676002,0.22,25.72571420883662,4.200923918322664,0.22064000000000022,24.91946512802164
2024-11-04 18:03:50,4.201134214617624,0.22,27.13035904417916,4.200930490081897,0.2206000000000002,24.962177602330016
2024-11-04 18:03:50,4.201134214617624,0.22,24.9947353287605,4.200956777118762,0.2205600000000002,25.008627531841157
2024-11-04 18:03:50,4.201134214617624,0.22,25.72571420883662,4.200956777118761,0.22052000000000016,24.99439740700759
2024-11-04 18:03:51,4.20014845073686,0.22,25.72571420883662,4.200917346563531,0.22048000000000015,25.039523758685664
2024-11-04 18:03:51,4.200805626656267,0.22,25.72571420883662,4.200923918322741,0.22048000000000015,25.08465011036373
2024-11-04 18:03:51,4.200805626656267,0.22,24.9947353287605,4.200917346563518,0.22048000000000012,25.11515688444028
2024-11-04 18:03:51,4.200805626656267,0.22,25.72571420883662,4.200917346563518,0.2204400000000001,25.1297764620418
2024-11-04 18:03:52,4.200641332676002,0.22,25.72571420883662,4.200884487767355,0.2204000000000001,25.159429285510097
2024-11-04 18:03:52,4.200969920636808,0.22,25.72571420883662,4.200891059526575,0.2203600000000001,25.204555637188168
2024-11-04 18:03:52,4.200805626656267,0.22,23.469396624933097,4.200871344248878,0.2203200000000001,25.189082108978386
2024-11-04 18:03:52,4.200969920636808,0.22,27.80614130216054,4.2008844877673095,0.22028000000000014,25.260343474313164
2024-11-04 18:03:53,4.200969920636808,0.22,24.2430730354219,4.200871344248834,0.2202400000000001,25.260343474313167
2024-11-04 18:03:53,4.201298508598716,0.22,24.9947353287605,4.20088448776731,0.22020000000000015,25.2176310000048
2024-11-04 18:03:53,4.201134214617624,0.22,23.469396624933097,4.200871344248811,0.22016000000000013,25.20215747179502
2024-11-04 18:03:53,4.200805626656267,0.22,24.9947353287605,4.200858200730357,0.22012000000000012,25.20215747179501
2024-11-04 18:03:54,4.201298508598716,0.22,25.72571420883662,4.200864772489601,0.22008000000000014,25.21677704939654
2024-11-04 18:03:54,4.200641332676002,0.22,25.72571420883662,4.200845057211937,0.22004000000000012,25.246429872864837
2024-11-04 18:03:54,4.200969920636808,0.22,22.672238853203226,4.200845057211935,0.2200000000000001,25.199979943353696
2024-11-04 18:03:54,4.200805626656267,0.22,24.9947353287605,4.200858200730346,0.2200000000000001,25.199979943353693
2024-11-04 18:03:55,4.200641332676002,0.219,24.2430730354219,4.200851628971136,0.21996000000000004,25.199979943353696
2024-11-04 18:03:55,4.200641332676002,0.219,24.9947353287605,4.2008516289711375,0.21992,25.199979943353693
2024-11-04 18:03:55,4.200969920636808,0.22,24.9947353287605,4.200864772489569,0.21992,25.18536036575217
2024-11-04 18:03:55,4.200477038696013,0.22,26.437220450515156,4.2008450572119385,0.21992,25.229243314054028
2024-11-04 18:03:56,4.201298508598716,0.22,25.72571420883662,4.200877916008047,0.21992,25.215013189220464
2024-11-04 18:03:56,4.201134214617624,0.22,26.437220450515156,4.200897631285711,0.21992,25.229243314054028
2024-11-04 18:03:56,4.200805626656267,0.22,27.13035904417916,4.200884487767256,0.21992000000000003,25.271955788362405
2024-11-04 18:03:56,4.200805626656267,0.22,24.9947353287605,4.200871344248802,0.21992000000000012,25.243106085927312
2024-11-04 18:03:57,4.200969920636808,0.22,24.9947353287605,4.200864772489569,0.21992000000000014,25.258139331794087
2024-11-04 18:03:57,4.201134214617624,0.22,25.72571420883662,4.200904203044799,0.21992000000000014,25.230046435087242
2024-11-04 18:03:57,4.200477038696013,0.22,24.9947353287605,4.200891059526389,0.21992000000000014,25.215426857485713
2024-11-04 18:03:57,4.201462802580083,0.22,26.437220450515156,4.200917346563342,0.21992000000000014,25.229656982319284
2024-11-04 18:03:58,4.200805626656267,0.22,24.2430730354219,4.200917346563342,0.21992000000000014,25.261073665963654
2024-11-04 18:03:58,4.200641332676002,0.22,26.437220450515156,4.200917346563342,0.21992000000000014,25.261073665963657
2024-11-04 18:03:58,4.200969920636808,0.22,24.2430730354219,4.200917346563342,0.21992000000000014,25.261073665963654
2024-11-04 18:03:58,4.201134214617624,0.22,23.469396624933097,4.200930490081796,0.21992000000000014,25.26107366596365
2024-11-04 18:03:59,4.200477038696013,0.219,23.469396624933097,4.200910774804165,0.21988000000000008,25.230566891887108
2024-11-04 18:03:59,4.200477038696013,0.219,26.437220450515156,4.200891059526533,0.21983999999999998,25.203188474854198
2024-11-04 18:03:59,4.201627096561725,0.219,27.13035904417916,4.200904203045055,0.21979999999999994,25.27640772323912
2024-11-04 18:03:59,4.201134214617624,0.22,23.469396624933097,4.200904203045054,0.21979999999999994,25.21705124672748
2024-11-04 18:04:00,4.201134214617624,0.22,24.9947353287605,4.200917346563508,0.21979999999999997,25.232084492594254
2024-11-04 18:04:00,4.201134214617624,0.22,25.72571420883662,4.200910774804264,0.21979999999999997,25.203991595887402
2024-11-04 18:04:00,4.201462802580083,0.22,25.72571420883662,4.200943633600428,0.2198,25.233644419355695
2024-11-04 18:04:00,4.200641332676002,0.219,26.437220450515156,4.200930490081996,0.21976000000000004,25.27752736765756
2024-11-04 18:04:01,4.201134214617624,0.219,24.2430730354219,4.200943633600449,0.21972000000000005,25.233644419355702
2024-11-04 18:04:01,4.201298508598716,0.219,24.2430730354219,4.200969920637359,0.21972000000000005,25.203991595887402
2024-11-04 18:04:01,4.201298508598716,0.219,21.84997632024192,4.200996207674266,0.21971999999999997,25.156129661583805
2024-11-04 18:04:01,4.200641332676002,0.219,24.9947353287605,4.200983064155834,0.21967999999999993,25.219024841754173
2024-11-04 18:04:02,4.200805626656267,0.219,24.9947353287605,4.200996207674244,0.2196399999999999,25.219024841754177
2024-11-04 18:04:02,4.200969920636808,0.219,24.2430730354219,4.200983064155768,0.21959999999999988,25.17514189345231
2024-11-04 18:04:02,4.200805626656267,0.219,24.9947353287605,4.200969920637314,0.2195599999999999,25.16052231585079
2024-11-04 18:04:02,4.201134214617624,0.219,25.72571420883662,4.200983064155768,0.2195199999999999,25.132429419143946
2024-11-04 18:04:03,4.200641332676002,0.219,25.72571420883662,4.200976492396558,0.2194799999999999,25.14704899674546
2024-11-04 18:04:03,4.201627096561725,0.219,24.9947353287605,4.201002779433554,0.21943999999999989,25.132429419143932
2024-11-04 18:04:03,4.201134214617624,0.219,24.2430730354219,4.201002779433554,0.21939999999999987,25.102776595675643
2024-11-04 18:04:03,4.200641332676002,0.219,24.9947353287605,4.201009351192755,0.2193599999999999,25.08815701807412
2024-11-04 18:04:04,4.201134214617624,0.219,24.9947353287605,4.2009962076742555,0.2193199999999999,25.088157018074117
2024-11-04 18:04:04,4.200969920636808,0.219,23.469396624933097,4.201002779433476,0.21927999999999997,25.04303066639605
2024-11-04 18:04:04,4.201298508598716,0.219,24.2430730354219,4.201029066470385,0.21924,25.013377842927756
2024-11-04 18:04:04,4.200805626656267,0.219,25.72571420883662,4.201022494711164,0.21919999999999998,25.013377842927756
2024-11-04 18:04:05,4.200805626656267,0.219,24.9947353287605,4.201009351192709,0.21915999999999997,25.043884617004302
2024-11-04 18:04:05,4.201134214617624,0.219,24.9947353287605,4.201035638229573,0.21915999999999994,24.98765649753631
2024-11-04 18:04:05,4.200805626656267,0.219,25.72571420883662,4.201048781747983,0.21915999999999994,25.017309321004596
2024-11-04 18:04:05,4.201134214617624,0.219,25.72571420883662,4.201029066470218,0.21915999999999994,25.03192889860612
2024-11-04 18:04:06,4.200477038696013,0.219,24.9947353287605,4.201002779433354,0.21911999999999993,25.062435672682664
2024-11-04 18:04:06,4.201298508598716,0.219,23.469396624933097,4.2010093511925986,0.21907999999999994,25.03192889860612
2024-11-04 18:04:06,4.200477038696013,0.219,23.469396624933097,4.200983064155735,0.21903999999999993,24.986802546928043
2024-11-04 18:04:06,4.200641332676002,0.218,27.13035904417916,4.200950205359572,0.21895999999999996,25.014895443634895
2024-11-04 18:04:07,4.200969920636808,0.218,24.9947353287605,4.200963348878004,0.21892,25.061345373146047
2024-11-04 18:04:07,4.200969920636808,0.218,22.672238853203226,4.200956777118771,0.21888000000000002,25.014895443634906
2024-11-04 18:04:07,4.201134214617624,0.218,25.72571420883662,4.200950205359527,0.21884000000000003,25.044548267103192
2024-11-04 18:04:07,4.201298508598716,0.218,24.9947353287605,4.200950205359527,0.21880000000000005,25.044548267103195
2024-11-04 18:04:08,4.201298508598716,0.218,25.72571420883662,4.200976492396435,0.2187600000000001,25.059167844704717
2024-11-04 18:04:08,4.200805626656267,0.218,24.2430730354219,4.200976492396435,0.2187200000000001,25.01528489640286
2024-11-04 18:04:08,4.200805626656267,0.218,24.9947353287605,4.200969920637213,0.2186800000000001,25.000665318801328
2024-11-04 18:04:08,4.201298508598716,0.218,24.2430730354219,4.200989635914911,0.21864000000000008,24.956782370499464
2024-11-04 18:04:09,4.200969920636808,0.218,24.2430730354219,4.200983064155678,0.21860000000000007,24.899036650324323
2024-11-04 18:04:09,4.200477038696013,0.218,23.469396624933097,4.200976492396478,0.21856000000000006,24.86852987624777
2024-11-04 18:04:09,4.200969920636808,0.218,27.13035904417916,4.200950205359481,0.21852000000000005,24.91124235055615
2024-11-04 18:04:09,4.200969920636808,0.217,24.2430730354219,4.200943633600249,0.21844000000000005,24.881589527087858
2024-11-04 18:04:10,4.200312744716299,0.217,23.469396624933097,4.200930490081861,0.21836000000000005,24.851082753011305
2024-11-04 18:04:10,4.200969920636808,0.218,22.672238853203226,4.200923918322628,0.21832000000000004,24.775783121065064
2024-11-04 18:04:10,4.200969920636808,0.218,25.72571420883662,4.200923918322628,0.21828000000000003,24.805435944533357
2024-11-04 18:04:10,4.200477038696013,0.218,25.72571420883662,4.200891059526521,0.21824000000000002,24.79120581969979
2024-11-04 18:04:11,4.200641332676002,0.217,27.13035904417916,4.20088448776731,0.21816000000000005,24.84895153987493
2024-11-04 18:04:11,4.200641332676002,0.217,24.9947353287605,4.2008779160081,0.21808000000000008,24.87945831395148
2024-11-04 18:04:11,4.200805626656267,0.217,22.672238853203226,4.200864772489646,0.21800000000000005,24.86351515851688
2024-11-04 18:04:11,4.200641332676002,0.217,25.72571420883662,4.200858200730434,0.21792000000000006,24.84928503368331
2024-11-04 18:04:12,4.20014845073686,0.217,25.72571420883662,4.200818770175206,0.21784000000000006,24.82119213697646
2024-11-04 18:04:12,4.200312744716299,0.217,24.9947353287605,4.200812198416018,0.2177600000000001,24.851698911053013
2024-11-04 18:04:12,4.200969920636808,0.217,25.72571420883662,4.200799054897541,0.21768000000000012,24.86631848865453
2024-11-04 18:04:12,4.200312744716299,0.217,23.469396624933097,4.200792483138352,0.2176000000000001,24.821192136976464
2024-11-04 18:04:13,4.200477038696013,0.217,24.9947353287605,4.200785911379154,0.2175600000000001,24.806572559374946
2024-11-04 18:04:13,4.200969920636808,0.217,23.469396624933097,4.200785911379153,0.21752000000000005,24.7472160828633
2024-11-04 18:04:13,4.201134214617624,0.217,24.9947353287605,4.200792483138384,0.21748000000000003,24.762249328730068
2024-11-04 18:04:13,4.201298508598716,0.217,24.9947353287605,4.200799054897629,0.21744000000000008,24.777282574596843
2024-11-04 18:04:14,4.200969920636808,0.217,27.80614130216054,4.200785911379151,0.21740000000000007,24.89640587423522
2024-11-04 18:04:14,4.200641332676002,0.217,26.437220450515156,4.200759624342242,0.21736000000000005,24.925255576670306
2024-11-04 18:04:14,4.200805626656267,0.217,24.9947353287605,4.200759624342242,0.21732000000000004,24.92525557667031
2024-11-04 18:04:14,4.200641332676002,0.217,25.72571420883662,4.200753052583033,0.21728000000000003,24.95490840013861
2024-11-04 18:04:15,4.200805626656267,0.217,24.9947353287605,4.200733337305334,0.21724,24.954908400138606
2024-11-04 18:04:15,4.201134214617624,0.217,25.72571420883662,4.200739909064567,0.21720000000000003,24.95490840013861
2024-11-04 18:04:15,4.200641332676002,0.217,25.72571420883662,4.200746480823767,0.21716000000000002,24.954908400138603
2024-11-04 18:04:15,4.200641332676002,0.217,24.2430730354219,4.200733337305336,0.21712000000000004,24.939875154271835
2024-11-04 18:04:16,4.200477038696013,0.217,24.2430730354219,4.200713622027705,0.21712000000000004,24.93987515427184
2024-11-04 18:04:16,4.200641332676002,0.217,24.9947353287605,4.2007267655460945,0.21712000000000004,24.939875154271828
2024-11-04 18:04:16,4.200805626656267,0.217,24.9947353287605,4.200720193786872,0.21708000000000002,24.93987515427183
2024-11-04 18:04:16,4.20014845073686,0.217,24.9947353287605,4.2006873349908735,0.21704000000000004,24.970381928348374
2024-11-04 18:04:17,4.200969920636808,0.217,24.9947353287605,4.200707050268505,0.21700000000000003,24.98541517421515
2024-11-04 18:04:17,4.200477038696013,0.217,23.469396624933097,4.200700478509305,0.21700000000000003,24.94028882253708
2024-11-04 18:04:17,4.200805626656267,0.217,24.9947353287605,4.200707050268517,0.21700000000000003,24.940288822537077
2024-11-04 18:04:17,4.201134214617624,0.217,24.9947353287605,4.200720193786971,0.21700000000000003,24.94028882253708
2024-11-04 18:04:18,4.200477038696013,0.216,25.72571420883662,4.200713622027771,0.21696,24.940288822537077
2024-11-04 18:04:18,4.200477038696013,0.216,25.72571420883662,4.200726765546137,0.21691999999999992,24.940288822537077
2024-11-04 18:04:18,4.201134214617624,0.216,24.9947353287605,4.200759624342189,0.21687999999999988,24.940288822537074
2024-11-04 18:04:18,4.200805626656267,0.217,25.72571420883662,4.200753052582967,0.21687999999999988,24.98541517421515
2024-11-04 18:04:19,4.201134214617624,0.217,25.72571420883662,4.200785911379018,0.21687999999999988,25.030541525893213
2024-11-04 18:04:19,4.200477038696013,0.217,25.72571420883662,4.20078591137902,0.21687999999999988,25.002448629186365
2024-11-04 18:04:19,4.200969920636808,0.217,25.72571420883662,4.20078591137902,0.2168799999999999,25.01706820678788
2024-11-04 18:04:19,4.201134214617624,0.217,24.9947353287605,4.200785911379018,0.21688,25.06351813629903
2024-11-04 18:04:20,4.200969920636808,0.217,23.469396624933097,4.200772767860542,0.21688000000000007,25.018391784620963
2024-11-04 18:04:20,4.201134214617624,0.217,23.469396624933097,4.200779339619775,0.2168800000000001,24.98788501054441
2024-11-04 18:04:20,4.201134214617624,0.217,24.9947353287605,4.2007990548974385,0.2168800000000001,24.97326543294289
2024-11-04 18:04:20,4.200641332676002,0.217,27.80614130216054,4.200792483138229,0.2168800000000001,25.044526798277666
2024-11-04 18:04:21,4.200641332676002,0.217,25.72571420883662,4.20079248313823,0.2168800000000001,25.05914637587918
2024-11-04 18:04:21,4.201134214617624,0.217,24.9947353287605,4.200805626656683,0.2168800000000001,25.074179621745955
2024-11-04 18:04:21,4.200477038696013,0.217,25.72571420883662,4.20077933961982,0.2168800000000001,25.103832445214255
2024-11-04 18:04:21,4.200805626656267,0.217,25.72571420883662,4.20078591137903,0.2168800000000001,25.14895879689233
2024-11-04 18:04:22,4.201134214617624,0.217,23.469396624933097,4.200805626656695,0.21688000000000007,25.075739548507403
2024-11-04 18:04:22,4.201462802580083,0.217,26.437220450515156,4.200845057212059,0.21688000000000007,25.11962249680927
2024-11-04 18:04:22,4.201134214617624,0.217,24.9947353287605,4.200864772489724,0.21688000000000007,25.150129270885813
2024-11-04 18:04:22,4.200805626656267,0.217,24.9947353287605,4.200864772489724,0.21688000000000007,25.196579200396965
2024-11-04 18:04:23,4.200969920636808,0.217,24.2430730354219,4.200897631285723,0.21688000000000002,25.16692637692867
2024-11-04 18:04:23,4.201134214617624,0.217,24.9947353287605,4.200904203044954,0.21688000000000002,25.152306799327143
2024-11-04 18:04:23,4.201134214617624,0.216,25.72571420883662,4.200930490081817,0.21683999999999998,25.124213902620287
2024-11-04 18:04:23,4.200805626656267,0.216,24.9947353287605,4.200930490081817,0.21679999999999994,25.12421390262029
2024-11-04 18:04:24,4.201134214617624,0.216,24.9947353287605,4.2009304900818165,0.21675999999999987,25.17066383213144
2024-11-04 18:04:24,4.201134214617624,0.216,25.72571420883662,4.20095677711868,0.21675999999999984,25.17066383213144
2024-11-04 18:04:24,4.200641332676002,0.217,24.9947353287605,4.200963348877881,0.21679999999999983,25.15604425452992
2024-11-04 18:04:24,4.200641332676002,0.217,24.2430730354219,4.2009436336002155,0.21683999999999984,25.141011008663146
2024-11-04 18:04:25,4.200969920636808,0.217,25.72571420883662,4.2009502053594385,0.21683999999999987,25.141011008663146
2024-11-04 18:04:25,4.201134214617624,0.217,24.2430730354219,4.200950205359437,0.21683999999999995,25.156484536872917
2024-11-04 18:04:25,4.200641332676002,0.217,24.2430730354219,4.200956777118638,0.21684,25.141451291006153
2024-11-04 18:04:25,4.200969920636808,0.217,22.672238853203226,4.200956777118638,0.2168400000000001,25.12550813557155
2024-11-04 18:04:26,4.201627096561725,0.217,25.72571420883662,4.2009764923964035,0.21684000000000012,25.14012771317308
2024-11-04 18:04:26,4.200969920636808,0.217,24.2430730354219,4.2009764923964035,0.21684000000000012,25.125094467306305
2024-11-04 18:04:26,4.201134214617624,0.217,24.2430730354219,4.2009764923964035,0.21684000000000012,25.05383310197154
2024-11-04 18:04:26,4.200641332676002,0.217,24.2430730354219,4.200956777118739,0.21684000000000012,25.009950153669674
2024-11-04 18:04:27,4.201134214617624,0.216,24.9947353287605,4.2009764923964035,0.21680000000000008,25.009950153669678
2024-11-04 18:04:27,4.200805626656267,0.216,26.437220450515156,4.200983064155613,0.21676,25.024180278503245
2024-11-04 18:04:27,4.200805626656267,0.216,24.9947353287605,4.200969920637159,0.21671999999999994,25.02418027850324
2024-11-04 18:04:27,4.200969920636808,0.216,26.437220450515156,4.20098963591479,0.21667999999999987,25.038410403336812
2024-11-04 18:04:28,4.200969920636808,0.216,25.72571420883662,4.200996207674011,0.2166399999999998,25.038410403336812
2024-11-04 18:04:28,4.200641332676002,0.216,24.9947353287605,4.2009764923963475,0.21659999999999976,25.053443649203576
2024-11-04 18:04:28,4.201134214617624,0.216,23.469396624933097,4.200963348877848,0.2165599999999997,25.037970120993805
2024-11-04 18:04:28,4.200969920636808,0.216,25.72571420883662,4.200956777118615,0.2165199999999997,25.05258969859532
2024-11-04 18:04:29,4.201462802580083,0.216,26.437220450515156,4.200983064155569,0.21647999999999976,25.08143940103042
2024-11-04 18:04:29,4.200969920636808,0.216,25.72571420883662,4.200983064155568,0.21643999999999977,25.096058978631937
2024-11-04 18:04:29,4.201462802580083,0.216,26.437220450515156,4.200996207674067,0.2163999999999998,25.124908681067037
2024-11-04 18:04:29,4.201462802580083,0.216,24.2430730354219,4.201009351192567,0.21639999999999981,25.14038220927682
2024-11-04 18:04:30,4.200969920636808,0.216,25.72571420883662,4.201015922951788,0.21639999999999981,25.155001786878337
2024-11-04 18:04:30,4.200969920636808,0.216,24.2430730354219,4.201009351192555,0.21639999999999987,25.139968541011573
2024-11-04 18:04:30,4.200805626656267,0.216,24.9947353287605,4.200996207674101,0.2163999999999999,25.12534896341005
2024-11-04 18:04:30,4.200477038696013,0.216,23.469396624933097,4.200989635914901,0.21635999999999989,25.080222611731973
2024-11-04 18:04:31,4.201791390543644,0.216,26.437220450515156,4.201035638229607,0.2163199999999999,25.10907231416706
2024-11-04 18:04:31,4.201134214617624,0.216,25.72571420883662,4.20104220998884,0.2162799999999999,25.10907231416706
2024-11-04 18:04:31,4.201298508598716,0.216,23.469396624933097,4.201048781748082,0.2162399999999999,25.063945962488994
2024-11-04 18:04:31,4.201134214617624,0.216,24.2430730354219,4.201068497025748,0.2161999999999999,25.0342931390207
2024-11-04 18:04:32,4.200969920636808,0.216,25.72571420883662,4.201068497025747,0.21615999999999994,25.034293139020694
2024-11-04 18:04:32,4.200641332676002,0.216,24.2430730354219,4.201029066470317,0.21611999999999992,25.019259893153926
2024-11-04 18:04:32,4.200477038696013,0.216,24.9947353287605,4.2010093511926865,0.21607999999999994,25.049766667230468
2024-11-04 18:04:32,4.200805626656267,0.216,26.437220450515156,4.200996207674233,0.21603999999999993,25.109123143742117
2024-11-04 18:04:33,4.200969920636808,0.216,25.72571420883662,4.201009351192665,0.21599999999999994,25.123742721343632
2024-11-04 18:04:33,4.200969920636808,0.216,23.469396624933097,4.2010027794334315,0.21599999999999994,25.037007827799084
2024-11-04 18:04:33,4.201134214617624,0.216,24.9947353287605,4.2010159229518855,0.21599999999999994,25.022388250197565
2024-11-04 18:04:33,4.201134214617624,0.216,24.2430730354219,4.2010290664703405,0.21599999999999994,25.007355004330797
2024-11-04 18:04:34,4.201134214617624,0.216,25.72571420883662,4.201035638229572,0.21599999999999994,25.007355004330794
2024-11-04 18:04:34,4.200969920636808,0.216,26.437220450515156,4.201035638229572,0.21599999999999994,25.021585129164368
2024-11-04 18:04:34,4.201134214617624,0.216,24.9947353287605,4.201055353507237,0.21599999999999994,25.05209190324091
2024-11-04 18:04:34,4.201134214617624,0.216,24.9947353287605,4.201055353507236,0.21599999999999994,25.023242200805825
2024-11-04 18:04:35,4.200641332676002,0.216,24.9947353287605,4.201042209988803,0.21599999999999994,25.02324220080582
2024-11-04 18:04:35,4.201298508598716,0.216,24.9947353287605,4.201035638229549,0.21599999999999994,25.023242200805825
2024-11-04 18:04:35,4.201298508598716,0.216,24.2430730354219,4.2010487817480255,0.21599999999999994,25.02324220080582
2024-11-04 18:04:35,4.200805626656267,0.216,26.437220450515156,4.201022494711074,0.21599999999999994,25.052091903240918
2024-11-04 18:04:36,4.201134214617624,0.216,26.437220450515156,4.2010093511925755,0.21599999999999994,25.06632202807448
2024-11-04 18:04:36,4.201134214617624,0.216,24.9947353287605,4.201015922951808,0.21599999999999994,25.066322028074488
2024-11-04 18:04:36,4.200805626656267,0.215,24.2430730354219,4.201009351192587,0.21595999999999996,25.051288782207713
2024-11-04 18:04:36,4.200969920636808,0.215,26.437220450515156,4.201015922951808,0.21592,25.065518907041287
2024-11-04 18:04:37,4.201134214617624,0.216,24.9947353287605,4.201042209988673,0.21592,25.06551890704129
2024-11-04 18:04:37,4.201298508598716,0.216,24.9947353287605,4.201022494710876,0.21592,25.08055215290806
2024-11-04 18:04:37,4.200969920636808,0.216,25.72571420883662,4.201015922951643,0.21592,25.08055215290806
2024-11-04 18:04:37,4.200969920636808,0.215,27.13035904417916,4.201002779433165,0.21588000000000002,25.138297873083207
2024-11-04 18:04:38,4.201627096561725,0.215,24.9947353287605,4.20102249471093,0.21584,25.15333111894997
2024-11-04 18:04:38,4.200477038696013,0.215,25.72571420883662,4.201002779433298,0.2158,25.214400626062634
2024-11-04 18:04:38,4.201298508598716,0.215,24.9947353287605,4.201029066470207,0.21576,25.199781048461112
2024-11-04 18:04:38,4.200969920636808,0.215,27.13035904417916,4.20104878174784,0.21572000000000002,25.25752676863626
2024-11-04 18:04:39,4.200969920636808,0.215,26.437220450515156,4.201055353507061,0.21568000000000004,25.301409716938124
2024-11-04 18:04:39,4.200969920636808,0.215,26.437220450515156,4.201055353507061,0.21564000000000003,25.345292665240002
2024-11-04 18:04:39,4.201462802580083,0.215,24.9947353287605,4.201075068784792,0.2156,25.34529266523999
2024-11-04 18:04:39,4.201298508598716,0.215,22.672238853203226,4.201081640544037,0.21556,25.26999303329376
2024-11-04 18:04:40,4.200805626656267,0.215,24.9947353287605,4.201068497025583,0.21552,25.269993033293762
2024-11-04 18:04:40,4.201134214617624,0.215,22.672238853203226,4.201068497025583,0.21547999999999998,25.19469340134752
2024-11-04 18:04:40,4.201298508598716,0.216,24.9947353287605,4.201081640544058,0.21547999999999995,25.180073823746003
2024-11-04 18:04:40,4.201134214617624,0.216,25.72571420883662,4.201081640544057,0.21547999999999992,25.19469340134752
2024-11-04 18:04:41,4.200969920636808,0.216,23.469396624933097,4.201075068784824,0.21547999999999987,25.194693401347525
2024-11-04 18:04:41,4.200805626656267,0.215,24.9947353287605,4.201081640544036,0.21543999999999985,25.180073823745996
2024-11-04 18:04:41,4.200805626656267,0.215,24.9947353287605,4.2010619252663375,0.2153999999999999,25.151224121310904
2024-11-04 18:04:41,4.200969920636808,0.215,23.469396624933097,4.201048781747861,0.21535999999999988,25.106097769632825
2024-11-04 18:04:42,4.201791390543644,0.215,26.437220450515156,4.201088212303356,0.2153199999999999,25.106097769632832
2024-11-04 18:04:42,4.201134214617624,0.215,24.9947353287605,4.201088212303355,0.21527999999999992,25.1211310154996
2024-11-04 18:04:42,4.200969920636808,0.215,24.9947353287605,4.201081640544122,0.21523999999999993,25.106511437898078
2024-11-04 18:04:42,4.200969920636808,0.215,24.9947353287605,4.201088212303343,0.21523999999999993,25.121544683764846
2024-11-04 18:04:43,4.201134214617624,0.215,24.2430730354219,4.201094784062576,0.21523999999999993,25.106511437898078
2024-11-04 18:04:43,4.200969920636808,0.215,25.72571420883662,4.201088212303343,0.21519999999999995,25.151637789576142
2024-11-04 18:04:43,4.201791390543644,0.215,25.72571420883662,4.20110792758114,0.21515999999999993,25.13740766474258
2024-11-04 18:04:43,4.201298508598716,0.215,27.80614130216054,4.201121071099617,0.21511999999999992,25.17901620660905
2024-11-04 18:04:44,4.201462802580083,0.216,26.437220450515156,4.201140786377348,0.2151599999999999,25.238372683120698
2024-11-04 18:04:44,4.201791390543644,0.216,26.437220450515156,4.201147358136626,0.2151999999999999,25.28225563142257
2024-11-04 18:04:44,4.201462802580083,0.216,26.437220450515156,4.201186788691989,0.21523999999999988,25.296485756256143
2024-11-04 18:04:44,4.201134214617624,0.215,25.72571420883662,4.201180216932746,0.21523999999999988,25.32613857972443
2024-11-04 18:04:45,4.200969920636808,0.215,24.2430730354219,4.201180216932746,0.21523999999999988,25.311105333857665
2024-11-04 18:04:45,4.200641332676002,0.215,24.2430730354219,4.2011670734143145,0.21523999999999988,25.267222385555797
2024-11-04 18:04:45,4.201298508598716,0.215,25.72571420883662,4.201180216932792,0.21523999999999988,25.267222385555797
2024-11-04 18:04:45,4.201134214617624,0.215,23.469396624933097,4.201167073414293,0.2152399999999999,25.267222385555794
2024-11-04 18:04:46,4.200805626656267,0.215,24.9947353287605,4.201147358136597,0.21523999999999993,25.267222385555797
2024-11-04 18:04:46,4.201462802580083,0.215,25.72571420883662,4.201173645173549,0.21523999999999993,25.296875209024083
2024-11-04 18:04:46,4.201134214617624,0.215,25.72571420883662,4.201173645173547,0.21523999999999993,25.296875209024073
2024-11-04 18:04:46,4.200969920636808,0.215,24.9947353287605,4.201160501655072,0.21519999999999995,25.268025506588987
2024-11-04 18:04:47,4.201791390543644,0.215,26.437220450515156,4.2011867886921115,0.21515999999999993,25.296875209024083
2024-11-04 18:04:47,4.201134214617624,0.215,25.72571420883662,4.201193360451344,0.21511999999999992,25.311494786625598
2024-11-04 18:04:47,4.201298508598716,0.215,27.80614130216054,4.201213075729043,0.21511999999999992,25.367722906093604
2024-11-04 18:04:47,4.201134214617624,0.215,24.2430730354219,4.201226219247495,0.21511999999999992,25.35268966022683
2024-11-04 18:04:48,4.200969920636808,0.215,24.9947353287605,4.201226219247495,0.21511999999999992,25.367722906093604
2024-11-04 18:04:48,4.201134214617624,0.215,24.9947353287605,4.2011999322104545,0.21511999999999992,25.33887320365851
2024-11-04 18:04:48,4.200969920636808,0.215,22.672238853203226,4.201193360451221,0.21511999999999992,25.26357357171228
2024-11-04 18:04:48,4.201298508598716,0.215,25.72571420883662,4.201206503969696,0.21511999999999992,25.278193149313793
2024-11-04 18:04:49,4.201791390543644,0.215,24.9947353287605,4.201239362765969,0.21511999999999992,25.293226395180568
2024-11-04 18:04:49,4.201627096561725,0.215,25.72571420883662,4.201259078043734,0.2151199999999999,25.278996270347008
2024-11-04 18:04:49,4.201462802580083,0.215,24.2430730354219,4.201278793321467,0.2151199999999999,25.26396302448023
2024-11-04 18:04:49,4.201134214617624,0.215,24.2430730354219,4.201252506284427,0.2151199999999999,25.248929778613466
2024-11-04 18:04:50,4.201298508598716,0.215,24.9947353287605,4.201252506284426,0.2151199999999999,25.234310201011937
2024-11-04 18:04:50,4.200641332676002,0.215,24.9947353287605,4.201219647488265,0.2150799999999999,25.191597726703566
2024-11-04 18:04:50,4.200969920636808,0.215,24.9947353287605,4.201186788691992,0.2150399999999999,25.191597726703563
2024-11-04 18:04:50,4.200805626656267,0.215,24.9947353287605,4.201160501655039,0.21499999999999989,25.17697814910204
2024-11-04 18:04:51,4.201627096561725,0.215,25.72571420883662,4.201180216932804,0.21499999999999989,25.191597726703566
2024-11-04 18:04:51,4.201627096561725,0.215,24.9947353287605,4.201206503969801,0.21499999999999989,25.14888525239518
2024-11-04 18:04:51,4.201134214617624,0.215,24.9947353287605,4.201226219247466,0.21499999999999989,25.120035549960093
2024-11-04 18:04:51,4.201462802580083,0.215,24.9947353287605,4.20123279100672,0.21499999999999989,25.091185847524997
2024-11-04 18:04:52,4.201462802580083,0.215,24.2430730354219,4.201245934525219,0.21499999999999989,25.076152601658233
2024-11-04 18:04:52,4.201134214617624,0.215,24.9947353287605,4.201259078043673,0.21499999999999989,25.122602531169374
2024-11-04 18:04:52,4.201298508598716,0.215,24.9947353287605,4.201252506284418,0.21499999999999989,25.122602531169377
2024-11-04 18:04:52,4.200641332676002,0.215,23.469396624933097,4.201232791006753,0.21499999999999989,25.13854568660398
2024-11-04 18:04:53,4.201298508598716,0.215,26.437220450515156,4.20124593452523,0.21499999999999989,25.167395389039065
2024-11-04 18:04:53,4.201627096561725,0.215,23.469396624933097,4.2012393627659534,0.21499999999999989,25.122269037360997
2024-11-04 18:04:53,4.201462802580083,0.215,24.2430730354219,4.201252506284451,0.21499999999999989,25.13774256557078
2024-11-04 18:04:53,4.200805626656267,0.215,24.9947353287605,4.2012327910067535,0.21499999999999989,25.137742565570775
2024-11-04 18:04:54,4.201134214617624,0.215,24.9947353287605,4.201232791006753,0.21499999999999989,25.13774256557078
2024-11-04 18:04:54,4.200969920636808,0.215,23.469396624933097,4.201232791006752,0.21499999999999989,25.137742565570775
2024-11-04 18:04:54,4.201791390543644,0.215,25.72571420883662,4.201259078043793,0.21499999999999989,25.123512440737205
2024-11-04 18:04:54,4.201462802580083,0.214,25.72571420883662,4.201278793321524,0.21495999999999993,25.13813201833873
2024-11-04 18:04:55,4.201134214617624,0.214,25.72571420883662,4.201272221562281,0.21491999999999994,25.152751595940245
2024-11-04 18:04:55,4.201298508598716,0.214,25.72571420883662,4.201252506284483,0.21487999999999996,25.16737117354176
2024-11-04 18:04:55,4.201462802580083,0.214,24.2430730354219,4.201245934525217,0.21483999999999998,25.167371173541763
2024-11-04 18:04:55,4.201462802580083,0.214,25.72571420883662,4.201245934525217,0.2148,25.16737117354176
2024-11-04 18:04:56,4.201462802580083,0.214,24.9947353287605,4.201259078043716,0.21476000000000003,25.15275159594024
2024-11-04 18:04:56,4.200805626656267,0.214,24.9947353287605,4.201239362766017,0.21472000000000005,25.09652347647224
2024-11-04 18:04:56,4.201298508598716,0.214,24.9947353287605,4.201265649802926,0.21468000000000007,25.067673774037143
2024-11-04 18:04:56,4.201462802580083,0.214,25.72571420883662,4.2012853650806585,0.21464000000000008,25.053443649203572
2024-11-04 18:04:57,4.200805626656267,0.214,24.2430730354219,4.201285365080659,0.21460000000000012,25.009560700901716
2024-11-04 18:04:57,4.201627096561725,0.214,24.9947353287605,4.201285365080659,0.21456000000000014,24.994941123300194
2024-11-04 18:04:57,4.200477038696013,0.214,24.9947353287605,4.201239362766032,0.21452000000000016,25.009974369166972
2024-11-04 18:04:57,4.201627096561725,0.214,26.437220450515156,4.201259078043796,0.21448000000000017,25.05385731746883
2024-11-04 18:04:58,4.201298508598716,0.214,25.72571420883662,4.201252506284541,0.2144400000000002,25.05385731746883
2024-11-04 18:04:58,4.201298508598716,0.215,24.9947353287605,4.201245934525286,0.2144400000000002,25.08436409154537
2024-11-04 18:04:58,4.201462802580083,0.215,24.2430730354219,4.201259078043784,0.2144400000000002,25.069330845678607
2024-11-04 18:04:58,4.201134214617624,0.215,24.9947353287605,4.20125250628454,0.21444000000000016,25.054711268077074
2024-11-04 18:04:59,4.201462802580083,0.214,24.9947353287605,4.201285365080704,0.2144000000000002,25.040091690475563
2024-11-04 18:04:59,4.201134214617624,0.214,25.72571420883662,4.201278793321459,0.2143600000000002,25.05471126807708
2024-11-04 18:04:59,4.201462802580083,0.214,25.72571420883662,4.201272221562194,0.2143200000000002,25.040481143243504
2024-11-04 18:04:59,4.201134214617624,0.214,23.469396624933097,4.201259078043694,0.2142800000000002,24.995354791565436
2024-11-04 18:05:00,4.201462802580083,0.214,25.72571420883662,4.201285365080647,0.2142400000000002,24.95374624969897
2024-11-04 18:05:00,4.200969920636808,0.214,25.72571420883662,4.201278793321413,0.2142000000000002,24.983399073167256
2024-11-04 18:05:00,4.201134214617624,0.214,24.9947353287605,4.201285365080646,0.21416000000000018,24.983399073167263
2024-11-04 18:05:00,4.201298508598716,0.214,24.2430730354219,4.201265649802848,0.21412000000000017,24.968365827300484
2024-11-04 18:05:01,4.201462802580083,0.214,25.72571420883662,4.201265649802849,0.21412000000000017,25.029435334413154
2024-11-04 18:05:01,4.201298508598716,0.214,24.2430730354219,4.2012722215620935,0.21412000000000017,24.999782510944854
2024-11-04 18:05:01,4.201462802580083,0.214,24.9947353287605,4.201278793321348,0.21412000000000017,24.99978251094486
2024-11-04 18:05:01,4.201134214617624,0.214,25.72571420883662,4.201265649802849,0.21412000000000017,24.99978251094486
2024-11-04 18:05:02,4.201298508598716,0.214,24.9947353287605,4.201259078043594,0.2141200000000002,25.014815756811625
2024-11-04 18:05:02,4.201791390543644,0.214,24.9947353287605,4.201272221562136,0.2141200000000002,25.029849002678404
2024-11-04 18:05:02,4.200969920636808,0.214,24.2430730354219,4.201278793321357,0.21412000000000023,25.014815756811636
2024-11-04 18:05:02,4.201462802580083,0.214,24.9947353287605,4.201285365080614,0.21412000000000023,25.014815756811632
2024-11-04 18:05:03,4.201298508598716,0.214,24.9947353287605,4.201278793321359,0.21412000000000023,25.014815756811636
2024-11-04 18:05:03,4.201298508598716,0.214,26.437220450515156,4.201298508599057,0.21412000000000023,25.04366545924672
2024-11-04 18:05:03,4.201627096561725,0.214,27.13035904417916,4.201298508599057,0.21412000000000023,25.071758355953577
2024-11-04 18:05:03,4.201134214617624,0.214,24.2430730354219,4.20132479563592,0.21412000000000023,25.0567251100868
2024-11-04 18:05:04,4.201462802580083,0.214,24.9947353287605,4.201318223876655,0.21412000000000023,25.056725110086806
2024-11-04 18:05:04,4.201462802580083,0.214,25.72571420883662,4.201324795635911,0.21412000000000023,25.071344687688335
2024-11-04 18:05:04,4.201791390543644,0.214,24.2430730354219,4.201344510913707,0.21408000000000027,25.071344687688327
2024-11-04 18:05:04,4.201134214617624,0.214,26.437220450515156,4.201331367395209,0.21404000000000026,25.100194390123423
2024-11-04 18:05:05,4.201462802580083,0.214,26.437220450515156,4.201344510913708,0.21400000000000025,25.129044092558516
2024-11-04 18:05:05,4.201627096561725,0.214,23.469396624933097,4.201351082672974,0.21400000000000025,25.12904409255852
2024-11-04 18:05:05,4.200969920636808,0.214,26.437220450515156,4.201344510913741,0.21400000000000025,25.129044092558516
2024-11-04 18:05:05,4.200805626656267,0.214,24.2430730354219,4.201318223876789,0.21400000000000025,25.144517620768287
2024-11-04 18:05:06,4.201298508598716,0.213,24.9947353287605,4.201324795636031,0.21396000000000018,25.159550866635055
2024-11-04 18:05:06,4.201134214617624,0.213,25.72571420883662,4.201311652117534,0.21392000000000014,25.17417044423658
2024-11-04 18:05:06,4.201791390543644,0.214,22.672238853203226,4.201344510913806,0.21392000000000014,25.12772051472543
2024-11-04 18:05:06,4.201298508598716,0.214,25.72571420883662,4.201351082673049,0.21392000000000014,25.172846866403507
2024-11-04 18:05:07,4.201134214617624,0.214,24.9947353287605,4.201344510913804,0.21392000000000014,25.158227288801985
2024-11-04 18:05:07,4.201298508598716,0.214,23.469396624933097,4.20133793915455,0.21392000000000014,25.11310093712391
2024-11-04 18:05:07,4.202119978508306,0.214,26.437220450515156,4.2013707979509345,0.21392000000000017,25.127331061957484
2024-11-04 18:05:07,4.201462802580083,0.214,25.72571420883662,4.2013707979509345,0.21392000000000022,25.127331061957484
2024-11-04 18:05:08,4.201134214617624,0.214,26.437220450515156,4.201370797950934,0.21392000000000022,25.171214010259344
2024-11-04 18:05:08,4.201627096561725,0.213,24.9947353287605,4.201383941469455,0.21388000000000015,25.156594432657826
2024-11-04 18:05:08,4.201298508598716,0.213,24.9947353287605,4.201364226191657,0.2138400000000001,25.15659443265783
2024-11-04 18:05:08,4.200969920636808,0.213,24.2430730354219,4.201364226191657,0.21380000000000007,25.141561186791055
2024-11-04 18:05:09,4.201462802580083,0.213,25.72571420883662,4.201364226191658,0.21376,25.156180764392573
2024-11-04 18:05:09,4.201462802580083,0.213,23.469396624933097,4.201370797950914,0.21371999999999997,25.111054412714505
2024-11-04 18:05:09,4.201627096561725,0.214,24.9947353287605,4.201383941469435,0.21371999999999997,25.126087658581284
2024-11-04 18:05:09,4.201134214617624,0.214,24.9947353287605,4.201364226191671,0.21372,25.126087658581277
2024-11-04 18:05:10,4.201462802580083,0.214,21.84997632024192,4.201377369710169,0.21372000000000008,25.06319247841091
2024-11-04 18:05:10,4.201627096561725,0.213,24.9947353287605,4.201383941469436,0.21368000000000006,25.034342775975816
2024-11-04 18:05:10,4.201462802580083,0.213,24.2430730354219,4.201383941469437,0.21364000000000005,25.004689952507515
2024-11-04 18:05:10,4.202284272491052,0.213,25.72571420883662,4.201403656747333,0.21360000000000004,25.01930953010904
2024-11-04 18:05:11,4.201627096561725,0.213,24.9947353287605,4.201423372025098,0.21355999999999997,25.034342775975816
2024-11-04 18:05:11,4.201627096561725,0.214,23.469396624933097,4.201429943784364,0.21355999999999997,25.003836001899263
2024-11-04 18:05:11,4.201627096561725,0.214,23.469396624933097,4.201429943784364,0.21355999999999997,24.97332922782272
2024-11-04 18:05:11,4.201298508598716,0.214,27.13035904417916,4.201443087302839,0.21356000000000003,25.00142212452956
2024-11-04 18:05:12,4.201627096561725,0.213,25.72571420883662,4.201475946099057,0.21352000000000002,25.001422124529572
2024-11-04 18:05:12,4.201627096561725,0.213,24.9947353287605,4.201489089617579,0.21352000000000002,25.031928898606115
2024-11-04 18:05:12,4.201462802580083,0.213,23.469396624933097,4.201502233136077,0.21352000000000002,24.986802546928047
2024-11-04 18:05:12,4.201791390543644,0.213,25.72571420883662,4.201502233136076,0.21348,24.98680254692804
2024-11-04 18:05:13,4.201298508598716,0.213,24.2430730354219,4.201502233136075,0.21343999999999994,24.971769301061272
2024-11-04 18:05:13,4.201298508598716,0.213,24.9947353287605,4.201508804895319,0.21339999999999992,24.986802546928047
2024-11-04 18:05:13,4.201462802580083,0.213,22.672238853203226,4.201515376654574,0.2133599999999999,24.92573303981538
2024-11-04 18:05:13,4.201627096561725,0.213,22.672238853203226,4.20149566137671,0.2133199999999999,24.894316356171004
2024-11-04 18:05:14,4.201298508598716,0.213,23.469396624933097,4.201489089617455,0.21327999999999986,24.86380958209445
2024-11-04 18:05:14,4.201462802580083,0.213,26.437220450515156,4.201502233135954,0.21323999999999987,24.87803970692803
2024-11-04 18:05:14,4.201955684525837,0.213,24.9947353287605,4.201515376654518,0.21323999999999987,24.878039706928025
2024-11-04 18:05:14,4.201627096561725,0.213,21.84997632024192,4.201528520173039,0.21323999999999987,24.81514452675766
2024-11-04 18:05:15,4.201791390543644,0.213,26.437220450515156,4.201561378969311,0.21323999999999987,24.85902747505952
2024-11-04 18:05:15,4.200805626656267,0.213,24.2430730354219,4.201535091932358,0.21323999999999987,24.843994229192752
2024-11-04 18:05:15,4.201627096561725,0.213,23.469396624933097,4.201541663691625,0.21323999999999985,24.813487455116203
2024-11-04 18:05:15,4.201134214617624,0.213,21.000806169342923,4.20152194841386,0.21319999999999983,24.704759169492764
2024-11-04 18:05:16,4.201462802580083,0.213,24.9947353287605,4.201535091932358,0.21315999999999982,24.662046695184387
2024-11-04 18:05:16,4.201462802580083,0.213,21.84997632024192,4.201535091932359,0.21311999999999984,24.61418476088079
2024-11-04 18:05:16,4.201298508598716,0.213,24.9947353287605,4.201521948413839,0.21311999999999984,24.614184760880786
2024-11-04 18:05:16,4.201627096561725,0.213,23.469396624933097,4.201528520173104,0.21311999999999984,24.569058409202718
2024-11-04 18:05:17,4.201462802580083,0.213,24.2430730354219,4.201495661376666,0.21311999999999984,24.569058409202718
2024-11-04 18:05:17,4.201627096561725,0.213,25.72571420883662,4.201495661376666,0.21311999999999984,24.55482828436914
2024-11-04 18:05:17,4.201627096561725,0.213,25.72571420883662,4.201495661376668,0.21307999999999985,24.540598159535577
2024-11-04 18:05:17,4.201298508598716,0.213,25.72571420883662,4.201482517858146,0.21303999999999984,24.585724511213638
2024-11-04 18:05:18,4.202119978508306,0.213,24.2430730354219,4.2015153766545295,0.21299999999999983,24.54184156291178
2024-11-04 18:05:18,4.201955684525837,0.213,23.469396624933097,4.201528520173095,0.21299999999999983,24.526368034702
2024-11-04 18:05:18,4.201627096561725,0.213,24.2430730354219,4.201528520173095,0.21299999999999983,24.511334788835235
2024-11-04 18:05:18,4.201955684525837,0.213,25.72571420883662,4.201548235450925,0.21299999999999983,24.511334788835228
2024-11-04 18:05:19,4.201134214617624,0.213,23.469396624933097,4.201521948413883,0.21299999999999983,24.52727794426983
2024-11-04 18:05:19,4.201298508598716,0.213,25.72571420883662,4.201521948413882,0.21299999999999983,24.527277944269837
2024-11-04 18:05:19,4.201462802580083,0.213,21.000806169342923,4.201528520173137,0.21299999999999983,24.447399361081487
2024-11-04 18:05:19,4.201791390543644,0.213,24.9947353287605,4.201541663691678,0.21299999999999983,24.477906135158033
2024-11-04 18:05:20,4.201462802580083,0.213,25.72571420883662,4.2015350919324135,0.21299999999999983,24.463676010324463
2024-11-04 18:05:20,4.201462802580083,0.213,25.72571420883662,4.2015416636916685,0.21299999999999983,24.463676010324463
2024-11-04 18:05:20,4.200969920636808,0.213,25.72571420883662,4.201521948413937,0.21299999999999983,24.449445885490885
2024-11-04 18:05:20,4.201462802580083,0.212,26.437220450515156,4.201502233136108,0.21295999999999984,24.478295587925977
2024-11-04 18:05:21,4.201955684525837,0.212,24.9947353287605,4.2015153766546725,0.2129199999999999,24.478295587925974
2024-11-04 18:05:21,4.201462802580083,0.212,26.437220450515156,4.2015022331361305,0.2128799999999999,24.522178536227837
2024-11-04 18:05:21,4.202119978508306,0.212,26.437220450515156,4.201554807210212,0.21283999999999992,24.536408661061415
2024-11-04 18:05:21,4.202119978508306,0.212,24.9947353287605,4.201574522488076,0.21279999999999993,24.566915435137958
2024-11-04 18:05:22,4.201462802580083,0.213,24.9947353287605,4.201587666006573,0.21279999999999993,24.56691543513796
2024-11-04 18:05:22,4.201462802580083,0.213,26.437220450515156,4.201587666006575,0.21279999999999993,24.59576513757306
2024-11-04 18:05:22,4.201627096561725,0.213,24.9947353287605,4.201594237765841,0.2127999999999999,24.65866031774343
2024-11-04 18:05:22,4.201462802580083,0.213,24.9947353287605,4.201600809525096,0.21279999999999988,24.658660317743433
2024-11-04 18:05:23,4.201627096561725,0.212,23.469396624933097,4.201600809525096,0.21275999999999987,24.64318678953365
2024-11-04 18:05:23,4.201462802580083,0.212,24.9947353287605,4.201600809525095,0.21271999999999985,24.628567211932133
2024-11-04 18:05:23,4.201298508598716,0.212,23.469396624933097,4.201587666006575,0.21267999999999984,24.59806043785558
2024-11-04 18:05:23,4.202119978508306,0.213,26.437220450515156,4.201607381284438,0.21267999999999984,24.657416914367214
2024-11-04 18:05:24,4.202119978508306,0.213,24.9947353287605,4.201640240080821,0.21267999999999984,24.687923688443767
2024-11-04 18:05:24,4.201462802580083,0.213,22.672238853203226,4.201613953043694,0.21267999999999984,24.598761284624253
2024-11-04 18:05:24,4.201791390543644,0.212,24.9947353287605,4.201607381284405,0.21263999999999986,24.58414170702273
2024-11-04 18:05:24,4.201627096561725,0.212,25.72571420883662,4.201607381284405,0.21259999999999987,24.598761284624253
2024-11-04 18:05:25,4.201627096561725,0.213,24.9947353287605,4.20159423776584,0.21259999999999984,24.629268058700806
2024-11-04 18:05:25,4.201627096561725,0.213,23.469396624933097,4.201613953043604,0.21259999999999984,24.584141707022727
2024-11-04 18:05:25,4.201627096561725,0.212,25.72571420883662,4.201627096562124,0.2125599999999999,24.613794530491024
2024-11-04 18:05:25,4.202119978508306,0.212,25.72571420883662,4.201653383599252,0.21251999999999993,24.62841410809254
2024-11-04 18:05:26,4.201791390543644,0.213,23.469396624933097,4.201653383599251,0.21251999999999988,24.64435726352713
2024-11-04 18:05:26,4.201462802580083,0.213,24.9947353287605,4.201653383599252,0.21251999999999985,24.69080719303828
2024-11-04 18:05:26,4.201627096561725,0.213,24.9947353287605,4.201659955358519,0.21251999999999982,24.721313967114824
2024-11-04 18:05:26,4.201627096561725,0.212,25.72571420883662,4.201686242395516,0.21247999999999984,24.707083842281264
2024-11-04 18:05:27,4.201627096561725,0.212,26.437220450515156,4.201692814154781,0.21247999999999986,24.735933544716364
2024-11-04 18:05:27,4.201462802580083,0.212,26.437220450515156,4.2016730988769515,0.21247999999999986,24.827678427321825
2024-11-04 18:05:27,4.201955684525837,0.212,23.469396624933097,4.201692814154781,0.2124799999999999,24.768321950810183
2024-11-04 18:05:27,4.201627096561725,0.212,25.72571420883662,4.201673098876919,0.2124799999999999,24.797974774278483
2024-11-04 18:05:28,4.201791390543644,0.212,24.2430730354219,4.201659955358331,0.21247999999999995,24.813448302488254
2024-11-04 18:05:28,4.201791390543644,0.212,25.72571420883662,4.201673098876873,0.21243999999999993,24.90794646327814
2024-11-04 18:05:28,4.201462802580083,0.212,23.469396624933097,4.201673098876874,0.21239999999999995,24.877439689201587
2024-11-04 18:05:28,4.201627096561725,0.212,24.2430730354219,4.201673098876874,0.21235999999999994,24.925301623505185
2024-11-04 18:05:29,4.201627096561725,0.212,24.2430730354219,4.20167967063614,0.21231999999999993,24.910268377638417
2024-11-04 18:05:29,4.201462802580083,0.212,24.2430730354219,4.201673098876874,0.21231999999999993,24.92574190584819
2024-11-04 18:05:29,4.201627096561725,0.212,26.437220450515156,4.20167967063614,0.21231999999999993,24.96962485415005
2024-11-04 18:05:29,4.201627096561725,0.212,23.469396624933097,4.20169281415466,0.2123199999999999,24.924498502471984
2024-11-04 18:05:30,4.201955684525837,0.212,22.672238853203226,4.201686242395361,0.21227999999999989,24.863428995359317
2024-11-04 18:05:30,4.201298508598716,0.212,25.72571420883662,4.201653383598977,0.2122399999999999,24.86342899535931
2024-11-04 18:05:30,4.201462802580083,0.212,24.2430730354219,4.201653383598979,0.2121999999999999,24.863428995359314
2024-11-04 18:05:30,4.201791390543644,0.212,22.672238853203226,4.201653383598978,0.2121999999999999,24.847485839924712
2024-11-04 18:05:31,4.200805626656267,0.212,24.2430730354219,4.20162052480276,0.2121999999999999,24.84748583992471
2024-11-04 18:05:31,4.201462802580083,0.212,24.9947353287605,4.201613953043494,0.21215999999999988,24.832866262323186
2024-11-04 18:05:31,4.201462802580083,0.212,25.72571420883662,4.201607381284228,0.2121199999999999,24.877992614001258
2024-11-04 18:05:31,4.201955684525837,0.212,22.672238853203226,4.201620524802792,0.2121199999999999,24.816923106888584
2024-11-04 18:05:32,4.201462802580083,0.212,24.9947353287605,4.201594237765663,0.2121199999999999,24.896801690076945
2024-11-04 18:05:32,4.201955684525837,0.212,23.469396624933097,4.20160080952495,0.21207999999999988,24.866294916000392
2024-11-04 18:05:32,4.202119978508306,0.212,24.9947353287605,4.2016270965620794,0.21203999999999987,24.851675338398874
2024-11-04 18:05:32,4.201462802580083,0.212,24.2430730354219,4.201620524802815,0.21199999999999988,24.82202251493058
2024-11-04 18:05:33,4.201791390543644,0.212,24.9947353287605,4.20162709656209,0.21199999999999988,24.807402937329062
2024-11-04 18:05:33,4.201298508598716,0.212,24.9947353287605,4.20161395304357,0.21199999999999988,24.778553234893966
2024-11-04 18:05:33,4.201627096561725,0.212,24.9947353287605,4.201620524802836,0.21199999999999988,24.778553234893963
2024-11-04 18:05:33,4.201627096561725,0.212,25.72571420883662,4.201607381284272,0.21199999999999988,24.764323110060396
2024-11-04 18:05:34,4.201627096561725,0.212,24.9947353287605,4.201607381284272,0.21199999999999988,24.7354734076253
2024-11-04 18:05:34,4.201627096561725,0.212,24.2430730354219,4.2016008095249955,0.21199999999999988,24.720440161758532
2024-11-04 18:05:34,4.201791390543644,0.212,24.2430730354219,4.201600809524994,0.21199999999999988,24.705406915891757
2024-11-04 18:05:34,4.201462802580083,0.212,24.9947353287605,4.201600809524995,0.21199999999999988,24.67655721345666
2024-11-04 18:05:35,4.201298508598716,0.212,23.469396624933097,4.201587666006474,0.21199999999999988,24.64605043938012
2024-11-04 18:05:35,4.201791390543644,0.212,25.72571420883662,4.20159423776575,0.21199999999999988,24.66067001698164
2024-11-04 18:05:35,4.202119978508306,0.212,24.9947353287605,4.20162052480288,0.21199999999999988,24.691176791058194
2024-11-04 18:05:35,4.201627096561725,0.212,24.9947353287605,4.20162052480288,0.21199999999999988,24.691176791058187
2024-11-04 18:05:36,4.201791390543644,0.212,26.437220450515156,4.201627096562156,0.21199999999999988,24.750533267569825
2024-11-04 18:05:36,4.201627096561725,0.211,25.72571420883662,4.201613953043592,0.2119599999999999,24.73630314273625
2024-11-04 18:05:36,4.201462802580083,0.211,25.72571420883662,4.201620524802846,0.21191999999999994,24.750922720337776
2024-11-04 18:05:36,4.202284272491052,0.212,25.72571420883662,4.201653383599284,0.21191999999999994,24.811992227450435
2024-11-04 18:05:37,4.201134214617624,0.212,24.2430730354219,4.201627096562243,0.21191999999999994,24.79695898158367
2024-11-04 18:05:37,4.201955684525837,0.212,24.9947353287605,4.201673098877026,0.21191999999999994,24.782339403982142
2024-11-04 18:05:37,4.201462802580083,0.212,24.2430730354219,4.201673098877027,0.21191999999999994,24.767306158115368
2024-11-04 18:05:37,4.202284272491052,0.212,24.9947353287605,4.201705957673465,0.2119199999999999,24.797812932191917
2024-11-04 18:05:38,4.201791390543644,0.212,22.672238853203226,4.2016993859141785,0.2119199999999999,24.736743425079254
2024-11-04 18:05:38,4.201791390543644,0.212,26.437220450515156,4.20171252943272,0.21191999999999994,24.750973549912825
2024-11-04 18:05:38,4.201627096561725,0.211,24.9947353287605,4.201699385914156,0.21187999999999996,24.781480323989378
2024-11-04 18:05:38,4.201627096561725,0.211,24.2430730354219,4.201679670636293,0.21183999999999997,24.7664470781226
2024-11-04 18:05:39,4.201627096561725,0.211,24.9947353287605,4.201686242395558,0.2118,24.766447078122606
2024-11-04 18:05:39,4.201627096561725,0.212,22.672238853203226,4.201679670636283,0.2118,24.70537757100994
2024-11-04 18:05:39,4.201627096561725,0.212,24.2430730354219,4.201692814154804,0.2118,24.661494622708073
2024-11-04 18:05:39,4.201627096561725,0.211,23.469396624933097,4.2016928141548044,0.21176000000000003,24.60213814619643
2024-11-04 18:05:40,4.201955684525837,0.211,24.2430730354219,4.201705957673368,0.21172000000000002,24.617611674406213
2024-11-04 18:05:40,4.201462802580083,0.211,25.72571420883662,4.201699385914103,0.21167999999999998,24.617611674406206
2024-11-04 18:05:40,4.201627096561725,0.211,26.437220450515156,4.201699385914104,0.21163999999999997,24.661494622708076
2024-11-04 18:05:40,4.201791390543644,0.211,24.2430730354219,4.201699385914104,0.21160000000000004,24.63184179923978
2024-11-04 18:05:41,4.201955684525837,0.212,22.672238853203226,4.201719101191934,0.21160000000000004,24.615898643805185
2024-11-04 18:05:41,4.201627096561725,0.212,25.72571420883662,4.2017322447104535,0.21160000000000004,24.64555146727348
2024-11-04 18:05:41,4.202119978508306,0.211,25.72571420883662,4.20174538822904,0.21156000000000005,24.675204290741767
2024-11-04 18:05:41,4.202119978508306,0.211,25.72571420883662,4.201745388229039,0.21152000000000007,24.704857114210064
2024-11-04 18:05:42,4.201955684525837,0.211,24.2430730354219,4.201758531747603,0.2114800000000001,24.660974165908197
2024-11-04 18:05:42,4.201627096561725,0.211,25.72571420883662,4.201751959988326,0.21144000000000013,24.706100517586265
2024-11-04 18:05:42,4.201791390543644,0.211,24.9947353287605,4.201758531747602,0.21144000000000013,24.752550447097416
2024-11-04 18:05:42,4.201955684525837,0.211,24.9947353287605,4.201778247025432,0.21144000000000013,24.737930869495894
2024-11-04 18:05:43,4.201627096561725,0.211,24.9947353287605,4.201751959988259,0.2114000000000001,24.752964115362662
2024-11-04 18:05:43,4.202119978508306,0.211,21.000806169342923,4.201791390543887,0.2113600000000001,24.71953546168546
2024-11-04 18:05:43,4.201627096561725,0.211,24.2430730354219,4.201778247025323,0.21132000000000012,24.719535461685464
2024-11-04 18:05:43,4.201955684525837,0.211,23.469396624933097,4.201797962303153,0.21128000000000013,24.68902868760891
2024-11-04 18:05:44,4.201627096561725,0.211,24.9947353287605,4.201771675265981,0.21124000000000012,24.674409110007392
2024-11-04 18:05:44,4.201627096561725,0.211,23.469396624933097,4.2017651035067045,0.2112000000000001,24.690352265441984
2024-11-04 18:05:44,4.201462802580083,0.211,24.2430730354219,4.201751959988162,0.2111600000000001,24.675319019575213
2024-11-04 18:05:44,4.202119978508306,0.211,22.672238853203226,4.201771675266025,0.2111600000000001,24.659375864140614
2024-11-04 18:05:45,4.202119978508306,0.211,24.9947353287605,4.201791390543889,0.21116000000000018,24.659375864140614
2024-11-04 18:05:45,4.201791390543644,0.211,25.72571420883662,4.201797962303164,0.21116000000000018,24.689028687608914
2024-11-04 18:05:45,4.201462802580083,0.211,27.80614130216054,4.2017913905438995,0.2111200000000002,24.745256807076913
2024-11-04 18:05:45,4.201955684525837,0.211,25.72571420883662,4.201804534062464,0.21108000000000018,24.759876384678428
2024-11-04 18:05:46,4.201462802580083,0.211,24.2430730354219,4.201797962303198,0.21108000000000018,24.74484313881166
2024-11-04 18:05:46,4.201955684525837,0.211,25.72571420883662,4.201797962303198,0.21108000000000016,24.744843138811667
2024-11-04 18:05:46,4.201955684525837,0.211,26.437220450515156,4.201817677581028,0.21108000000000016,24.773692841246756
2024-11-04 18:05:46,4.202119978508306,0.211,27.13035904417916,4.201837392858891,0.21108000000000016,24.831438561421905
2024-11-04 18:05:47,4.201627096561725,0.211,24.9947353287605,4.201830821099613,0.21108000000000016,24.846471807288673
2024-11-04 18:05:47,4.202284272491052,0.211,22.672238853203226,4.201843964618223,0.21104000000000017,24.80002187777753
2024-11-04 18:05:47,4.201791390543644,0.211,25.72571420883662,4.201850536377499,0.21100000000000016,24.8451482294556
2024-11-04 18:05:47,4.201955684525837,0.211,24.2430730354219,4.201843964618201,0.21100000000000016,24.815495405987306
2024-11-04 18:05:48,4.202448566474072,0.211,25.72571420883662,4.2018571081368306,0.21100000000000016,24.830114983588828
2024-11-04 18:05:48,4.202119978508306,0.211,23.469396624933097,4.201863679896129,0.21100000000000016,24.799608209512286
2024-11-04 18:05:48,4.201298508598716,0.211,21.84997632024192,4.201850536377608,0.21100000000000016,24.707863326906818
2024-11-04 18:05:48,4.201134214617624,0.211,24.9947353287605,4.201824249340566,0.21100000000000016,24.69324374930529
2024-11-04 18:05:49,4.201627096561725,0.211,25.72571420883662,4.201811105822003,0.21100000000000016,24.693243749305292
2024-11-04 18:05:49,4.201627096561725,0.211,24.9947353287605,4.201811105822004,0.21100000000000016,24.678624171703774
2024-11-04 18:05:49,4.202119978508306,0.211,22.672238853203226,4.201811105822003,0.21100000000000016,24.647207488059404
2024-11-04 18:05:49,4.201955684525837,0.211,24.9947353287605,4.201824249340568,0.21100000000000016,24.647207488059397
2024-11-04 18:05:50,4.201791390543644,0.211,25.72571420883662,4.201817677581279,0.21100000000000016,24.67686031152769
2024-11-04 18:05:50,4.202284272491052,0.211,26.437220450515156,4.201843964618453,0.21100000000000016,24.70571001396278
2024-11-04 18:05:50,4.202448566474072,0.211,24.9947353287605,4.201876823414946,0.21100000000000016,24.75215994347393
2024-11-04 18:05:50,4.201627096561725,0.211,24.2430730354219,4.201883395174213,0.21100000000000016,24.708276995172064
2024-11-04 18:05:51,4.201791390543644,0.211,25.72571420883662,4.201870251655626,0.21100000000000016,24.72289657277358
2024-11-04 18:05:51,4.201791390543644,0.211,25.72571420883662,4.201857108137039,0.21100000000000016,24.752549396241875
2024-11-04 18:05:51,4.201955684525837,0.211,24.9947353287605,4.201863679896326,0.21100000000000016,24.75254939624188
2024-11-04 18:05:51,4.201462802580083,0.211,24.9947353287605,4.201863679896326,0.21100000000000016,24.79899932575302
2024-11-04 18:05:52,4.201791390543644,0.211,25.72571420883662,4.2018571081370375,0.21100000000000016,24.828652149221316
2024-11-04 18:05:52,4.201791390543644,0.211,21.84997632024192,4.20187025165558,0.21100000000000016,24.796263743127486
2024-11-04 18:05:52,4.202284272491052,0.211,24.9947353287605,4.20188339517419,0.21100000000000016,24.811296988994265
2024-11-04 18:05:52,4.201791390543644,0.211,27.13035904417916,4.201876823414902,0.21100000000000016,24.839389885701106
2024-11-04 18:05:53,4.201955684525837,0.211,24.9947353287605,4.2018702516556035,0.21100000000000016,24.81054018326602
2024-11-04 18:05:53,4.201791390543644,0.211,23.469396624933097,4.20187682341488,0.21100000000000016,24.79506665505625
2024-11-04 18:05:53,4.201955684525837,0.211,24.9947353287605,4.201863679896272,0.21100000000000016,24.84151658456739
2024-11-04 18:05:53,4.201462802580083,0.21,24.9947353287605,4.20185053637773,0.21096000000000018,24.82689700696587
2024-11-04 18:05:54,4.201791390543644,0.21,27.13035904417916,4.201843964618441,0.2109200000000002,24.85498990367272
2024-11-04 18:05:54,4.201955684525837,0.21,23.469396624933097,4.201824249340512,0.21088000000000023,24.80986355199465
2024-11-04 18:05:54,4.201627096561725,0.211,24.9947353287605,4.201804534062649,0.21088000000000023,24.82489679786142
2024-11-04 18:05:54,4.201955684525837,0.211,24.9947353287605,4.201830821099735,0.21088000000000023,24.810277220259906
2024-11-04 18:05:55,4.201627096561725,0.211,24.9947353287605,4.2018505363775,0.21088000000000023,24.810277220259895
2024-11-04 18:05:55,4.201627096561725,0.21,27.13035904417916,4.201850536377501,0.21084000000000025,24.85298969456827
2024-11-04 18:05:55,4.201955684525837,0.21,25.72571420883662,4.201863679896065,0.21080000000000024,24.867609272169794
2024-11-04 18:05:55,4.202284272491052,0.21,22.672238853203226,4.201870251655375,0.21076000000000022,24.901037925847
2024-11-04 18:05:56,4.202612860457368,0.21,25.72571420883662,4.201896538692638,0.2107200000000002,24.9306907493153
2024-11-04 18:05:56,4.202448566474072,0.21,25.72571420883662,4.201922825729853,0.21068000000000023,24.975817100993364
2024-11-04 18:05:56,4.202119978508306,0.21,24.2430730354219,4.201916253970544,0.21064000000000024,24.960783855126596
2024-11-04 18:05:56,4.202119978508306,0.21,26.437220450515156,4.201903110451912,0.21060000000000026,25.02014033163823
2024-11-04 18:05:57,4.201955684525837,0.21,22.672238853203226,4.201916253970477,0.21056000000000025,24.98872364799386
2024-11-04 18:05:57,4.202448566474072,0.21,24.9947353287605,4.201942541007694,0.21052000000000023,25.03517357750501
2024-11-04 18:05:57,4.202284272491052,0.21,25.72571420883662,4.201962256285589,0.21048000000000022,25.049793155106528
2024-11-04 18:05:57,4.202448566474072,0.21,25.72571420883662,4.201981971563518,0.2104400000000002,25.049793155106517
2024-11-04 18:05:58,4.201955684525837,0.211,23.469396624933097,4.2020016868413474,0.2104400000000002,24.96305826156197
2024-11-04 18:05:58,4.201791390543644,0.211,25.72571420883662,4.2020016868413474,0.21044000000000018,24.963058261561972
2024-11-04 18:05:58,4.201955684525837,0.211,24.2430730354219,4.202008258600634,0.21044000000000015,24.96305826156198
2024-11-04 18:05:58,4.201955684525837,0.21,24.9947353287605,4.201995115082027,0.2104000000000001,24.948438683960457
2024-11-04 18:05:59,4.201791390543644,0.21,24.2430730354219,4.201995115082026,0.21036000000000007,24.9045557356586
2024-11-04 18:05:59,4.202284272491052,0.21,24.2430730354219,4.202008258600634,0.21032000000000012,24.846810015483452
2024-11-04 18:05:59,4.201955684525837,0.21,26.437220450515156,4.202014830359923,0.21028000000000013,24.875659717918552
2024-11-04 18:05:59,4.201791390543644,0.21,24.9947353287605,4.202008258600634,0.21024000000000018,24.922109647429693
2024-11-04 18:06:00,4.202612860457368,0.21,24.2430730354219,4.202054260915727,0.21024000000000023,24.892456823961393
2024-11-04 18:06:00,4.202448566474072,0.21,24.9947353287605,4.202080547952944,0.21024000000000023,24.907490069828167
2024-11-04 18:06:00,4.202284272491052,0.21,25.72571420883662,4.202093691471553,0.21024000000000023,24.90749006982817
2024-11-04 18:06:00,4.202119978508306,0.21,25.72571420883662,4.202113406749416,0.21020000000000022,24.952616421506235
2024-11-04 18:06:01,4.202284272491052,0.21,24.9947353287605,4.202126550268026,0.21016000000000024,25.01551160167661
2024-11-04 18:06:01,4.201955684525837,0.21,24.2430730354219,4.20213969378659,0.21012000000000022,25.000478355809836
2024-11-04 18:06:01,4.201791390543644,0.21,26.437220450515156,4.202146265545867,0.21012000000000022,25.014708480643414
2024-11-04 18:06:01,4.202119978508306,0.21,24.9947353287605,4.202152837305165,0.21012000000000022,25.014708480643407
2024-11-04 18:06:02,4.202119978508306,0.21,22.672238853203226,4.2021462655458555,0.2101200000000002,25.014708480643403
2024-11-04 18:06:02,4.202119978508306,0.21,24.9947353287605,4.202126550267893,0.2101200000000002,25.014708480643407
2024-11-04 18:06:02,4.202119978508306,0.21,24.9947353287605,4.202113406749262,0.2101200000000002,25.00008890304189
2024-11-04 18:06:02,4.202448566474072,0.21,25.72571420883662,4.202126550267892,0.2101200000000002,24.98585877820831
2024-11-04 18:06:03,4.202119978508306,0.21,24.9947353287605,4.202126550267892,0.2101200000000002,24.985858778208318
2024-11-04 18:06:03,4.202284272491052,0.21,24.2430730354219,4.202139693786501,0.2101200000000002,24.98585877820831
2024-11-04 18:06:03,4.202119978508306,0.21,24.9947353287605,4.20212655026787,0.2101200000000002,24.971239200606792
2024-11-04 18:06:03,4.201791390543644,0.21,25.72571420883662,4.202106834989973,0.2101200000000002,24.971239200606796
2024-11-04 18:06:04,4.201462802580083,0.21,26.437220450515156,4.202067404434215,0.2101200000000002,25.00008890304189
2024-11-04 18:06:04,4.201627096561725,0.21,24.2430730354219,4.20205426091565,0.21008000000000016,24.98505565717512
2024-11-04 18:06:04,4.201955684525837,0.21,24.2430730354219,4.202060832674938,0.2100400000000002,24.95540283370682
2024-11-04 18:06:04,4.201955684525837,0.21,25.72571420883662,4.202060832674938,0.2100000000000002,25.032917591478718
2024-11-04 18:06:05,4.201791390543644,0.21,26.437220450515156,4.20205426091565,0.2100000000000002,25.061767293913807
2024-11-04 18:06:05,4.202119978508306,0.21,25.72571420883662,4.202067404434237,0.2100000000000002,25.03367439720696
2024-11-04 18:06:05,4.202119978508306,0.21,25.72571420883662,4.202060832674928,0.2100000000000002,25.048293974808477
2024-11-04 18:06:05,4.201627096561725,0.21,23.469396624933097,4.2020476891563625,0.2100000000000002,25.04829397480848
2024-11-04 18:06:06,4.202612860457368,0.21,26.437220450515156,4.202080547952913,0.2100000000000002,25.077143677243566
2024-11-04 18:06:06,4.202284272491052,0.21,26.437220450515156,4.202067404434261,0.2100000000000002,25.105993379678665
2024-11-04 18:06:06,4.202119978508306,0.21,24.9947353287605,4.20205426091563,0.2100000000000002,25.063280905370288
2024-11-04 18:06:06,4.202119978508306,0.21,24.2430730354219,4.202047689156319,0.2100000000000002,25.07875443358007
2024-11-04 18:06:07,4.202612860457368,0.21,24.9947353287605,4.202067404434282,0.2100000000000002,25.078754433580066
2024-11-04 18:06:07,4.202284272491052,0.21,22.672238853203226,4.202067404434282,0.2100000000000002,25.032304504068925
2024-11-04 18:06:07,4.201955684525837,0.21,25.72571420883662,4.202067404434283,0.2100000000000002,25.04692408167044
2024-11-04 18:06:07,4.201791390543644,0.21,24.9947353287605,4.202067404434282,0.2100000000000002,25.004211607362073
2024-11-04 18:06:08,4.201462802580083,0.21,23.469396624933097,4.202041117397154,0.2100000000000002,24.959085255684002
2024-11-04 18:06:08,4.201955684525837,0.21,23.469396624933097,4.202034545637854,0.2100000000000002,24.975028411118597
2024-11-04 18:06:08,4.202284272491052,0.21,24.9947353287605,4.2020411173971635,0.2100000000000002,24.960408833517075
2024-11-04 18:06:08,4.202119978508306,0.21,26.437220450515156,4.2020411173971635,0.2100000000000002,24.974638958350653
2024-11-04 18:06:09,4.202119978508306,0.21,27.13035904417916,4.202027973878533,0.2100000000000002,25.03238467852579
2024-11-04 18:06:09,4.202119978508306,0.21,24.9947353287605,4.202027973878533,0.2100000000000002,25.003534976090695
2024-11-04 18:06:09,4.202612860457368,0.21,25.72571420883662,4.202041117397186,0.2100000000000002,25.064604483203365
2024-11-04 18:06:09,4.201462802580083,0.21,24.9947353287605,4.202014830360057,0.2100000000000002,25.06460448320336
2024-11-04 18:06:10,4.202284272491052,0.209,24.9947353287605,4.202034545637954,0.20996000000000012,25.049984905601843
2024-11-04 18:06:10,4.202284272491052,0.209,25.72571420883662,4.202067404434393,0.20992000000000008,25.049984905601843
2024-11-04 18:06:10,4.202284272491052,0.209,25.72571420883662,4.202093691471565,0.20988000000000004,25.095111257279903
2024-11-04 18:06:10,4.202119978508306,0.209,24.9947353287605,4.202100263230864,0.20983999999999997,25.080491679678385
2024-11-04 18:06:11,4.202448566474072,0.209,24.2430730354219,4.202119978508793,0.20979999999999993,25.08049167967839
2024-11-04 18:06:11,4.202284272491052,0.209,27.13035904417916,4.20213969378669,0.20975999999999992,25.12320415398676
2024-11-04 18:06:11,4.201462802580083,0.209,25.72571420883662,4.202113406749561,0.2097199999999999,25.15285697745506
2024-11-04 18:06:11,4.201955684525837,0.209,25.72571420883662,4.202106834990262,0.2096799999999999,25.182509800923345
2024-11-04 18:06:12,4.202284272491052,0.209,24.2430730354219,4.202133122027435,0.20963999999999988,25.13862685262149
2024-11-04 18:06:12,4.201627096561725,0.209,25.72571420883662,4.202093691471609,0.20959999999999987,25.153246430223007
2024-11-04 18:06:12,4.202119978508306,0.209,24.2430730354219,4.202087119712299,0.20955999999999986,25.15324643022301
2024-11-04 18:06:12,4.202284272491052,0.21,22.672238853203226,4.2020936914716085,0.20955999999999989,25.10679650071187
2024-11-04 18:06:13,4.202448566474072,0.21,24.9947353287605,4.202106834990239,0.2095599999999999,25.09217692311034
2024-11-04 18:06:13,4.202284272491052,0.21,24.9947353287605,4.202093691471586,0.20955999999999997,25.077557345508822
2024-11-04 18:06:13,4.202612860457368,0.209,21.84997632024192,4.20210683499024,0.20951999999999996,25.014662165338446
2024-11-04 18:06:13,4.202284272491052,0.209,27.13035904417916,4.20211997850885,0.20947999999999994,25.072407885513595
2024-11-04 18:06:14,4.202284272491052,0.209,26.437220450515156,4.202139693786745,0.20943999999999993,25.072407885513595
2024-11-04 18:06:14,4.202284272491052,0.209,24.2430730354219,4.202172552583184,0.20939999999999986,25.057374639646827
2024-11-04 18:06:14,4.201955684525837,0.209,26.437220450515156,4.202172552583184,0.20935999999999985,25.13267427159306
2024-11-04 18:06:14,4.202284272491052,0.209,23.469396624933097,4.202172552583183,0.20931999999999984,25.102167497516508
2024-11-04 18:06:15,4.202777154440939,0.209,24.2430730354219,4.202198839620489,0.20927999999999983,25.08713425164974
2024-11-04 18:06:15,4.202119978508306,0.209,24.2430730354219,4.20219883962049,0.20923999999999984,25.05748142818144
2024-11-04 18:06:15,4.202119978508306,0.209,27.13035904417916,4.20219883962049,0.20919999999999983,25.100193902489817
2024-11-04 18:06:15,4.201955684525837,0.209,25.72571420883662,4.202172552583228,0.20915999999999982,25.129846725958114
2024-11-04 18:06:16,4.202119978508306,0.209,24.2430730354219,4.2021988396203565,0.20911999999999986,25.11481348009134
2024-11-04 18:06:16,4.201791390543644,0.209,24.9947353287605,4.202179124342459,0.20911999999999986,25.100193902489817
2024-11-04 18:06:16,4.202777154440939,0.209,26.437220450515156,4.202198839620456,0.20911999999999986,25.100193902489817
2024-11-04 18:06:16,4.202284272491052,0.209,25.72571420883662,4.202198839620456,0.2091199999999998,25.129846725958114
2024-11-04 18:06:17,4.202284272491052,0.209,24.2430730354219,4.202205411379766,0.2091199999999998,25.129846725958117
2024-11-04 18:06:17,4.202284272491052,0.209,25.72571420883662,4.202198839620445,0.20911999999999978,25.129846725958114
2024-11-04 18:06:17,4.201955684525837,0.21,24.2430730354219,4.202185696101836,0.20915999999999982,25.085963777656247
2024-11-04 18:06:17,4.202119978508306,0.21,24.9947353287605,4.202211983138965,0.20919999999999989,25.071344200054728
2024-11-04 18:06:18,4.202284272491052,0.21,21.84997632024192,4.202225126657574,0.20923999999999993,24.993829442282834
2024-11-04 18:06:18,4.202612860457368,0.209,24.9947353287605,4.202238270176227,0.20923999999999995,25.02433621635938
2024-11-04 18:06:18,4.201955684525837,0.209,24.2430730354219,4.202251413694791,0.20923999999999995,24.980453268057513
2024-11-04 18:06:18,4.202284272491052,0.209,24.9947353287605,4.202257985454101,0.20923999999999993,24.951603565622417
2024-11-04 18:06:19,4.201791390543644,0.209,24.9947353287605,4.2022382701762035,0.2091999999999999,24.95160356562242
2024-11-04 18:06:19,4.202777154440939,0.209,26.437220450515156,4.202251413694879,0.20915999999999987,24.99548651392428
2024-11-04 18:06:19,4.202284272491052,0.209,24.9947353287605,4.202251413694879,0.20911999999999986,24.995486513924284
2024-11-04 18:06:19,4.202119978508306,0.209,24.2430730354219,4.202231698416917,0.20911999999999986,25.026903197568654
2024-11-04 18:06:20,4.202284272491052,0.209,21.84997632024192,4.202231698416917,0.20911999999999986,24.949388439796763
2024-11-04 18:06:20,4.201791390543644,0.209,27.13035904417916,4.20221198313902,0.20911999999999986,24.99210091410514
2024-11-04 18:06:20,4.202284272491052,0.209,26.437220450515156,4.20221198313902,0.20911999999999986,25.05145739061678
2024-11-04 18:06:20,4.202119978508306,0.209,27.13035904417916,4.202218554898319,0.20911999999999986,25.124676639001706
2024-11-04 18:06:21,4.202777154440939,0.209,27.13035904417916,4.202238270176315,0.20911999999999986,25.167389113310072
2024-11-04 18:06:21,4.201627096561725,0.209,23.469396624933097,4.202192267861147,0.20911999999999986,25.108032636798438
2024-11-04 18:06:21,4.202119978508306,0.209,25.72571420883662,4.202192267861147,0.2091199999999998,25.079939740091586
2024-11-04 18:06:21,4.202284272491052,0.208,25.72571420883662,4.202198839620455,0.20907999999999982,25.0945593176931
2024-11-04 18:06:22,4.202284272491052,0.208,24.2430730354219,4.2022119831390645,0.2090399999999998,25.06490649422481
2024-11-04 18:06:22,4.202448566474072,0.208,24.9947353287605,4.202225126657694,0.20899999999999985,25.064906494224807
2024-11-04 18:06:22,4.202284272491052,0.209,24.2430730354219,4.202244841935592,0.20899999999999985,25.04987324835804
2024-11-04 18:06:22,4.202448566474072,0.209,26.437220450515156,4.202231698416917,0.20899999999999985,25.06410337319161
2024-11-04 18:06:23,4.202448566474072,0.208,25.72571420883662,4.2022382701762355,0.20895999999999987,25.0641033731916
2024-11-04 18:06:23,4.202284272491052,0.208,24.2430730354219,4.202238270176236,0.20891999999999988,25.049070127324836
2024-11-04 18:06:23,4.202448566474072,0.208,23.469396624933097,4.202244841935556,0.2088799999999999,25.033596599115054
2024-11-04 18:06:23,4.201791390543644,0.208,24.2430730354219,4.2022382701762675,0.20879999999999996,24.975850878939912
2024-11-04 18:06:24,4.202448566474072,0.209,25.72571420883662,4.202251413694897,0.20875999999999995,24.97585087893992
2024-11-04 18:06:24,4.202448566474072,0.209,25.72571420883662,4.202257985454217,0.20871999999999993,24.97585087893991
2024-11-04 18:06:24,4.202612860457368,0.208,23.469396624933097,4.202257985454218,0.20867999999999995,24.960377350730138
2024-11-04 18:06:24,4.202284272491052,0.208,23.469396624933097,4.202271128972828,0.20863999999999996,24.91525099905207
2024-11-04 18:06:25,4.202284272491052,0.208,24.2430730354219,4.202271128972828,0.2086,24.915250999052063
2024-11-04 18:06:25,4.202284272491052,0.208,27.80614130216054,4.202290844250725,0.20856000000000005,25.017929048031213
2024-11-04 18:06:25,4.202284272491052,0.208,25.72571420883662,4.202271128972729,0.20852000000000004,25.032548625632735
2024-11-04 18:06:25,4.201955684525837,0.208,24.9947353287605,4.202257985454121,0.20848000000000003,25.03254862563274
2024-11-04 18:06:26,4.202119978508306,0.208,25.72571420883662,4.202257985454122,0.20844000000000004,25.110063383404633
2024-11-04 18:06:26,4.202448566474072,0.208,24.9947353287605,4.202264557213443,0.20840000000000006,25.067350909096263
2024-11-04 18:06:26,4.202612860457368,0.208,23.469396624933097,4.202297416009992,0.2083600000000001,25.00799443258462
2024-11-04 18:06:26,4.202119978508306,0.208,24.9947353287605,4.202290844250682,0.2083200000000001,25.023027678451395
2024-11-04 18:06:27,4.202284272491052,0.208,24.9947353287605,4.202297416009992,0.20828000000000008,24.9941779760163
2024-11-04 18:06:27,4.202119978508306,0.208,24.2430730354219,4.202271128972687,0.2082400000000001,25.00965150422608
2024-11-04 18:06:27,4.202284272491052,0.208,23.469396624933097,4.20229741600986,0.20820000000000008,24.9941779760163
2024-11-04 18:06:27,4.202119978508306,0.208,23.469396624933097,4.20229741600986,0.2081600000000001,24.978704447806525
2024-11-04 18:06:28,4.202284272491052,0.208,22.672238853203226,4.20229741600986,0.20816000000000012,24.889542043987003
2024-11-04 18:06:28,4.202119978508306,0.208,24.2430730354219,4.20229084425055,0.20816000000000012,24.859889220518713
2024-11-04 18:06:28,4.202284272491052,0.208,24.2430730354219,4.20228427249123,0.20816000000000012,24.859889220518713
2024-11-04 18:06:28,4.202284272491052,0.208,24.9947353287605,4.20228427249123,0.2081200000000001,24.859889220518713
2024-11-04 18:06:29,4.202612860457368,0.208,23.469396624933097,4.2022908442505615,0.20808000000000015,24.80053274400707
2024-11-04 18:06:29,4.202284272491052,0.208,24.2430730354219,4.202284272491241,0.20808000000000015,24.77087992053878
2024-11-04 18:06:29,4.202119978508306,0.208,25.72571420883662,4.20227770073193,0.20808000000000015,24.800532744007068
2024-11-04 18:06:29,4.202284272491052,0.208,24.9947353287605,4.202271128972609,0.20808000000000015,24.78591316640555
2024-11-04 18:06:30,4.201955684525837,0.208,24.2430730354219,4.202277700731897,0.20808000000000015,24.785913166405553
2024-11-04 18:06:30,4.202612860457368,0.208,25.72571420883662,4.20228427249123,0.2080400000000001,24.800532744007068
2024-11-04 18:06:30,4.202119978508306,0.208,24.2430730354219,4.202271128972599,0.20800000000000016,24.848394678310672
2024-11-04 18:06:30,4.201791390543644,0.208,27.13035904417916,4.20223827017605,0.20800000000000016,24.891107152619043
2024-11-04 18:06:31,4.202119978508306,0.208,24.2430730354219,4.20223169841674,0.20800000000000016,24.891107152619046
2024-11-04 18:06:31,4.202448566474072,0.208,24.9947353287605,4.2022382701760606,0.20800000000000016,24.891107152619043
2024-11-04 18:06:31,4.202777154440939,0.208,24.9947353287605,4.202257985454056,0.20800000000000016,24.891107152619046
2024-11-04 18:06:31,4.202119978508306,0.207,25.72571420883662,4.2022514136947455,0.20796000000000017,24.876877027785476
2024-11-04 18:06:32,4.202448566474072,0.207,25.72571420883662,4.202271128972675,0.2079200000000002,24.89149660538699
2024-11-04 18:06:32,4.201627096561725,0.207,25.72571420883662,4.202251413694812,0.2078800000000002,24.921149428855287
2024-11-04 18:06:32,4.202448566474072,0.207,24.2430730354219,4.202251413694811,0.20784000000000025,24.969011363158884
2024-11-04 18:06:32,4.202777154440939,0.208,26.437220450515156,4.202257985454154,0.20784000000000025,24.955148591285596
2024-11-04 18:06:33,4.202777154440939,0.208,23.469396624933097,4.202284272491459,0.20784000000000025,24.895792114773954
2024-11-04 18:06:33,4.202777154440939,0.208,25.72571420883662,4.202303987769456,0.2078400000000002,24.86769921806711
2024-11-04 18:06:33,4.202284272491052,0.207,24.9947353287605,4.202310559528766,0.20780000000000018,24.824986743758743
2024-11-04 18:06:33,4.202119978508306,0.207,23.469396624933097,4.202303987769457,0.20776000000000017,24.824986743758735
2024-11-04 18:06:34,4.202284272491052,0.207,23.469396624933097,4.202310559528766,0.20772000000000015,24.779860392080668
2024-11-04 18:06:34,4.202612860457368,0.207,21.84997632024192,4.202323703047419,0.2076800000000002,24.702345634308777
2024-11-04 18:06:34,4.202119978508306,0.207,26.437220450515156,4.202323703047419,0.2076400000000002,24.746228582610648
2024-11-04 18:06:34,4.202119978508306,0.207,24.9947353287605,4.202317131288109,0.20760000000000023,24.74622858261064
2024-11-04 18:06:35,4.202612860457368,0.207,25.72571420883662,4.202330274806763,0.20756000000000022,24.775881406078934
2024-11-04 18:06:35,4.201955684525837,0.207,25.72571420883662,4.202303987769501,0.2075200000000002,24.76165128124536
2024-11-04 18:06:35,4.202284272491052,0.207,25.72571420883662,4.2023039877695005,0.2074800000000002,24.76165128124536
2024-11-04 18:06:35,4.202284272491052,0.207,24.2430730354219,4.202310559528811,0.20744000000000018,24.761651281245364
2024-11-04 18:06:36,4.202119978508306,0.208,26.437220450515156,4.2023039877695005,0.20744000000000015,24.821007757757
2024-11-04 18:06:36,4.202777154440939,0.208,24.2430730354219,4.202336846566105,0.2074400000000001,24.821007757757002
2024-11-04 18:06:36,4.202284272491052,0.207,27.13035904417916,4.202323703047452,0.20740000000000008,24.849100654463847
2024-11-04 18:06:36,4.202284272491052,0.207,27.13035904417916,4.202330274806762,0.20736000000000007,24.8771935511707
2024-11-04 18:06:37,4.201955684525837,0.207,23.469396624933097,4.20233684656605,0.20732000000000006,24.877193551170702
2024-11-04 18:06:37,4.202448566474072,0.207,24.2430730354219,4.20234999008468,0.20728000000000008,24.892667079380477
2024-11-04 18:06:37,4.202612860457368,0.207,26.437220450515156,4.202356561844012,0.20724000000000012,24.93655002768235
2024-11-04 18:06:37,4.202119978508306,0.208,25.72571420883662,4.202330274806706,0.20724000000000012,24.894941485815863
2024-11-04 18:06:38,4.202777154440939,0.208,24.9947353287605,4.202356561844012,0.20728000000000008,24.88032190821434
2024-11-04 18:06:38,4.201791390543644,0.208,24.9947353287605,4.202330274806794,0.20732000000000006,24.880321908214345
2024-11-04 18:06:38,4.202612860457368,0.208,25.72571420883662,4.202369705362621,0.20736000000000004,24.880321908214338
2024-11-04 18:06:38,4.202284272491052,0.208,22.672238853203226,4.202363133603299,0.20740000000000003,24.833871978703197
2024-11-04 18:06:39,4.202119978508306,0.207,25.72571420883662,4.202336846565994,0.20736000000000002,24.878998330381272
2024-11-04 18:06:39,4.202612860457368,0.207,24.9947353287605,4.202330274806652,0.20732000000000003,24.87899833038127
2024-11-04 18:06:39,4.202448566474072,0.207,25.72571420883662,4.202317131287977,0.20728000000000008,24.893617907982797
2024-11-04 18:06:39,4.202119978508306,0.207,24.2430730354219,4.202310559528667,0.20728000000000013,24.8936179079828
2024-11-04 18:06:40,4.201955684525837,0.207,25.72571420883662,4.202303987769367,0.20728000000000016,24.938744259660872
2024-11-04 18:06:40,4.202941448424786,0.207,24.2430730354219,4.202330274806717,0.2072800000000002,24.954217787870643
2024-11-04 18:06:40,4.202612860457368,0.207,24.9947353287605,4.202330274806717,0.2072800000000002,25.000667717381795
2024-11-04 18:06:40,4.202284272491052,0.207,25.72571420883662,4.202336846566027,0.2072800000000002,25.030320540850088
2024-11-04 18:06:41,4.202284272491052,0.207,24.9947353287605,4.202343418325336,0.20728000000000016,25.045353786716856
2024-11-04 18:06:41,4.202612860457368,0.207,21.84997632024192,4.202343418325336,0.20728000000000016,24.98245860654648
2024-11-04 18:06:41,4.202448566474072,0.207,25.72571420883662,4.202363133603265,0.20728000000000016,25.02758495822455
2024-11-04 18:06:41,4.202777154440939,0.207,24.2430730354219,4.202382848881261,0.20728000000000016,25.027584958224548
2024-11-04 18:06:42,4.202284272491052,0.207,26.437220450515156,4.202382848881262,0.20728000000000016,25.04181508305812
2024-11-04 18:06:42,4.202119978508306,0.207,27.13035904417916,4.202382848881262,0.20724000000000015,25.084527557366485
2024-11-04 18:06:42,4.202448566474072,0.207,26.437220450515156,4.202369705362587,0.20720000000000016,25.128410505668352
2024-11-04 18:06:42,4.202612860457368,0.207,25.72571420883662,4.20238284888124,0.20720000000000013,25.128410505668352
2024-11-04 18:06:43,4.202284272491052,0.207,24.2430730354219,4.202382848881239,0.20720000000000013,25.12841050566835
2024-11-04 18:06:43,4.202777154440939,0.207,24.9947353287605,4.202415707677844,0.20720000000000013,25.08569803135998
2024-11-04 18:06:43,4.202612860457368,0.207,24.9947353287605,4.202422279437176,0.2072000000000001,25.100731277226746
2024-11-04 18:06:43,4.202448566474072,0.207,24.2430730354219,4.202415707677844,0.2072000000000001,25.08569803135998
2024-11-04 18:06:44,4.202448566474072,0.207,24.9947353287605,4.2024288511964745,0.2071600000000001,25.085698031359986
2024-11-04 18:06:44,4.202448566474072,0.207,24.2430730354219,4.202415707677798,0.2071200000000001,25.056045207891692
2024-11-04 18:06:44,4.202284272491052,0.207,25.72571420883662,4.202435422955695,0.2070800000000001,25.056045207891692
2024-11-04 18:06:44,4.202119978508306,0.207,24.9947353287605,4.202415707677733,0.20704000000000009,25.041425630290174
2024-11-04 18:06:45,4.201791390543644,0.207,24.2430730354219,4.202395992399836,0.2070000000000001,25.041425630290167
2024-11-04 18:06:45,4.202448566474072,0.207,26.437220450515156,4.202409135918465,0.2070000000000001,25.041425630290167
2024-11-04 18:06:45,4.202448566474072,0.207,24.9947353287605,4.202402564159133,0.2070000000000001,25.07193240436672
2024-11-04 18:06:45,4.202612860457368,0.207,23.469396624933097,4.202409135918465,0.2070000000000001,25.026806052688652
2024-11-04 18:06:46,4.202119978508306,0.207,24.2430730354219,4.202409135918465,0.2070000000000001,25.011772806821877
2024-11-04 18:06:46,4.202612860457368,0.207,25.72571420883662,4.202435422955727,0.2070000000000001,25.056899158499956
2024-11-04 18:06:46,4.202612860457368,0.207,24.9947353287605,4.202422279437031,0.2070000000000001,25.087405932576498
2024-11-04 18:06:46,4.202777154440939,0.207,24.9947353287605,4.202428851196375,0.2070000000000001,25.150301112746874
2024-11-04 18:06:47,4.202448566474072,0.207,22.672238853203226,4.202435422955695,0.2070000000000001,25.075001480800633
2024-11-04 18:06:47,4.202612860457368,0.207,23.469396624933097,4.202448566474348,0.2070000000000001,25.04449470672408
2024-11-04 18:06:47,4.202612860457368,0.207,24.9947353287605,4.202448566474349,0.2070000000000001,25.029875129122562
2024-11-04 18:06:47,4.202448566474072,0.207,25.72571420883662,4.202448566474349,0.2070000000000001,25.029875129122555
2024-11-04 18:06:48,4.202284272491052,0.207,24.2430730354219,4.202428851196355,0.2070000000000001,25.000222305654265
2024-11-04 18:06:48,4.202777154440939,0.207,25.72571420883662,4.2024485664743505,0.2070000000000001,25.029875129122555
2024-11-04 18:06:48,4.201791390543644,0.207,25.72571420883662,4.202435422955763,0.2070000000000001,25.01564500428899
2024-11-04 18:06:48,4.202448566474072,0.207,24.9947353287605,4.2024354229557614,0.2070000000000001,25.030678250155756
2024-11-04 18:06:49,4.202941448424786,0.207,25.72571420883662,4.202448566474458,0.2070000000000001,25.00258535344891
2024-11-04 18:06:49,4.202284272491052,0.207,25.72571420883662,4.202448566474458,0.2070000000000001,24.974492456742055
2024-11-04 18:06:49,4.202448566474072,0.207,24.9947353287605,4.202435422955783,0.2070000000000001,25.004999230818598
2024-11-04 18:06:49,4.202119978508306,0.207,25.72571420883662,4.20241570767782,0.2070000000000001,25.034652054286898
2024-11-04 18:06:50,4.202284272491052,0.207,24.9947353287605,4.202409135918498,0.2070000000000001,25.005802351851802
2024-11-04 18:06:50,4.202284272491052,0.207,25.72571420883662,4.202402564159178,0.2070000000000001,25.00580235185181
2024-11-04 18:06:50,4.202448566474072,0.207,24.2430730354219,4.202402564159177,0.2070000000000001,24.99076910598503
2024-11-04 18:06:50,4.202284272491052,0.207,24.9947353287605,4.202402564159177,0.2070000000000001,24.990769105985038
2024-11-04 18:06:51,4.202612860457368,0.207,24.9947353287605,4.202422279437141,0.2070000000000001,24.976149528383516
2024-11-04 18:06:51,4.202284272491052,0.207,24.2430730354219,4.202441994715038,0.2070000000000001,25.007566212027886
2024-11-04 18:06:51,4.202941448424786,0.207,26.437220450515156,4.202461709993067,0.2070000000000001,25.021796336861463
2024-11-04 18:06:51,4.202612860457368,0.207,27.13035904417916,4.202468281752399,0.2070000000000001,25.06450881116983
2024-11-04 18:06:52,4.202777154440939,0.207,24.9947353287605,4.202474853511743,0.2070000000000001,25.04988923356831
2024-11-04 18:06:52,4.202612860457368,0.207,24.9947353287605,4.202494568789706,0.2070000000000001,25.064922479435076
2024-11-04 18:06:52,4.202119978508306,0.206,25.72571420883662,4.202474853511743,0.20696000000000006,25.064922479435083
2024-11-04 18:06:52,4.202941448424786,0.206,22.672238853203226,4.20248799703044,0.20692,25.03350579579071
2024-11-04 18:06:53,4.202448566474072,0.207,24.9947353287605,4.202474853511765,0.20692,25.033505795790706
2024-11-04 18:06:53,4.202448566474072,0.207,24.9947353287605,4.202474853511765,0.20692,25.018886218189188
2024-11-04 18:06:53,4.202448566474072,0.206,25.72571420883662,4.202468281752432,0.20687999999999995,25.033505795790706
2024-11-04 18:06:53,4.202777154440939,0.206,24.9947353287605,4.202474853511775,0.2068399999999999,25.09640097596108
2024-11-04 18:06:54,4.202941448424786,0.206,25.72571420883662,4.202494568789803,0.20679999999999993,25.096400975961078
2024-11-04 18:06:54,4.202448566474072,0.207,25.72571420883662,4.202501140549122,0.20679999999999998,25.126053799429375
2024-11-04 18:06:54,4.201955684525837,0.207,24.2430730354219,4.202468281752518,0.20679999999999998,25.082170851127508
2024-11-04 18:06:54,4.202448566474072,0.207,24.2430730354219,4.202494568789734,0.20679999999999998,25.02442513095236
2024-11-04 18:06:55,4.202612860457368,0.206,25.72571420883662,4.2025011405490655,0.20676000000000003,25.010195006118792
2024-11-04 18:06:55,4.202284272491052,0.206,25.72571420883662,4.202474853511717,0.20672000000000004,25.010195006118785
2024-11-04 18:06:55,4.202448566474072,0.206,25.72571420883662,4.202481425271038,0.20668000000000006,25.039847829587078
2024-11-04 18:06:55,4.202448566474072,0.206,24.2430730354219,4.2024814252710385,0.20664000000000002,25.024814583720314
2024-11-04 18:06:56,4.202612860457368,0.206,24.2430730354219,4.202501140549002,0.20659999999999998,25.00978133785354
2024-11-04 18:06:56,4.202448566474072,0.206,24.9947353287605,4.202507712308321,0.2065599999999999,25.024814583720314
2024-11-04 18:06:56,4.202284272491052,0.206,24.9947353287605,4.202507712308321,0.2065199999999999,25.024814583720307
2024-11-04 18:06:56,4.203270036393308,0.207,26.437220450515156,4.202540571105092,0.20651999999999998,25.068697532022178
2024-11-04 18:06:57,4.202777154440939,0.207,24.9947353287605,4.202560286383089,0.20652000000000004,25.05407795442065
2024-11-04 18:06:57,4.202284272491052,0.206,23.469396624933097,4.202547142864437,0.20648000000000008,25.023571180344106
2024-11-04 18:06:57,4.202119978508306,0.206,24.9947353287605,4.202540571105127,0.20644000000000007,25.03860442621088
2024-11-04 18:06:57,4.202612860457368,0.206,24.2430730354219,4.20252742758643,0.20640000000000003,24.994721477909014
2024-11-04 18:06:58,4.202612860457368,0.206,24.9947353287605,4.202527427586431,0.20636000000000007,24.99472147790901
2024-11-04 18:06:58,4.202119978508306,0.206,23.469396624933097,4.202501140549127,0.20632,24.994721477909014
2024-11-04 18:06:58,4.202284272491052,0.206,25.72571420883662,4.202487997030473,0.20627999999999996,25.024374301377303
2024-11-04 18:06:58,4.202612860457368,0.206,24.2430730354219,4.202507712308436,0.20627999999999996,24.99472147790901
2024-11-04 18:06:59,4.202448566474072,0.206,25.72571420883662,4.202487997030407,0.20627999999999996,25.00934105551054
2024-11-04 18:06:59,4.202941448424786,0.206,24.9947353287605,4.202507712308435,0.20623999999999998,25.009341055510546
2024-11-04 18:06:59,4.202284272491052,0.206,24.9947353287605,4.2025011405491135,0.20619999999999997,25.055790985021687
2024-11-04 18:06:59,4.202777154440939,0.206,24.9947353287605,4.202514284067789,0.20620000000000002,25.086297759098237
2024-11-04 18:07:00,4.202448566474072,0.206,26.437220450515156,4.2025011405491135,0.20620000000000002,25.115147461533326
2024-11-04 18:07:00,4.202119978508306,0.206,24.2430730354219,4.202468281752454,0.20619999999999997,25.085494638065025
2024-11-04 18:07:00,4.203105742408909,0.206,27.13035904417916,4.202494568789848,0.20616,25.143240358240174
2024-11-04 18:07:00,4.202777154440939,0.206,24.9947353287605,4.2025274275864515,0.20612000000000003,25.128620780638652
2024-11-04 18:07:01,4.202284272491052,0.206,25.72571420883662,4.202520855827131,0.20608000000000004,25.12862078063865
2024-11-04 18:07:01,4.202941448424786,0.206,23.469396624933097,4.202533999345827,0.20608000000000004,25.098114006562106
2024-11-04 18:07:01,4.202612860457368,0.206,25.72571420883662,4.20254714286448,0.20608000000000004,25.09811400656211
2024-11-04 18:07:01,4.202777154440939,0.206,26.437220450515156,4.2025602863831555,0.20608000000000004,25.112344131395677
2024-11-04 18:07:02,4.202941448424786,0.206,22.672238853203226,4.202580001661184,0.20608000000000004,25.065894201884536
2024-11-04 18:07:02,4.202448566474072,0.206,26.437220450515156,4.202573429901851,0.20608000000000004,25.080124326718096
2024-11-04 18:07:02,4.202777154440939,0.205,27.13035904417916,4.202586573420527,0.20604000000000006,25.122836801026473
2024-11-04 18:07:02,4.202612860457368,0.205,24.2430730354219,4.202599716939179,0.20600000000000007,25.093183977558184
2024-11-04 18:07:03,4.202941448424786,0.206,24.9947353287605,4.202586573420438,0.20596000000000006,25.108217223424948
2024-11-04 18:07:03,4.203105742408909,0.206,24.9947353287605,4.202599716939157,0.2059200000000001,25.108217223424955
2024-11-04 18:07:03,4.202284272491052,0.206,24.9947353287605,4.202599716939158,0.2059200000000001,25.108217223424948
2024-11-04 18:07:03,4.202284272491052,0.205,29.10927472714519,4.202606288698467,0.2058800000000001,25.205541257259412
2024-11-04 18:07:04,4.202612860457368,0.205,24.9947353287605,4.202606288698467,0.20584000000000008,25.176691554824323
2024-11-04 18:07:04,4.202777154440939,0.205,24.2430730354219,4.20261286045781,0.2058000000000001,25.118945834649185
2024-11-04 18:07:04,4.202612860457368,0.205,25.72571420883662,4.202632575735773,0.2057600000000001,25.1335654122507
2024-11-04 18:07:04,4.202448566474072,0.205,27.13035904417916,4.202639147495094,0.20572000000000012,25.176277886559078
2024-11-04 18:07:05,4.202612860457368,0.205,26.437220450515156,4.202639147495094,0.2056800000000001,25.19050801139264
2024-11-04 18:07:05,4.202448566474072,0.205,26.437220450515156,4.202639147495093,0.2056400000000001,25.265807643338885
2024-11-04 18:07:05,4.202777154440939,0.205,24.9947353287605,4.2026325757357395,0.2056000000000001,25.26580764333888
2024-11-04 18:07:05,4.202777154440939,0.205,25.72571420883662,4.202652291013735,0.20556000000000008,25.28042722094041
2024-11-04 18:07:06,4.202612860457368,0.205,25.72571420883662,4.2026457192543925,0.20552000000000006,25.28042722094041
2024-11-04 18:07:06,4.202448566474072,0.205,24.9947353287605,4.2026457192543925,0.20548000000000005,25.280427220940407
2024-11-04 18:07:06,4.202612860457368,0.205,24.2430730354219,4.202665434532355,0.20544000000000007,25.250774397472114
2024-11-04 18:07:06,4.202941448424786,0.205,24.2430730354219,4.2026588627729895,0.20540000000000005,25.221121574003824
2024-11-04 18:07:07,4.202941448424786,0.205,23.469396624933097,4.202665434532342,0.20536000000000004,25.20564804579405
2024-11-04 18:07:07,4.202119978508306,0.205,23.469396624933097,4.202658862773033,0.20532000000000003,25.190174517584268
2024-11-04 18:07:07,4.202612860457368,0.205,24.2430730354219,4.2026457192543365,0.20528000000000002,25.160521694115978
2024-11-04 18:07:07,4.202448566474072,0.205,24.9947353287605,4.202639147495004,0.20524000000000003,25.14590211651445
2024-11-04 18:07:08,4.202448566474072,0.205,24.2430730354219,4.202626003976329,0.20520000000000002,25.116249293046156
2024-11-04 18:07:08,4.202448566474072,0.205,25.72571420883662,4.202606288698298,0.20516000000000006,25.145902116514453
2024-11-04 18:07:08,4.202777154440939,0.206,26.437220450515156,4.202619432216974,0.20516,25.189785064816324
2024-11-04 18:07:08,4.202612860457368,0.206,23.469396624933097,4.202612860457632,0.2052,25.15927829073977
2024-11-04 18:07:09,4.202777154440939,0.206,24.9947353287605,4.2026194322169745,0.20523999999999998,25.159278290739767
2024-11-04 18:07:09,4.202448566474072,0.205,24.9947353287605,4.202599716938946,0.2052,25.13042858830467
2024-11-04 18:07:09,4.202612860457368,0.205,24.9947353287605,4.202580001660885,0.20515999999999998,25.130428588304675
2024-11-04 18:07:09,4.202941448424786,0.205,24.9947353287605,4.202606288698234,0.20512,25.160935362381228
2024-11-04 18:07:10,4.202612860457368,0.205,27.80614130216054,4.202619432216887,0.20512000000000005,25.217163481849227
2024-11-04 18:07:10,4.202777154440939,0.205,23.469396624933097,4.202626003976231,0.20512000000000008,25.201689953639452
2024-11-04 18:07:10,4.202448566474072,0.205,24.9947353287605,4.202612860457556,0.20512000000000008,25.20168995363945
2024-11-04 18:07:10,4.202612860457368,0.205,24.9947353287605,4.202612860457557,0.20512000000000008,25.232196727715994
2024-11-04 18:07:11,4.202777154440939,0.205,22.672238853203226,4.202626003976231,0.20512000000000008,25.171127220603324
2024-11-04 18:07:11,4.202612860457368,0.205,24.2430730354219,4.202626003976232,0.20512000000000008,25.171127220603324
2024-11-04 18:07:11,4.202941448424786,0.205,24.2430730354219,4.20264571925426,0.20512000000000008,25.141474397135035
2024-11-04 18:07:11,4.202284272491052,0.205,25.72571420883662,4.202626003976265,0.20512000000000008,25.15609397473656
2024-11-04 18:07:12,4.202448566474072,0.205,24.2430730354219,4.20261286045759,0.20512000000000008,25.141060728869785
2024-11-04 18:07:12,4.202941448424786,0.205,25.72571420883662,4.202626003976286,0.20512000000000008,25.155680306471314
2024-11-04 18:07:12,4.202448566474072,0.205,23.469396624933097,4.202626003976285,0.20512000000000008,25.09632382995967
2024-11-04 18:07:12,4.202941448424786,0.205,24.9947353287605,4.202639147494981,0.20512000000000005,25.111357075826444
2024-11-04 18:07:13,4.202448566474072,0.205,24.2430730354219,4.202619432216952,0.20512000000000005,25.053611355651295
2024-11-04 18:07:13,4.202612860457368,0.205,25.72571420883662,4.202606288698255,0.20512000000000005,25.068230933252824
2024-11-04 18:07:13,4.202777154440939,0.205,24.9947353287605,4.20263257573556,0.20512000000000005,25.053611355651295
2024-11-04 18:07:13,4.202612860457368,0.205,24.2430730354219,4.202632575735561,0.20512000000000005,25.069084883861077
2024-11-04 18:07:14,4.202119978508306,0.205,24.2430730354219,4.20261943221693,0.20512000000000005,25.039432060392777
2024-11-04 18:07:14,4.202612860457368,0.205,23.469396624933097,4.202626003976262,0.20512000000000005,24.980075583881135
2024-11-04 18:07:14,4.2034343303779815,0.205,26.437220450515156,4.2026654345324195,0.20512000000000005,25.05537521582738
2024-11-04 18:07:14,4.202284272491052,0.205,24.9947353287605,4.2026457192544235,0.20508000000000007,25.026525513392276
2024-11-04 18:07:15,4.202612860457368,0.205,24.9947353287605,4.202645719254425,0.20504000000000006,24.983813039083905
2024-11-04 18:07:15,4.202777154440939,0.205,24.9947353287605,4.202645719254425,0.20500000000000004,24.998846284950673
2024-11-04 18:07:15,4.202777154440939,0.205,25.72571420883662,4.202658862773101,0.20500000000000004,25.013465862552202
2024-11-04 18:07:15,4.202448566474072,0.205,24.9947353287605,4.202652291013768,0.20500000000000004,25.0134658625522
2024-11-04 18:07:16,4.202941448424786,0.205,24.9947353287605,4.202652291013767,0.20500000000000004,25.013465862552195
2024-11-04 18:07:16,4.202448566474072,0.204,25.72571420883662,4.202645719254435,0.20496000000000006,24.945794652186024
2024-11-04 18:07:16,4.202941448424786,0.204,25.72571420883662,4.202652291013789,0.20492000000000007,24.96041422978754
2024-11-04 18:07:16,4.202941448424786,0.205,25.72571420883662,4.202672006291817,0.20492000000000007,24.990067053255824
2024-11-04 18:07:17,4.202941448424786,0.205,23.469396624933097,4.202685149810514,0.20492000000000007,24.944940701577767
2024-11-04 18:07:17,4.203270036393308,0.205,25.72571420883662,4.202704865088609,0.20492000000000007,24.916847804870912
2024-11-04 18:07:17,4.202612860457368,0.205,22.672238853203226,4.2027048650886085,0.20492000000000007,24.84154817292467
2024-11-04 18:07:17,4.202941448424786,0.205,25.72571420883662,4.2027048650886085,0.20492000000000005,24.82731804809111
2024-11-04 18:07:18,4.202941448424786,0.205,24.2430730354219,4.202731152125956,0.20492000000000002,24.812284802224337
2024-11-04 18:07:18,4.202119978508306,0.205,24.9947353287605,4.202718008607327,0.20492000000000002,24.797665224622815
2024-11-04 18:07:18,4.203105742408909,0.205,25.72571420883662,4.202724580366692,0.20492000000000002,24.797665224622815
2024-11-04 18:07:18,4.203105742408909,0.205,26.437220450515156,4.202750867404086,0.20492000000000002,24.826514927057914
2024-11-04 18:07:19,4.202612860457368,0.205,24.2430730354219,4.202737723885391,0.20492000000000002,24.82651492705791
2024-11-04 18:07:19,4.202777154440939,0.205,24.2430730354219,4.202750867404066,0.20492000000000002,24.826514927057907
2024-11-04 18:07:19,4.203105742408909,0.205,24.9947353287605,4.2027705826821276,0.20492000000000002,24.857021701134457
2024-11-04 18:07:19,4.202612860457368,0.205,24.9947353287605,4.202764010922785,0.20492000000000002,24.88752847521101
2024-11-04 18:07:20,4.203105742408909,0.205,21.84997632024192,4.202783726200846,0.20492000000000005,24.839666540907405
2024-11-04 18:07:20,4.202448566474072,0.205,25.72571420883662,4.202796869719477,0.20492000000000005,24.854286118508934
2024-11-04 18:07:20,4.202941448424786,0.204,25.72571420883662,4.202810013238174,0.20488000000000006,24.88393894197722
2024-11-04 18:07:20,4.202777154440939,0.204,24.9947353287605,4.202783726200693,0.20484000000000008,24.869319364375702
2024-11-04 18:07:21,4.202612860457368,0.204,27.13035904417916,4.202796869719345,0.20480000000000012,24.88318213624898
2024-11-04 18:07:21,4.202777154440939,0.204,24.2430730354219,4.202803441478689,0.20476000000000014,24.89865566445875
2024-11-04 18:07:21,4.202777154440939,0.205,25.72571420883662,4.202803441478688,0.20476000000000014,24.91327524206028
2024-11-04 18:07:21,4.202612860457368,0.205,24.9947353287605,4.202796869719345,0.2047600000000001,24.913275242060276
2024-11-04 18:07:22,4.202941448424786,0.204,24.2430730354219,4.2028165849973735,0.20472000000000012,24.89824199619351
2024-11-04 18:07:22,4.202941448424786,0.204,25.72571420883662,4.202816584997373,0.2046800000000001,24.912861573795027
2024-11-04 18:07:22,4.203270036393308,0.204,21.84997632024192,4.202849443794142,0.20468000000000008,24.793738274156652
2024-11-04 18:07:22,4.202777154440939,0.205,24.2430730354219,4.20284287203479,0.20472000000000004,24.809211802366434
2024-11-04 18:07:23,4.202612860457368,0.205,24.9947353287605,4.202829728516093,0.20472000000000004,24.80921180236643
2024-11-04 18:07:23,4.203105742408909,0.205,24.9947353287605,4.202836300275457,0.20472000000000004,24.809211802366434
2024-11-04 18:07:23,4.202777154440939,0.204,23.469396624933097,4.202816584997363,0.20468000000000003,24.82515495780103
2024-11-04 18:07:23,4.202777154440939,0.204,24.9947353287605,4.202823156756706,0.20464000000000002,24.840188203667804
2024-11-04 18:07:24,4.203105742408909,0.204,24.9947353287605,4.20282972851607,0.2046,24.85522144953458
2024-11-04 18:07:24,4.202612860457368,0.204,26.437220450515156,4.202816584997374,0.20456000000000008,24.869451574368142
2024-11-04 18:07:24,4.202777154440939,0.204,25.72571420883662,4.20284287203468,0.2045200000000001,24.899104397836435
2024-11-04 18:07:24,4.202941448424786,0.204,24.9947353287605,4.202836300275315,0.2044800000000001,24.884484820234917
2024-11-04 18:07:25,4.202941448424786,0.204,27.13035904417916,4.202829728515949,0.20444000000000012,24.957704068619833
2024-11-04 18:07:25,4.202612860457368,0.204,24.2430730354219,4.202829728515949,0.2044000000000001,24.942670822753065
2024-11-04 18:07:25,4.202941448424786,0.204,27.80614130216054,4.202836300275302,0.2043600000000001,25.013932188087832
2024-11-04 18:07:25,4.202777154440939,0.204,25.72571420883662,4.202823156756583,0.20432000000000008,25.01393218808784
2024-11-04 18:07:26,4.203105742408909,0.204,24.9947353287605,4.202842872034645,0.20428000000000007,25.013932188087843
2024-11-04 18:07:26,4.202777154440939,0.204,24.9947353287605,4.202829728515926,0.2042400000000001,25.02896543395461
2024-11-04 18:07:26,4.202777154440939,0.204,24.9947353287605,4.202842872034601,0.20420000000000008,25.043998679821385
2024-11-04 18:07:26,4.202612860457368,0.204,24.2430730354219,4.202829728515905,0.20420000000000005,25.059472208031156
2024-11-04 18:07:27,4.202941448424786,0.204,23.469396624933097,4.2028363002752585,0.20420000000000005,25.000115731519514
2024-11-04 18:07:27,4.202941448424786,0.204,27.13035904417916,4.202849443793955,0.20420000000000005,25.04282820582789
2024-11-04 18:07:27,4.203105742408909,0.204,24.9947353287605,4.202862587312674,0.20420000000000005,25.042828205827888
2024-11-04 18:07:27,4.202448566474072,0.204,24.2430730354219,4.202849443793998,0.20416000000000004,25.02779495996112
2024-11-04 18:07:28,4.202612860457368,0.204,25.72571420883662,4.2028494437939985,0.20412000000000005,25.02779495996112
2024-11-04 18:07:28,4.202777154440939,0.204,25.72571420883662,4.202842872034645,0.20412000000000005,25.042414537562646
2024-11-04 18:07:28,4.202941448424786,0.204,24.2430730354219,4.202842872034644,0.20412000000000005,25.02738129169587
2024-11-04 18:07:28,4.203105742408909,0.204,24.2430730354219,4.202836300275268,0.20412000000000005,24.997728468227578
2024-11-04 18:07:29,4.203270036393308,0.204,26.437220450515156,4.202856015553363,0.20408000000000004,25.011958593061145
2024-11-04 18:07:29,4.202941448424786,0.204,23.469396624933097,4.20286915907206,0.20404000000000008,24.966832241383077
2024-11-04 18:07:29,4.202777154440939,0.204,25.72571420883662,4.202856015553341,0.20400000000000007,25.011958593061152
2024-11-04 18:07:29,4.202941448424786,0.204,22.672238853203226,4.202862587312695,0.20400000000000007,24.95088908594848
2024-11-04 18:07:30,4.202941448424786,0.204,23.469396624933097,4.202869159072049,0.20400000000000007,24.96683224138308
2024-11-04 18:07:30,4.2034343303779815,0.204,24.9947353287605,4.202882302590812,0.20400000000000007,24.952212663781552
2024-11-04 18:07:30,4.202777154440939,0.204,23.469396624933097,4.202888874350155,0.20400000000000007,24.93673913557178
2024-11-04 18:07:30,4.202777154440939,0.204,24.2430730354219,4.202888874350155,0.20400000000000007,24.921705889705013
2024-11-04 18:07:31,4.202777154440939,0.204,25.72571420883662,4.202882302590801,0.20400000000000007,24.92170588970501
2024-11-04 18:07:31,4.202612860457368,0.204,23.469396624933097,4.202869159072105,0.20400000000000007,24.862349413193375
2024-11-04 18:07:31,4.202941448424786,0.203,21.84997632024192,4.202882302590801,0.20396,24.81448747888977
2024-11-04 18:07:31,4.202777154440939,0.203,26.437220450515156,4.2028757308314475,0.20391999999999996,24.85837042719163
2024-11-04 18:07:32,4.202941448424786,0.203,24.2430730354219,4.202882302590801,0.20387999999999992,24.843337181324863
2024-11-04 18:07:32,4.202777154440939,0.203,27.13035904417916,4.202869159072082,0.20383999999999985,24.886049655633233
2024-11-04 18:07:32,4.203105742408909,0.203,24.9947353287605,4.202882302590801,0.20379999999999981,24.94894483580361
2024-11-04 18:07:32,4.203105742408909,0.203,24.9947353287605,4.202895446109522,0.20375999999999983,24.93432525820209
2024-11-04 18:07:33,4.203105742408909,0.203,24.9947353287605,4.202915161387583,0.20371999999999985,24.919705680600558
2024-11-04 18:07:33,4.202941448424786,0.203,24.2430730354219,4.202915161387582,0.2036799999999999,24.904672434733783
2024-11-04 18:07:33,4.202941448424786,0.203,24.9947353287605,4.202915161387582,0.2036399999999999,24.861959960425416
2024-11-04 18:07:33,4.2035986243629315,0.203,24.9947353287605,4.202934876665743,0.20359999999999992,24.87699320629219
2024-11-04 18:07:34,4.203105742408909,0.204,25.72571420883662,4.2029611637031365,0.2036,24.87699320629219
2024-11-04 18:07:34,4.202941448424786,0.204,21.84997632024192,4.202974307221833,0.20360000000000006,24.814098026121815
2024-11-04 18:07:34,4.202284272491052,0.204,24.2430730354219,4.202954591943837,0.20360000000000014,24.81409802612182
2024-11-04 18:07:34,4.203270036393308,0.204,26.437220450515156,4.202967735462578,0.2036000000000002,24.828328150955393
2024-11-04 18:07:35,4.202612860457368,0.204,24.9947353287605,4.202948020184516,0.20360000000000028,24.89122333112576
2024-11-04 18:07:35,4.2035986243629315,0.204,26.437220450515156,4.202961163703302,0.20360000000000025,24.935106279427618
2024-11-04 18:07:35,4.203270036393308,0.204,26.437220450515156,4.202974307222043,0.2036000000000002,24.963955981862718
2024-11-04 18:07:35,4.202777154440939,0.203,27.80614130216054,4.202974307222043,0.20356000000000013,25.020184101330713
2024-11-04 18:07:36,4.203105742408909,0.203,21.84997632024192,4.202980878981408,0.20352000000000003,24.987795695236898
2024-11-04 18:07:36,4.202612860457368,0.203,24.9947353287605,4.202967735462712,0.20347999999999997,24.98779569523689
2024-11-04 18:07:36,4.203105742408909,0.203,25.72571420883662,4.202954591943949,0.2034399999999999,25.002415272838405
2024-11-04 18:07:36,4.203270036393308,0.203,25.72571420883662,4.2029743072220445,0.20339999999999983,24.988185148004842
2024-11-04 18:07:37,4.203270036393308,0.203,24.9947353287605,4.202994022500139,0.20335999999999982,24.97356557040332
2024-11-04 18:07:37,4.203270036393308,0.203,25.72571420883662,4.203013737778234,0.20331999999999983,24.988185148004842
2024-11-04 18:07:37,4.202777154440939,0.203,23.469396624933097,4.203020309537577,0.20327999999999982,24.914965899619915
2024-11-04 18:07:37,4.202777154440939,0.203,23.469396624933097,4.203013737778224,0.20327999999999985,24.899492371410144
2024-11-04 18:07:38,4.203270036393308,0.203,24.2430730354219,4.203033453056318,0.20327999999999988,24.82823100607537
2024-11-04 18:07:38,4.202941448424786,0.203,27.13035904417916,4.203033453056318,0.20327999999999993,24.856323902782215
2024-11-04 18:07:38,4.203270036393308,0.203,23.469396624933097,4.203053168334413,0.20327999999999996,24.825817128705673
2024-11-04 18:07:38,4.202941448424786,0.203,23.469396624933097,4.203046596575047,0.20328,24.795310354629127
2024-11-04 18:07:39,4.203270036393308,0.203,24.9947353287605,4.2030531683344226,0.20328,24.795310354629123
2024-11-04 18:07:39,4.202448566474072,0.204,24.2430730354219,4.203026881297028,0.20332000000000008,24.795310354629127
2024-11-04 18:07:39,4.202777154440939,0.204,25.72571420883662,4.203020309537674,0.20336000000000012,24.8404367063072
2024-11-04 18:07:39,4.202941448424786,0.203,24.9947353287605,4.203020309537674,0.2033600000000001,24.797724231998824
2024-11-04 18:07:40,4.203105742408909,0.203,24.9947353287605,4.203000594259513,0.2033600000000001,24.797724231998828
2024-11-04 18:07:40,4.2035986243629315,0.203,24.2430730354219,4.203020309537674,0.20332000000000008,24.797724231998824
2024-11-04 18:07:40,4.202448566474072,0.203,24.9947353287605,4.2030005942596445,0.20328,24.783104654397302
2024-11-04 18:07:40,4.203105742408909,0.203,24.9947353287605,4.203033453056359,0.20323999999999995,24.768485076795784
2024-11-04 18:07:41,4.203105742408909,0.203,26.437220450515156,4.203026881296983,0.20319999999999994,24.81236802509764
2024-11-04 18:07:41,4.203105742408909,0.203,23.469396624933097,4.203046596575045,0.20315999999999992,24.796894496887866
2024-11-04 18:07:41,4.202777154440939,0.203,24.2430730354219,4.203013737778166,0.20311999999999994,24.753011548586002
2024-11-04 18:07:41,4.203105742408909,0.203,23.469396624933097,4.20300716601879,0.20307999999999993,24.753011548586006
2024-11-04 18:07:42,4.203270036393308,0.203,23.469396624933097,4.203026881296886,0.20307999999999993,24.707885196907927
2024-11-04 18:07:42,4.203270036393308,0.203,25.72571420883662,4.203033453056261,0.20307999999999993,24.768954704020597
2024-11-04 18:07:42,4.202448566474072,0.203,23.469396624933097,4.203026881296929,0.20307999999999993,24.768954704020594
2024-11-04 18:07:42,4.202941448424786,0.203,24.2430730354219,4.203020309537564,0.20307999999999993,24.753921458153826
2024-11-04 18:07:43,4.202284272491052,0.203,24.9947353287605,4.202980878981474,0.20307999999999995,24.784428232230372
2024-11-04 18:07:43,4.202777154440939,0.203,25.72571420883662,4.20296116370338,0.20308,24.814081055698672
2024-11-04 18:07:43,4.202777154440939,0.202,21.84997632024192,4.202941448425285,0.20304000000000003,24.736566297926778
2024-11-04 18:07:43,4.2034343303779815,0.202,23.469396624933097,4.202967735462766,0.20300000000000004,24.736566297926775
2024-11-04 18:07:44,4.202941448424786,0.203,23.469396624933097,4.202974307222119,0.20300000000000004,24.7689547040206
2024-11-04 18:07:44,4.202941448424786,0.203,25.72571420883662,4.202961163703377,0.20300000000000004,24.75472457918703
2024-11-04 18:07:44,4.2034343303779815,0.203,24.9947353287605,4.202980878981505,0.203,24.769757825053798
2024-11-04 18:07:44,4.203105742408909,0.203,24.9947353287605,4.202974307222129,0.20299999999999996,24.727045350745428
2024-11-04 18:07:45,4.202777154440939,0.203,24.2430730354219,4.202967735462776,0.20299999999999996,24.712012104878653
2024-11-04 18:07:45,4.202941448424786,0.203,23.469396624933097,4.202954591944034,0.20299999999999993,24.68150533080211
2024-11-04 18:07:45,4.203105742408909,0.203,25.72571420883662,4.202980878981429,0.20295999999999995,24.696124908403625
2024-11-04 18:07:45,4.2034343303779815,0.203,25.72571420883662,4.203007166018909,0.20291999999999993,24.725777731871922
2024-11-04 18:07:46,4.202941448424786,0.203,26.437220450515156,4.203007166018909,0.20291999999999993,24.75462743430701
2024-11-04 18:07:46,4.203270036393308,0.203,23.469396624933097,4.203013737778287,0.20291999999999993,24.72412066023047
2024-11-04 18:07:46,4.203105742408909,0.203,26.437220450515156,4.202994022500126,0.20291999999999993,24.738350785064032
2024-11-04 18:07:46,4.202941448424786,0.203,25.72571420883662,4.203013737778154,0.20291999999999993,24.815865542835926
2024-11-04 18:07:47,4.203105742408909,0.202,25.72571420883662,4.203013737778155,0.20287999999999998,24.845518366304223
2024-11-04 18:07:47,4.202941448424786,0.202,25.72571420883662,4.203007166018789,0.20284,24.83128824147065
2024-11-04 18:07:47,4.202777154440939,0.202,25.72571420883662,4.202994022500071,0.20280000000000004,24.845907819072163
2024-11-04 18:07:47,4.2034343303779815,0.203,25.72571420883662,4.2030203095375525,0.20280000000000004,24.831677694238596
2024-11-04 18:07:48,4.202777154440939,0.203,23.469396624933097,4.203007166018833,0.20280000000000004,24.772321217726955
2024-11-04 18:07:48,4.203270036393308,0.202,24.2430730354219,4.203007166018835,0.20276000000000002,24.70105985239219
2024-11-04 18:07:48,4.203105742408909,0.202,24.9947353287605,4.203000594259459,0.20272,24.763955032562556
2024-11-04 18:07:48,4.202941448424786,0.203,24.9947353287605,4.203020309537487,0.20271999999999998,24.763955032562563
2024-11-04 18:07:49,4.202941448424786,0.203,24.9947353287605,4.203020309537486,0.20271999999999996,24.74933545496104
2024-11-04 18:07:49,4.203270036393308,0.202,23.469396624933097,4.203059740093576,0.20268,24.704209103282974
2024-11-04 18:07:49,4.203762918348157,0.202,25.72571420883662,4.203099170649866,0.20264,24.7188286808845
2024-11-04 18:07:49,4.202941448424786,0.203,21.000806169342923,4.203105742409218,0.20267999999999997,24.624330520094617
2024-11-04 18:07:50,4.2034343303779815,0.203,24.9947353287605,4.203105742409218,0.20271999999999996,24.65483729417117
2024-11-04 18:07:50,4.203105742408909,0.203,23.469396624933097,4.2031123141685836,0.20271999999999996,24.654837294171166
2024-11-04 18:07:50,4.203105742408909,0.202,26.437220450515156,4.203118885927949,0.20267999999999994,24.698720242473037
2024-11-04 18:07:50,4.203270036393308,0.202,24.9947353287605,4.203112314168562,0.20263999999999996,24.65600776816466
2024-11-04 18:07:51,4.203270036393308,0.202,27.13035904417916,4.203118885927938,0.20259999999999997,24.729227016549586
2024-11-04 18:07:51,4.202941448424786,0.202,25.72571420883662,4.203125457687292,0.20256,24.774353368227647
2024-11-04 18:07:51,4.202612860457368,0.202,25.72571420883662,4.203112314168596,0.20252000000000003,24.788972945829173
2024-11-04 18:07:51,4.203105742408909,0.202,24.2430730354219,4.203112314168596,0.20248000000000005,24.788972945829176
2024-11-04 18:07:52,4.2034343303779815,0.202,24.2430730354219,4.203112314168595,0.20244000000000004,24.759320122360876
2024-11-04 18:07:52,4.203105742408909,0.202,22.672238853203226,4.203118885927961,0.20240000000000005,24.712870192849735
2024-11-04 18:07:52,4.2034343303779815,0.202,24.2430730354219,4.203125457687348,0.20236,24.69783694698296
2024-11-04 18:07:52,4.203270036393308,0.202,23.469396624933097,4.203132029446723,0.20232,24.68236341877319
2024-11-04 18:07:53,4.203105742408909,0.202,26.437220450515156,4.2031386012060885,0.20228000000000002,24.711213121208274
2024-11-04 18:07:53,4.202777154440939,0.202,25.72571420883662,4.203125457687371,0.20228000000000002,24.7258326988098
2024-11-04 18:07:53,4.202941448424786,0.202,24.2430730354219,4.20312545768737,0.20228,24.681949750507943
2024-11-04 18:07:53,4.203270036393308,0.202,26.437220450515156,4.203145172965464,0.20228,24.741306227019578
2024-11-04 18:07:54,4.2034343303779815,0.202,27.13035904417916,4.203145172965464,0.20223999999999998,24.799051947194727
2024-11-04 18:07:54,4.2034343303779815,0.202,24.2430730354219,4.203171460002945,0.2022,24.814525475404498
2024-11-04 18:07:54,4.203270036393308,0.202,26.437220450515156,4.203171460002945,0.20219999999999996,24.873881951916147
2024-11-04 18:07:54,4.203270036393308,0.202,25.72571420883662,4.203178031762322,0.20219999999999996,24.873881951916147
2024-11-04 18:07:55,4.202612860457368,0.202,23.469396624933097,4.203164888243625,0.20215999999999998,24.873881951916143
2024-11-04 18:07:55,4.2034343303779815,0.202,25.72571420883662,4.203184603521753,0.20212,24.903534775384443
2024-11-04 18:07:55,4.203270036393308,0.202,24.9947353287605,4.203184603521753,0.20212,24.903534775384447
2024-11-04 18:07:55,4.203105742408909,0.202,25.72571420883662,4.203158316484183,0.20212,24.903534775384443
2024-11-04 18:07:56,4.202777154440939,0.202,25.72571420883662,4.203151744724829,0.20207999999999998,24.98104953315633
2024-11-04 18:07:56,4.2035986243629315,0.202,24.9947353287605,4.203158316484227,0.20203999999999997,25.01155630723288
2024-11-04 18:07:56,4.203105742408909,0.202,24.9947353287605,4.203158316484229,0.20199999999999999,25.042063081309426
2024-11-04 18:07:56,4.203105742408909,0.202,24.9947353287605,4.203158316484229,0.20199999999999999,25.027443503707904
2024-11-04 18:07:57,4.2035986243629315,0.202,25.72571420883662,4.203171460003015,0.20199999999999999,25.042063081309433
2024-11-04 18:07:57,4.203105742408909,0.202,23.469396624933097,4.203164888243638,0.20199999999999999,25.01155630723288
2024-11-04 18:07:57,4.202941448424786,0.202,24.2430730354219,4.203164888243638,0.20199999999999999,25.011556307232887
2024-11-04 18:07:57,4.203105742408909,0.202,23.469396624933097,4.2031846035217,0.20199999999999999,25.01155630723288
2024-11-04 18:07:58,4.203105742408909,0.202,24.2430730354219,4.2031846035217,0.20199999999999999,24.98190348376459
2024-11-04 18:07:58,4.203105742408909,0.202,24.2430730354219,4.203171460002937,0.20199999999999999,24.9522506602963
2024-11-04 18:07:58,4.202777154440939,0.202,24.2430730354219,4.203158316484218,0.20199999999999999,24.908367711994423
2024-11-04 18:07:58,4.2034343303779815,0.202,24.2430730354219,4.203158316484218,0.20199999999999999,24.923841240204215
2024-11-04 18:07:59,4.203270036393308,0.202,24.9947353287605,4.203158316484218,0.20199999999999999,24.894991537769112
2024-11-04 18:07:59,4.2039272123336575,0.202,25.72571420883662,4.203191175281207,0.20199999999999999,24.894991537769112
2024-11-04 18:07:59,4.203270036393308,0.202,24.2430730354219,4.203210890559301,0.20199999999999999,24.86533871430082
2024-11-04 18:07:59,4.203105742408909,0.202,24.2430730354219,4.203217462318666,0.20199999999999999,24.83568589083253
2024-11-04 18:08:00,4.2035986243629315,0.202,24.9947353287605,4.203230605837452,0.20199999999999999,24.821066313231
2024-11-04 18:08:00,4.203105742408909,0.202,25.72571420883662,4.203217462318689,0.20199999999999999,24.821066313231004
2024-11-04 18:08:00,4.203105742408909,0.202,25.72571420883662,4.203204318799926,0.20199999999999999,24.866192664909075
2024-11-04 18:08:00,4.203270036393308,0.202,24.2430730354219,4.203204318799926,0.20199999999999999,24.86619266490907
2024-11-04 18:08:01,4.203105742408909,0.202,25.72571420883662,4.203197747040551,0.20199999999999999,24.8808122425106
2024-11-04 18:08:01,4.2034343303779815,0.202,24.9947353287605,4.203230605837375,0.20199999999999999,24.880812242510597
2024-11-04 18:08:01,4.203105742408909,0.202,26.437220450515156,4.203217462318612,0.20199999999999999,24.909661944945682
2024-11-04 18:08:01,4.2034343303779815,0.202,26.437220450515156,4.203224034077999,0.20199999999999999,24.96901842145733
2024-11-04 18:08:02,4.202941448424786,0.202,25.72571420883662,4.203217462318634,0.20199999999999999,24.96901842145733
2024-11-04 18:08:02,4.2034343303779815,0.202,24.2430730354219,4.203243749356114,0.20199999999999999,25.03386375877891
2024-11-04 18:08:02,4.2035986243629315,0.202,24.9947353287605,4.203243749356114,0.20199999999999999,25.033863758778907
2024-11-04 18:08:02,4.203105742408909,0.202,24.9947353287605,4.203243749356114,0.20199999999999999,25.06437053285545
2024-11-04 18:08:03,4.2035986243629315,0.202,22.672238853203226,4.203263464634274,0.20199999999999999,24.98907090090922
2024-11-04 18:08:03,4.2034343303779815,0.202,25.72571420883662,4.203256892874875,0.20199999999999999,25.003690478510745
2024-11-04 18:08:03,4.2034343303779815,0.202,25.72571420883662,4.203270036393638,0.20199999999999999,24.975597581803886
2024-11-04 18:08:03,4.203762918348157,0.202,24.2430730354219,4.203302895190573,0.20199999999999999,24.945944758335585
2024-11-04 18:08:04,4.203270036393308,0.202,24.9947353287605,4.20330946694995,0.20199999999999999,24.931325180734074
2024-11-04 18:08:04,4.203270036393308,0.202,25.72571420883662,4.2033160387093265,0.20199999999999999,24.96097800420236
2024-11-04 18:08:04,4.203105742408909,0.202,24.9947353287605,4.203316038709327,0.20199999999999999,24.976011250069135
2024-11-04 18:08:04,4.202941448424786,0.202,25.72571420883662,4.203322610468681,0.20199999999999999,25.0370807571818
2024-11-04 18:08:05,4.202941448424786,0.202,27.13035904417916,4.203302895190553,0.20199999999999999,25.09482647735695
2024-11-04 18:08:05,4.203105742408909,0.202,22.672238853203226,4.203296323431177,0.20199999999999999,25.078883321922348
2024-11-04 18:08:05,4.203270036393308,0.202,24.9947353287605,4.203270036393563,0.20199999999999999,25.050033619487262
2024-11-04 18:08:05,4.203105742408909,0.202,25.72571420883662,4.203263464634188,0.20199999999999999,25.050033619487266
2024-11-04 18:08:06,4.203105742408909,0.202,24.9947353287605,4.203263464634188,0.20199999999999999,25.065066865354034
2024-11-04 18:08:06,4.202448566474072,0.202,24.9947353287605,4.203217462318634,0.20199999999999999,25.03621716291895
2024-11-04 18:08:06,4.202941448424786,0.201,24.9947353287605,4.2032108905592676,0.20196000000000003,24.99350468861057
2024-11-04 18:08:06,4.203270036393308,0.201,25.72571420883662,4.203217462318644,0.20192000000000004,25.02315751207886
2024-11-04 18:08:07,4.203105742408909,0.201,24.9947353287605,4.203210890559268,0.20188000000000006,24.994307809643765
2024-11-04 18:08:07,4.202941448424786,0.201,25.72571420883662,4.203204318799903,0.20184000000000007,24.994307809643768
2024-11-04 18:08:07,4.203270036393308,0.201,22.672238853203226,4.203197747040517,0.2018000000000001,24.978364654209166
2024-11-04 18:08:07,4.2034343303779815,0.201,27.13035904417916,4.203210890559278,0.20176000000000008,25.00645755091602
2024-11-04 18:08:08,4.203270036393308,0.201,26.437220450515156,4.203204318799891,0.20172000000000007,25.03530725335112
2024-11-04 18:08:08,4.203105742408909,0.201,24.2430730354219,4.203210890559256,0.20168000000000005,25.00565442988282
2024-11-04 18:08:08,4.203270036393308,0.201,24.9947353287605,4.2032043187998696,0.20164000000000004,24.9910348522813
2024-11-04 18:08:08,4.202941448424786,0.201,24.2430730354219,4.203178031762343,0.20160000000000003,24.976001606414524
2024-11-04 18:08:09,4.2035986243629315,0.201,25.72571420883662,4.203197747040504,0.20156000000000002,24.990621184016053
2024-11-04 18:08:09,4.203270036393308,0.201,23.469396624933097,4.203184603521721,0.20152,24.9601144099395
2024-11-04 18:08:09,4.202941448424786,0.201,22.672238853203226,4.203164888243593,0.20148,24.899044902826827
2024-11-04 18:08:09,4.203105742408909,0.201,24.2430730354219,4.203151744724829,0.20143999999999998,24.91451843103661
2024-11-04 18:08:10,4.202941448424786,0.201,22.672238853203226,4.2031188859278945,0.20139999999999997,24.88310174739224
2024-11-04 18:08:10,4.203270036393308,0.201,25.72571420883662,4.203118885927895,0.20135999999999996,24.928228099070303
2024-11-04 18:08:10,4.203762918348157,0.201,24.2430730354219,4.2031386012060885,0.20131999999999994,24.928228099070296
2024-11-04 18:08:10,4.203270036393308,0.201,24.2430730354219,4.203145172965464,0.20127999999999996,24.928228099070303
2024-11-04 18:08:11,4.2034343303779815,0.201,20.12271823298272,4.203164888243592,0.20123999999999995,24.84582100302152
2024-11-04 18:08:11,4.203762918348157,0.201,24.9947353287605,4.203197747040527,0.20119999999999996,24.860854248888288
2024-11-04 18:08:11,4.203105742408909,0.201,24.2430730354219,4.203197747040527,0.20115999999999995,24.84582100302152
2024-11-04 18:08:11,4.203105742408909,0.201,24.2430730354219,4.203191175281151,0.20112,24.81616817955322
2024-11-04 18:08:12,4.202119978508306,0.201,24.9947353287605,4.203151744725126,0.20107999999999998,24.831201425419994
2024-11-04 18:08:12,4.2034343303779815,0.201,27.13035904417916,4.203164888243889,0.20104,24.888947145595143
2024-11-04 18:08:12,4.2035986243629315,0.2,24.9947353287605,4.203210890559443,0.20095999999999992,24.88894714559514
2024-11-04 18:08:12,4.203105742408909,0.2,25.72571420883662,4.203217462318808,0.20091999999999988,24.88894714559514
2024-11-04 18:08:13,4.203105742408909,0.201,24.9947353287605,4.203210890559433,0.20091999999999988,24.874327567993618
2024-11-04 18:08:13,4.2035986243629315,0.201,25.72571420883662,4.203230605837594,0.20091999999999988,24.903980391461918
2024-11-04 18:08:13,4.203270036393308,0.201,25.72571420883662,4.203243749356336,0.20091999999999988,24.90398039146191
2024-11-04 18:08:13,4.203105742408909,0.201,25.72571420883662,4.203237177596961,0.2009199999999999,24.918599969063436
2024-11-04 18:08:14,4.2034343303779815,0.201,24.2430730354219,4.20323717759696,0.20092,24.87471702076157
2024-11-04 18:08:14,4.202941448424786,0.201,25.72571420883662,4.203224034078219,0.20092000000000002,24.860486895928
2024-11-04 18:08:14,4.2034343303779815,0.201,25.72571420883662,4.203237177596981,0.20092000000000002,24.860486895928
2024-11-04 18:08:14,4.203270036393308,0.201,24.2430730354219,4.203237177596982,0.20092000000000002,24.86048689592799
2024-11-04 18:08:15,4.203762918348157,0.201,24.2430730354219,4.203270036393916,0.20092000000000002,24.845453650061216
2024-11-04 18:08:15,4.2035986243629315,0.201,24.2430730354219,4.203270036393916,0.20092000000000002,24.83042040419446
2024-11-04 18:08:15,4.203270036393308,0.2,24.9947353287605,4.203270036393915,0.20087999999999998,24.8768703337056
2024-11-04 18:08:15,4.203105742408909,0.2,25.72571420883662,4.20327660815328,0.20083999999999994,24.8768703337056
2024-11-04 18:08:16,4.2034343303779815,0.201,24.2430730354219,4.203289751672043,0.20083999999999994,24.8472175102373
2024-11-04 18:08:16,4.202941448424786,0.201,24.9947353287605,4.203289751672042,0.20083999999999988,24.862250756104075
2024-11-04 18:08:16,4.203105742408909,0.201,22.672238853203226,4.203283179912667,0.20083999999999988,24.815800826592934
2024-11-04 18:08:16,4.203762918348157,0.201,23.469396624933097,4.203283179912668,0.20083999999999994,24.770674474914866
2024-11-04 18:08:17,4.203105742408909,0.201,25.72571420883662,4.203276608153292,0.20084,24.785294052516385
2024-11-04 18:08:17,4.203270036393308,0.2,22.672238853203226,4.2032700363939055,0.20079999999999998,24.724224545403718
2024-11-04 18:08:17,4.2035986243629315,0.2,24.2430730354219,4.203263464634497,0.20075999999999994,24.666478825228577
2024-11-04 18:08:17,4.203105742408909,0.2,23.469396624933097,4.203263464634497,0.2007199999999999,24.68242198066317
2024-11-04 18:08:18,4.2035986243629315,0.2,24.9947353287605,4.203283179912657,0.2006799999999998,24.682421980663175
2024-11-04 18:08:18,4.2034343303779815,0.2,25.72571420883662,4.203335753987443,0.2006399999999998,24.682421980663175
2024-11-04 18:08:18,4.2034343303779815,0.201,23.469396624933097,4.203335753987444,0.20063999999999982,24.651915206586622
2024-11-04 18:08:18,4.203105742408909,0.201,25.72571420883662,4.203316038709284,0.20067999999999991,24.666534784188144
2024-11-04 18:08:19,4.2035986243629315,0.2,24.9947353287605,4.203335753987444,0.20067999999999991,24.666534784188148
2024-11-04 18:08:19,4.203270036393308,0.2,24.9947353287605,4.20334232574682,0.20063999999999993,24.651915206586626
2024-11-04 18:08:19,4.2039272123336575,0.2,25.72571420883662,4.203355469265649,0.20059999999999992,24.666534784188144
2024-11-04 18:08:19,4.203270036393308,0.2,24.9947353287605,4.203355469265649,0.2005599999999999,24.651915206586622
2024-11-04 18:08:20,4.203762918348157,0.2,24.9947353287605,4.2033817563032185,0.20051999999999987,24.698365136097763
2024-11-04 18:08:20,4.203270036393308,0.2,24.2430730354219,4.203375184543832,0.20047999999999985,24.640619415922625
2024-11-04 18:08:20,4.203270036393308,0.2,25.72571420883662,4.203388328062573,0.20043999999999987,24.626389291089055
2024-11-04 18:08:20,4.2034343303779815,0.2,22.672238853203226,4.203388328062574,0.20039999999999988,24.594972607444685
2024-11-04 18:08:21,4.203270036393308,0.2,27.13035904417916,4.203388328062574,0.20035999999999987,24.63768508175305
2024-11-04 18:08:21,4.203270036393308,0.2,26.437220450515156,4.20336861278438,0.2003199999999999,24.681568030054923
2024-11-04 18:08:21,4.203270036393308,0.2,24.9947353287605,4.203355469265595,0.2002799999999999,24.666948452453394
2024-11-04 18:08:21,4.2042558003054875,0.2,25.72571420883662,4.203394899822081,0.2002799999999999,24.71207480413146
2024-11-04 18:08:22,4.203105742408909,0.2,24.9947353287605,4.203394899822081,0.2002799999999999,24.758524733642613
2024-11-04 18:08:22,4.203270036393308,0.2,25.72571420883662,4.203388328062695,0.20023999999999995,24.788177557110902
2024-11-04 18:08:22,4.203762918348157,0.2,24.2430730354219,4.20342118685963,0.20019999999999996,24.819594240755283
2024-11-04 18:08:22,4.203105742408909,0.2,22.672238853203226,4.20342118685963,0.20015999999999995,24.758524733642606
2024-11-04 18:08:23,4.203270036393308,0.2,24.2430730354219,4.203401471581436,0.20011999999999994,24.758524733642613
2024-11-04 18:08:23,4.203105742408909,0.2,24.2430730354219,4.2034014715814365,0.20007999999999992,24.758524733642606
2024-11-04 18:08:23,4.2035986243629315,0.2,24.2430730354219,4.203414615100221,0.20007999999999995,24.840931829691396
2024-11-04 18:08:23,4.2035986243629315,0.2,22.672238853203226,4.203414615100221,0.20007999999999995,24.794481900180255
2024-11-04 18:08:24,4.202941448424786,0.2,25.72571420883662,4.203408043340856,0.20007999999999995,24.82413472364854
2024-11-04 18:08:24,4.203270036393308,0.2,24.9947353287605,4.203394899822071,0.20007999999999995,24.839167969515316
2024-11-04 18:08:24,4.2034343303779815,0.2,24.9947353287605,4.2033948998220705,0.20007999999999995,24.83916796951532
2024-11-04 18:08:24,4.203105742408909,0.2,24.9947353287605,4.203381756303307,0.20003999999999994,24.796455495206942
2024-11-04 18:08:25,4.2034343303779815,0.2,22.672238853203226,4.20339489982207,0.19999999999999993,24.7500055656958
2024-11-04 18:08:25,4.203270036393308,0.2,25.72571420883662,4.203381756303285,0.19999999999999993,24.75000556569579
2024-11-04 18:08:25,4.2035986243629315,0.2,25.72571420883662,4.20339489982207,0.19999999999999993,24.764625143297316
2024-11-04 18:08:25,4.203270036393308,0.2,23.469396624933097,4.203368612784455,0.19999999999999993,24.719498791619248
2024-11-04 18:08:26,4.2034343303779815,0.199,24.9947353287605,4.203375184543842,0.19995999999999994,24.70487921401772
2024-11-04 18:08:26,4.2034343303779815,0.199,25.72571420883662,4.203362041025034,0.19992,24.70487921401773
2024-11-04 18:08:26,4.2034343303779815,0.199,23.469396624933097,4.203368612784421,0.19988,24.689405685807948
2024-11-04 18:08:26,4.2034343303779815,0.199,22.672238853203226,4.203375184543807,0.19984000000000002,24.62833617869528
2024-11-04 18:08:27,4.2035986243629315,0.199,25.72571420883662,4.203381756303205,0.19980000000000003,24.62833617869527
2024-11-04 18:08:27,4.203105742408909,0.2,25.72571420883662,4.203375184543829,0.19980000000000003,24.657989002163568
2024-11-04 18:08:27,4.203270036393308,0.2,24.2430730354219,4.20337518454383,0.1998,24.65798900216357
2024-11-04 18:08:27,4.203270036393308,0.2,24.9947353287605,4.203375184543831,0.19979999999999998,24.673022248030346
2024-11-04 18:08:28,4.203270036393308,0.2,23.469396624933097,4.203335753987344,0.19979999999999992,24.642515473953793
2024-11-04 18:08:28,4.2034343303779815,0.2,25.72571420883662,4.203348897506107,0.1997999999999999,24.6425154739538
2024-11-04 18:08:28,4.2034343303779815,0.2,24.9947353287605,4.203355469265494,0.1997999999999999,24.657548719820575
2024-11-04 18:08:28,4.2035986243629315,0.2,23.469396624933097,4.2033488975060855,0.1997999999999999,24.627041945744022
2024-11-04 18:08:29,4.203105742408909,0.2,24.9947353287605,4.203348897506086,0.1997999999999999,24.673491875255174
2024-11-04 18:08:29,4.2034343303779815,0.2,27.13035904417916,4.203355469265473,0.1997999999999999,24.74671112364009
2024-11-04 18:08:29,4.2034343303779815,0.2,24.9947353287605,4.203368612784235,0.1997999999999999,24.732091546038568
2024-11-04 18:08:29,4.2034343303779815,0.2,24.9947353287605,4.203362041024836,0.1997999999999999,24.77854147554972
2024-11-04 18:08:30,4.203270036393308,0.2,23.469396624933097,4.203348897506052,0.1997999999999999,24.763067947339938
2024-11-04 18:08:30,4.203105742408909,0.2,24.9947353287605,4.203355469265416,0.1997999999999999,24.79357472141649
2024-11-04 18:08:30,4.202777154440939,0.2,24.9947353287605,4.2033357539873215,0.1997999999999999,24.79357472141648
2024-11-04 18:08:30,4.2034343303779815,0.2,25.72571420883662,4.2033357539873215,0.1997999999999999,24.79357472141649
2024-11-04 18:08:31,4.2039272123336575,0.2,26.437220450515156,4.2033686127843115,0.19979999999999992,24.85293119792813
2024-11-04 18:08:31,4.2034343303779815,0.2,24.9947353287605,4.2033686127843115,0.19979999999999992,24.838311620326607
2024-11-04 18:08:31,4.2039272123336575,0.2,25.72571420883662,4.203394899821925,0.19979999999999998,24.85293119792813
2024-11-04 18:08:31,4.2035986243629315,0.2,24.2430730354219,4.203394899821927,0.19979999999999998,24.83789795206136
2024-11-04 18:08:32,4.203762918348157,0.2,24.9947353287605,4.203414615100121,0.19979999999999998,24.823278374459832
2024-11-04 18:08:32,4.2035986243629315,0.2,25.72571420883662,4.2034211868595195,0.19984,24.837897952061358
2024-11-04 18:08:32,4.2035986243629315,0.199,25.72571420883662,4.2034277586189175,0.19984,24.852517529662872
2024-11-04 18:08:32,4.203762918348157,0.199,25.72571420883662,4.203440902137723,0.19984000000000002,24.88217035313117
2024-11-04 18:08:33,4.203762918348157,0.199,24.9947353287605,4.203454045656531,0.19984000000000002,24.86755077552964
2024-11-04 18:08:33,4.2039272123336575,0.2,26.437220450515156,4.2034671891753606,0.19988,24.94285040747587
2024-11-04 18:08:33,4.2034343303779815,0.2,24.2430730354219,4.203480332694123,0.19988,24.885104687300732
2024-11-04 18:08:33,4.2034343303779815,0.199,27.80614130216054,4.203486904453509,0.19984000000000002,24.912483104333646
2024-11-04 18:08:34,4.2035986243629315,0.199,24.2430730354219,4.203500047972294,0.1998,24.89744985846687
2024-11-04 18:08:34,4.2034343303779815,0.199,24.2430730354219,4.20350661973168,0.19976,24.86779703499858
2024-11-04 18:08:34,4.2035986243629315,0.2,25.72571420883662,4.203513191491078,0.19976,24.88241661260011
2024-11-04 18:08:34,4.2035986243629315,0.2,24.2430730354219,4.203519763250476,0.19976,24.852763789131817
2024-11-04 18:08:35,4.2035986243629315,0.2,25.72571420883662,4.203519763250475,0.19975999999999997,24.882416612600117
2024-11-04 18:08:35,4.2035986243629315,0.2,22.672238853203226,4.203539478528636,0.1997599999999999,24.882416612600114
2024-11-04 18:08:35,4.2035986243629315,0.2,24.2430730354219,4.203546050288035,0.19975999999999988,24.88241661260011
2024-11-04 18:08:35,4.203762918348157,0.2,26.437220450515156,4.203559193806842,0.19975999999999988,24.92629956090198
2024-11-04 18:08:36,4.2039272123336575,0.199,23.469396624933097,4.203578909085071,0.1997199999999999,24.9108260326922
2024-11-04 18:08:36,4.203762918348157,0.199,25.72571420883662,4.203598624363265,0.19967999999999994,24.971895539804873
2024-11-04 18:08:36,4.203270036393308,0.199,25.72571420883662,4.203605196122641,0.19963999999999996,24.971895539804873
2024-11-04 18:08:36,4.203270036393308,0.2,24.2430730354219,4.203624911400737,0.19963999999999996,24.956862293938098
2024-11-04 18:08:37,4.2034343303779815,0.2,24.9947353287605,4.203624911400735,0.19963999999999996,24.956862293938094
2024-11-04 18:08:37,4.2035986243629315,0.2,26.437220450515156,4.203611767881906,0.19963999999999993,24.985711996373194
2024-11-04 18:08:37,4.203105742408909,0.2,26.437220450515156,4.203598624363144,0.19963999999999993,25.06101162831943
2024-11-04 18:08:37,4.2035986243629315,0.2,24.9947353287605,4.203585480844314,0.19963999999999987,25.0463920507179
2024-11-04 18:08:38,4.203270036393308,0.2,24.2430730354219,4.203572337325529,0.19963999999999987,25.01673922724961
2024-11-04 18:08:38,4.203762918348157,0.2,25.72571420883662,4.203572337325529,0.19963999999999987,25.061865578927673
2024-11-04 18:08:38,4.2034343303779815,0.199,25.72571420883662,4.20356576556613,0.1995999999999999,25.0764851565292
2024-11-04 18:08:38,4.2035986243629315,0.199,24.9947353287605,4.203565765566131,0.19959999999999994,25.061865578927677
2024-11-04 18:08:39,4.2035986243629315,0.199,24.2430730354219,4.203559193806722,0.19959999999999997,25.07733910713745
2024-11-04 18:08:39,4.2039272123336575,0.199,24.9947353287605,4.203565765566142,0.1996,25.123789036648592
2024-11-04 18:08:39,4.2035986243629315,0.199,24.2430730354219,4.203552622047314,0.19956000000000007,25.0941362131803
2024-11-04 18:08:39,4.203270036393308,0.199,26.437220450515156,4.203546050287927,0.19952000000000003,25.108366338013877
2024-11-04 18:08:40,4.2039272123336575,0.199,21.84997632024192,4.203565765566154,0.19952000000000003,25.06050440371027
2024-11-04 18:08:40,4.203762918348157,0.199,23.469396624933097,4.2035723373255625,0.19951999999999998,25.029997629633726
2024-11-04 18:08:40,4.203270036393308,0.199,24.9947353287605,4.203565765566175,0.19951999999999998,25.06050440371028
2024-11-04 18:08:40,4.2035986243629315,0.199,25.72571420883662,4.203565765566176,0.19947999999999996,25.060504403710276
2024-11-04 18:08:41,4.203762918348157,0.199,24.2430730354219,4.2035723373255856,0.19943999999999998,25.045471157843508
2024-11-04 18:08:41,4.2035986243629315,0.199,26.437220450515156,4.203572337325585,0.19939999999999997,25.104827634355143
2024-11-04 18:08:41,4.203270036393308,0.199,25.72571420883662,4.2035591938068,0.19935999999999995,25.11944721195667
2024-11-04 18:08:41,4.2034343303779815,0.199,24.2430730354219,4.203552622047401,0.19931999999999994,25.06170149178152
2024-11-04 18:08:42,4.2039272123336575,0.199,24.2430730354219,4.2035591938068215,0.19927999999999993,25.046668245914752
2024-11-04 18:08:42,4.203105742408909,0.199,25.72571420883662,4.2035263350098315,0.19927999999999993,25.061287823516267
2024-11-04 18:08:42,4.2039272123336575,0.199,27.80614130216054,4.203532906769251,0.19927999999999993,25.148022717060822
2024-11-04 18:08:42,4.2035986243629315,0.199,26.437220450515156,4.203546050288036,0.1992799999999999,25.17687241949591
2024-11-04 18:08:43,4.203270036393308,0.199,24.9947353287605,4.203546050288036,0.1992399999999999,25.17687241949592
2024-11-04 18:08:43,4.2035986243629315,0.199,26.437220450515156,4.203552622047434,0.19919999999999988,25.19110254432949
2024-11-04 18:08:43,4.2035986243629315,0.199,24.2430730354219,4.203552622047435,0.1991599999999999,25.14721959602762
2024-11-04 18:08:43,4.203762918348157,0.199,24.9947353287605,4.203578909085005,0.19911999999999988,25.147219596027625
2024-11-04 18:08:44,4.204091506319434,0.199,23.469396624933097,4.203598624363265,0.1990799999999999,25.102093244349557
2024-11-04 18:08:44,4.204091506319434,0.199,25.72571420883662,4.20363148316031,0.19903999999999988,25.131746067817847
2024-11-04 18:08:44,4.204091506319434,0.199,26.437220450515156,4.20364462667916,0.19899999999999993,25.16059577025295
2024-11-04 18:08:44,4.2034343303779815,0.199,23.469396624933097,4.203644626679159,0.19899999999999993,25.11546941857487
2024-11-04 18:08:45,4.203105742408909,0.199,25.72571420883662,4.203624911400998,0.19899999999999993,25.115469418574875
2024-11-04 18:08:45,4.203762918348157,0.199,24.9947353287605,4.2036314831604065,0.19899999999999993,25.100849840973357
2024-11-04 18:08:45,4.2042558003054875,0.199,25.72571420883662,4.203644626679279,0.19899999999999993,25.115469418574875
2024-11-04 18:08:45,4.2035986243629315,0.199,24.2430730354219,4.203644626679279,0.19899999999999993,25.071586470273008
2024-11-04 18:08:46,4.203270036393308,0.199,23.469396624933097,4.203644626679279,0.19899999999999993,25.056112942063237
2024-11-04 18:08:46,4.2034343303779815,0.199,23.469396624933097,4.203624911401052,0.19899999999999993,24.96937804851869
2024-11-04 18:08:46,4.204091506319434,0.199,25.72571420883662,4.203638054919903,0.19899999999999993,24.999030871986978
2024-11-04 18:08:46,4.2034343303779815,0.199,26.437220450515156,4.2036446266792895,0.19899999999999993,25.04291382028884
2024-11-04 18:08:47,4.203762918348157,0.199,24.9947353287605,4.203651198438699,0.19899999999999993,25.02829424268732
2024-11-04 18:08:47,4.2035986243629315,0.199,25.72571420883662,4.20364462667929,0.19899999999999993,25.057947066155613
2024-11-04 18:08:47,4.203762918348157,0.199,24.9947353287605,4.203651198438699,0.19899999999999993,25.04332748855409
2024-11-04 18:08:47,4.2039272123336575,0.199,25.72571420883662,4.203677485476314,0.19899999999999993,25.104396995666757
2024-11-04 18:08:48,4.203762918348157,0.199,24.2430730354219,4.203690628995122,0.19899999999999993,25.10439699566676
2024-11-04 18:08:48,4.203762918348157,0.199,23.469396624933097,4.2036840572357015,0.19899999999999993,25.04504051915512
2024-11-04 18:08:48,4.203762918348157,0.199,26.437220450515156,4.203710344273271,0.19899999999999993,25.104396995666757
2024-11-04 18:08:48,4.203270036393308,0.199,26.437220450515156,4.203684057235659,0.19899999999999993,25.11862712050033
2024-11-04 18:08:49,4.2035986243629315,0.199,25.72571420883662,4.203684057235659,0.19899999999999993,25.118627120500324
2024-11-04 18:08:49,4.2034343303779815,0.198,26.437220450515156,4.203690628995045,0.19895999999999994,25.162510068802195
2024-11-04 18:08:49,4.204091506319434,0.198,25.72571420883662,4.203710344273305,0.19891999999999996,25.177129646403717
2024-11-04 18:08:49,4.203762918348157,0.198,24.9947353287605,4.203716916032715,0.19887999999999997,25.148279943968614
2024-11-04 18:08:50,4.2035986243629315,0.198,25.72571420883662,4.203710344273305,0.19884000000000002,25.134049819135054
2024-11-04 18:08:50,4.2035986243629315,0.199,24.9947353287605,4.203690628995045,0.19883999999999996,25.134049819135047
2024-11-04 18:08:50,4.2039272123336575,0.199,26.437220450515156,4.2036840572356144,0.19883999999999996,25.177932767436914
2024-11-04 18:08:50,4.2042558003054875,0.199,24.9947353287605,4.203690628995056,0.19883999999999996,25.163313189835385
2024-11-04 18:08:51,4.203762918348157,0.199,24.2430730354219,4.2037037725138635,0.19883999999999996,25.133660366367096
2024-11-04 18:08:51,4.2035986243629315,0.199,24.9947353287605,4.203723487792024,0.19884000000000002,25.1336603663671
2024-11-04 18:08:51,4.2039272123336575,0.198,24.2430730354219,4.203730059551444,0.19880000000000003,25.133660366367096
2024-11-04 18:08:51,4.2039272123336575,0.198,26.437220450515156,4.203716916032572,0.19876000000000005,25.162510068802195
2024-11-04 18:08:52,4.2035986243629315,0.199,25.72571420883662,4.203716916032572,0.19876000000000005,25.19216289227048
2024-11-04 18:08:52,4.203762918348157,0.199,25.72571420883662,4.203736631310766,0.19876000000000005,25.177932767436914
2024-11-04 18:08:52,4.2035986243629315,0.199,24.9947353287605,4.203743203070164,0.19876000000000002,25.240827947607283
2024-11-04 18:08:52,4.2034343303779815,0.199,24.9947353287605,4.203716916032504,0.19876000000000002,25.271334721683832
2024-11-04 18:08:53,4.203270036393308,0.199,25.72571420883662,4.203710344273117,0.19876000000000002,25.28595429928535
2024-11-04 18:08:53,4.203270036393308,0.199,23.469396624933097,4.203690628994924,0.19875999999999996,25.240827947607272
2024-11-04 18:08:53,4.2035986243629315,0.199,24.9947353287605,4.2036906289949245,0.19875999999999996,25.255861193474047
2024-11-04 18:08:53,4.2035986243629315,0.198,25.72571420883662,4.203684057235516,0.19872,25.241631068640473
2024-11-04 18:08:54,4.2035986243629315,0.198,25.72571420883662,4.203670913716686,0.19868000000000002,25.241631068640473
2024-11-04 18:08:54,4.203762918348157,0.198,25.72571420883662,4.203670913716686,0.19864,25.27128389210877
2024-11-04 18:08:54,4.203762918348157,0.198,26.437220450515156,4.203670913716685,0.19860000000000003,25.31516684041064
2024-11-04 18:08:54,4.2035986243629315,0.198,27.13035904417916,4.2036643419572775,0.19856000000000001,25.343259737117492
2024-11-04 18:08:55,4.203762918348157,0.198,25.72571420883662,4.2036840572354714,0.19852000000000003,25.301651195251008
2024-11-04 18:08:55,4.2039272123336575,0.198,23.469396624933097,4.203697200754301,0.19848000000000007,25.242294718739373
2024-11-04 18:08:55,4.204091506319434,0.198,27.80614130216054,4.203723487791958,0.19848000000000007,25.298522838207376
2024-11-04 18:08:55,4.2039272123336575,0.198,23.469396624933097,4.203716916032527,0.1984800000000001,25.239166361695734
2024-11-04 18:08:56,4.2034343303779815,0.198,25.72571420883662,4.20370377251372,0.1984800000000001,25.26881918516403
2024-11-04 18:08:56,4.2034343303779815,0.198,24.9947353287605,4.203697200754321,0.19848000000000013,25.268819185164034
2024-11-04 18:08:56,4.2035986243629315,0.198,24.9947353287605,4.203697200754321,0.19844000000000014,25.299325959240576
2024-11-04 18:08:56,4.2035986243629315,0.199,23.469396624933097,4.203684057235492,0.19844000000000014,25.2541996075625
2024-11-04 18:08:57,4.204091506319434,0.199,24.9947353287605,4.2036774854760495,0.19844000000000014,25.225349905127413
2024-11-04 18:08:57,4.204091506319434,0.198,24.9947353287605,4.2036906289949,0.19840000000000013,25.25585667920396
2024-11-04 18:08:57,4.2035986243629315,0.198,24.9947353287605,4.2036906289949005,0.19836000000000018,25.241237101602437
2024-11-04 18:08:57,4.204091506319434,0.198,24.2430730354219,4.2036972007543305,0.1983600000000002,25.226203855735672
2024-11-04 18:08:58,4.204091506319434,0.198,24.9947353287605,4.203703772513761,0.1983600000000002,25.21158427813414
2024-11-04 18:08:58,4.203270036393308,0.198,26.437220450515156,4.203690628994977,0.1983200000000002,25.25546722643601
2024-11-04 18:08:58,4.204091506319434,0.198,24.2430730354219,4.203703772513828,0.19828000000000018,25.270940754645785
2024-11-04 18:08:58,4.204091506319434,0.198,24.9947353287605,4.203723487792089,0.1982400000000002,25.30144752872234
2024-11-04 18:08:59,4.2034343303779815,0.198,24.9947353287605,4.203723487792088,0.19820000000000018,25.28682795112081
2024-11-04 18:08:59,4.203762918348157,0.198,23.469396624933097,4.203743203070282,0.19816000000000017,25.227471474609175
2024-11-04 18:08:59,4.203762918348157,0.198,25.72571420883662,4.203762918348476,0.19812000000000016,25.24209105221069
2024-11-04 18:08:59,4.204091506319434,0.198,23.469396624933097,4.203782633626735,0.19808000000000017,25.19696470053262
2024-11-04 18:09:00,4.203762918348157,0.198,25.72571420883662,4.203789205386145,0.19808000000000017,25.21158427813414
2024-11-04 18:09:00,4.204091506319434,0.198,25.72571420883662,4.203808920664405,0.19808000000000017,25.21158427813414
2024-11-04 18:09:00,4.204091506319434,0.198,24.2430730354219,4.203822064183255,0.1980800000000002,25.211584278134147
2024-11-04 18:09:00,4.2035986243629315,0.198,22.672238853203226,4.203815492423846,0.1980800000000002,25.195641122699545
2024-11-04 18:09:01,4.204420094291815,0.198,24.9947353287605,4.203848351221001,0.1980800000000002,25.16679142026445
2024-11-04 18:09:01,4.2039272123336575,0.198,24.9947353287605,4.2038549229804225,0.1980800000000002,25.137941717829364
2024-11-04 18:09:01,4.203762918348157,0.198,25.72571420883662,4.203848351221002,0.1980800000000002,25.137941717829353
2024-11-04 18:09:01,4.204584388278419,0.198,25.72571420883662,4.203868066499362,0.1980800000000002,25.123711592995786
2024-11-04 18:09:02,4.2039272123336575,0.198,24.9947353287605,4.203868066499363,0.1980800000000002,25.109092015394257
2024-11-04 18:09:02,4.2035986243629315,0.198,24.9947353287605,4.203874638258762,0.1980800000000002,25.109092015394264
2024-11-04 18:09:02,4.203105742408909,0.198,23.469396624933097,4.20386149474,0.1980800000000002,25.063965663716193
2024-11-04 18:09:02,4.203762918348157,0.197,25.72571420883662,4.203868066499409,0.19804000000000016,25.078585241317715
2024-11-04 18:09:03,4.2039272123336575,0.197,25.72571420883662,4.203881210018238,0.1979600000000001,25.06435511648414
2024-11-04 18:09:03,4.203762918348157,0.198,26.437220450515156,4.203868066499387,0.19792000000000012,25.09320481891924
2024-11-04 18:09:03,4.203762918348157,0.198,24.9947353287605,4.203854922980536,0.19792000000000012,25.108238064786015
2024-11-04 18:09:03,4.204091506319434,0.198,24.9947353287605,4.203874638258795,0.19792000000000012,25.10823806478601
2024-11-04 18:09:04,4.203762918348157,0.198,25.72571420883662,4.203861494739944,0.19792000000000015,25.137890888254304
2024-11-04 18:09:04,4.2042558003054875,0.198,25.72571420883662,4.2038680664993855,0.1979200000000002,25.12366076342073
2024-11-04 18:09:04,4.204091506319434,0.197,23.469396624933097,4.203900925296431,0.19788000000000014,25.078534411742663
2024-11-04 18:09:04,4.203762918348157,0.197,27.13035904417916,4.203887781777579,0.1978400000000001,25.106627308449507
2024-11-04 18:09:05,4.2039272123336575,0.198,24.2430730354219,4.203881210018148,0.1978400000000001,25.09159406258274
2024-11-04 18:09:05,4.2039272123336575,0.198,24.9947353287605,4.2039009252963755,0.1978400000000001,25.091594062582736
2024-11-04 18:09:05,4.2039272123336575,0.197,21.84997632024192,4.203907497055796,0.19780000000000006,25.014079304810842
2024-11-04 18:09:05,4.2039272123336575,0.197,24.9947353287605,4.203914068815216,0.19776000000000005,25.044586078887395
2024-11-04 18:09:06,4.2039272123336575,0.197,24.9947353287605,4.203907497055785,0.19772,25.04458607888739
2024-11-04 18:09:06,4.203762918348157,0.198,24.2430730354219,4.203907497055785,0.19772,25.01493325541911
2024-11-04 18:09:06,4.203762918348157,0.198,24.2430730354219,4.203894353536935,0.19772000000000006,24.98528043195081
2024-11-04 18:09:06,4.204091506319434,0.197,24.9947353287605,4.203894353536935,0.19768000000000005,24.970660854349294
2024-11-04 18:09:07,4.2042558003054875,0.197,24.2430730354219,4.203920640574636,0.19764000000000004,24.926777906047423
2024-11-04 18:09:07,4.203762918348157,0.197,24.9947353287605,4.2038943535368904,0.19760000000000003,24.88406543173905
2024-11-04 18:09:07,4.2039272123336575,0.197,24.9947353287605,4.2038943535368904,0.19755999999999996,24.86944585413753
2024-11-04 18:09:07,4.2039272123336575,0.197,25.72571420883662,4.20390092529631,0.19751999999999992,24.914572205815603
2024-11-04 18:09:08,4.203762918348157,0.197,27.80614130216054,4.203868066499099,0.1974799999999999,24.914572205815603
2024-11-04 18:09:08,4.204091506319434,0.197,22.672238853203226,4.203874638258529,0.19743999999999992,24.898629050381
2024-11-04 18:09:08,4.204091506319434,0.197,23.469396624933097,4.203894353536788,0.1973999999999999,24.853502698702933
2024-11-04 18:09:08,4.203762918348157,0.197,27.13035904417916,4.203920640574359,0.1973599999999999,24.89621517301131
2024-11-04 18:09:09,4.204091506319434,0.197,24.9947353287605,4.20393378409321,0.1973599999999999,24.896215173011306
2024-11-04 18:09:09,4.204420094291815,0.197,25.72571420883662,4.2039534993715355,0.1973599999999999,24.94134152468937
2024-11-04 18:09:09,4.204584388278419,0.197,26.437220450515156,4.203986358168747,0.19731999999999988,24.97019122712447
2024-11-04 18:09:09,4.2039272123336575,0.197,24.2430730354219,4.203992929928168,0.1972799999999999,24.955157981257695
2024-11-04 18:09:10,4.203762918348157,0.197,26.437220450515156,4.203979786409317,0.1972399999999999,24.984007683692788
2024-11-04 18:09:10,4.2039272123336575,0.197,23.469396624933097,4.203986358168737,0.19719999999999988,24.968534155483017
2024-11-04 18:09:10,4.2039272123336575,0.197,23.469396624933097,4.203973214649864,0.19715999999999986,24.938027381406464
2024-11-04 18:09:10,4.203762918348157,0.197,23.469396624933097,4.2039600711310126,0.19715999999999986,24.87867090489483
2024-11-04 18:09:11,4.2039272123336575,0.197,25.72571420883662,4.203966642890433,0.19715999999999986,24.908323728363122
2024-11-04 18:09:11,4.2035986243629315,0.197,25.72571420883662,4.203953499371604,0.19711999999999988,24.922943305964637
2024-11-04 18:09:11,4.2035986243629315,0.197,23.469396624933097,4.203940355852775,0.19707999999999987,24.892436531888094
2024-11-04 18:09:11,4.204584388278419,0.197,25.72571420883662,4.203966642890566,0.19707999999999987,24.93756288356617
2024-11-04 18:09:12,4.2039272123336575,0.197,24.2430730354219,4.203966642890567,0.19707999999999987,24.90791006009787
2024-11-04 18:09:12,4.203762918348157,0.197,25.72571420883662,4.203960071131147,0.19707999999999987,24.953036411775948
2024-11-04 18:09:12,4.204091506319434,0.197,26.437220450515156,4.203973214649997,0.1970399999999999,24.967266536609515
2024-11-04 18:09:12,4.2039272123336575,0.197,24.9947353287605,4.203979786409417,0.1969999999999999,24.952646959007993
2024-11-04 18:09:13,4.2039272123336575,0.197,24.9947353287605,4.203973214649986,0.1969999999999999,24.967680204874767
2024-11-04 18:09:13,4.203762918348157,0.197,27.80614130216054,4.203953499371694,0.1969999999999999,25.07035825385391
2024-11-04 18:09:13,4.2034343303779815,0.197,25.72571420883662,4.203940355852885,0.1969999999999999,25.084977831455436
2024-11-04 18:09:14,4.2039272123336575,0.197,25.72571420883662,4.203940355852884,0.1969999999999999,25.09959740905695
2024-11-04 18:09:14,4.2039272123336575,0.197,23.469396624933097,4.203940355852884,0.1969999999999999,25.054471057378873
2024-11-04 18:09:14,4.203270036393308,0.197,24.9947353287605,4.203920640574691,0.1969999999999999,25.039851479777354
2024-11-04 18:09:14,4.203762918348157,0.197,23.469396624933097,4.20390749705584,0.1969999999999999,25.00934470570081
2024-11-04 18:09:15,4.204420094291815,0.197,26.437220450515156,4.203920640574736,0.1969999999999999,25.038194408135897
2024-11-04 18:09:15,4.2039272123336575,0.197,25.72571420883662,4.203927212334155,0.1969999999999999,25.08332075981397
2024-11-04 18:09:15,4.204420094291815,0.197,26.437220450515156,4.2039403558530495,0.1969999999999999,25.097550884647536
2024-11-04 18:09:15,4.204091506319434,0.197,25.72571420883662,4.203927212334154,0.1969999999999999,25.097550884647536
2024-11-04 18:09:15,4.203270036393308,0.197,23.469396624933097,4.203874638258751,0.1969999999999999,25.03819440813589
2024-11-04 18:09:16,4.204091506319434,0.197,24.9947353287605,4.2038812100181815,0.1969999999999999,25.038194408135897
2024-11-04 18:09:16,4.203762918348157,0.197,25.72571420883662,4.2038812100181815,0.1969999999999999,25.05281398573742
2024-11-04 18:09:16,4.2039272123336575,0.197,23.469396624933097,4.203881210018181,0.1969999999999999,25.00768763405935
2024-11-04 18:09:17,4.203762918348157,0.197,24.9947353287605,4.20387463825876,0.1969999999999999,24.993068056457822
2024-11-04 18:09:17,4.2042558003054875,0.196,24.9947353287605,4.203894353537054,0.1969599999999999,25.023574830534375
2024-11-04 18:09:17,4.204091506319434,0.196,24.2430730354219,4.203900925296486,0.19691999999999993,24.965829110359227
2024-11-04 18:09:17,4.204420094291815,0.196,26.437220450515156,4.20393378409364,0.19687999999999994,25.009712058661098
2024-11-04 18:09:18,4.2039272123336575,0.196,26.437220450515156,4.20394692761247,0.19684,25.038561761096197
2024-11-04 18:09:18,4.204091506319434,0.197,24.2430730354219,4.20392721233411,0.19684,25.086423695399795
2024-11-04 18:09:18,4.2042558003054875,0.197,23.469396624933097,4.203940355852982,0.19683999999999993,25.055916921323252
2024-11-04 18:09:18,4.2039272123336575,0.196,24.9947353287605,4.203946927612403,0.19679999999999992,25.055916921323245
2024-11-04 18:09:19,4.203762918348157,0.196,23.469396624933097,4.203933784093551,0.1967599999999999,25.040443393113463
2024-11-04 18:09:19,4.2039272123336575,0.196,23.469396624933097,4.203933784093551,0.1967199999999999,25.0249698649037
2024-11-04 18:09:19,4.203762918348157,0.196,22.672238853203226,4.203927212334131,0.1966799999999999,24.97851993539255
2024-11-04 18:09:19,4.2039272123336575,0.196,27.80614130216054,4.203933784093553,0.19663999999999995,25.049781300727318
2024-11-04 18:09:20,4.204091506319434,0.196,24.9947353287605,4.203960071131211,0.19659999999999994,25.04978130072732
2024-11-04 18:09:20,4.2034343303779815,0.196,25.72571420883662,4.203940355852984,0.19655999999999993,25.064400878328843
2024-11-04 18:09:20,4.204091506319434,0.196,25.72571420883662,4.203946927612415,0.19651999999999992,25.064400878328843
2024-11-04 18:09:20,4.2042558003054875,0.196,23.469396624933097,4.203986358168901,0.19647999999999988,24.977665984784295
2024-11-04 18:09:21,4.203762918348157,0.196,24.2430730354219,4.203986358168901,0.19643999999999992,25.009082668428665
2024-11-04 18:09:21,4.2039272123336575,0.196,25.72571420883662,4.203966642890575,0.1963999999999999,25.054209020106736
2024-11-04 18:09:21,4.2035986243629315,0.196,26.437220450515156,4.203953499371746,0.19635999999999992,25.040346248233455
2024-11-04 18:09:21,4.2039272123336575,0.196,23.469396624933097,4.20393378409342,0.1963199999999999,25.009839474156912
2024-11-04 18:09:22,4.2042558003054875,0.196,24.9947353287605,4.203940355852861,0.1962799999999999,24.995219896555383
2024-11-04 18:09:22,4.203762918348157,0.197,24.9947353287605,4.203960071131055,0.19627999999999987,24.966370194120294
2024-11-04 18:09:22,4.203762918348157,0.197,24.2430730354219,4.203946927612205,0.19627999999999982,24.96637019412029
2024-11-04 18:09:22,4.2042558003054875,0.197,24.2430730354219,4.203966642890498,0.1962799999999998,24.922487245818434
2024-11-04 18:09:23,4.204584388278419,0.196,24.9947353287605,4.2039929299282885,0.1962399999999998,24.952994019894977
2024-11-04 18:09:23,4.2039272123336575,0.196,24.2430730354219,4.20399950168771,0.1961999999999998,24.96846754810476
2024-11-04 18:09:23,4.204091506319434,0.196,25.72571420883662,4.203992929928267,0.19619999999999987,25.013593899782826
2024-11-04 18:09:23,4.204091506319434,0.196,26.437220450515156,4.2039929299282655,0.1961999999999999,25.027824024616404
2024-11-04 18:09:24,4.2039272123336575,0.196,25.72571420883662,4.20397321464994,0.19619999999999993,25.027824024616404
2024-11-04 18:09:24,4.2035986243629315,0.196,24.9947353287605,4.20396007113111,0.1961999999999999,25.058330798692946
2024-11-04 18:09:24,4.204584388278419,0.196,24.9947353287605,4.20397978640947,0.19615999999999992,25.043711221091424
2024-11-04 18:09:24,4.204091506319434,0.196,25.72571420883662,4.203973214650029,0.1961199999999999,25.07336404455971
2024-11-04 18:09:25,4.204091506319434,0.196,24.9947353287605,4.20397978640946,0.1961199999999999,25.058744466958192
2024-11-04 18:09:25,4.204091506319434,0.197,25.72571420883662,4.20399292992831,0.1961599999999999,25.04451434212462
2024-11-04 18:09:25,4.203762918348157,0.197,24.2430730354219,4.2039863581688905,0.19619999999999987,25.029481096257854
2024-11-04 18:09:25,4.204091506319434,0.196,25.72571420883662,4.203999501687742,0.19619999999999987,25.044100673859376
2024-11-04 18:09:26,4.2042558003054875,0.196,25.72571420883662,4.204012645206614,0.19619999999999982,25.002492131992895
2024-11-04 18:09:26,4.204748682265299,0.196,26.437220450515156,4.2040389322444485,0.19619999999999982,25.01672225682647
2024-11-04 18:09:26,4.204091506319434,0.196,24.9947353287605,4.204065219282105,0.19619999999999987,25.00210267922495
2024-11-04 18:09:26,4.2042558003054875,0.196,24.9947353287605,4.204071791041546,0.1961999999999999,25.032609453301493
2024-11-04 18:09:27,4.2042558003054875,0.196,26.437220450515156,4.204071791041546,0.1961999999999999,25.061459155736593
2024-11-04 18:09:27,4.2042558003054875,0.196,25.72571420883662,4.2040915063198385,0.1961999999999999,25.106585507414657
2024-11-04 18:09:27,4.2042558003054875,0.196,25.72571420883662,4.204104649838712,0.1961999999999999,25.092355382581083
2024-11-04 18:09:27,4.2042558003054875,0.196,26.437220450515156,4.204130936876413,0.1961999999999999,25.106585507414657
2024-11-04 18:09:28,4.204091506319434,0.196,24.9947353287605,4.204137508635845,0.1961999999999999,25.07773580497956
2024-11-04 18:09:28,4.2039272123336575,0.196,25.72571420883662,4.2041243651169715,0.1961999999999999,25.077735804979564
2024-11-04 18:09:28,4.204091506319434,0.196,24.9947353287605,4.2041375086358235,0.1961599999999999,25.10824257905611
2024-11-04 18:09:28,4.204420094291815,0.196,25.72571420883662,4.20416379567357,0.1961199999999999,25.12286215665763
2024-11-04 18:09:29,4.204420094291815,0.196,24.9947353287605,4.204170367433023,0.19607999999999987,25.10824257905611
2024-11-04 18:09:29,4.204091506319434,0.196,24.9947353287605,4.204150652154664,0.19607999999999987,25.138749353132663
2024-11-04 18:09:29,4.204091506319434,0.196,26.437220450515156,4.204157223914096,0.19607999999999987,25.167599055567752
2024-11-04 18:09:29,4.204091506319434,0.196,26.437220450515156,4.204157223914096,0.19607999999999987,25.19644875800285
2024-11-04 18:09:30,4.2039272123336575,0.196,24.9947353287605,4.204150652154666,0.19607999999999987,25.21148200386962
2024-11-04 18:09:30,4.2039272123336575,0.196,25.72571420883662,4.204150652154667,0.19607999999999987,25.19725187903605
2024-11-04 18:09:30,4.204420094291815,0.195,24.9947353287605,4.204183510951822,0.1960399999999999,25.168402176600953
2024-11-04 18:09:30,4.2039272123336575,0.195,23.469396624933097,4.204157223914032,0.19599999999999995,25.152928648391182
2024-11-04 18:09:31,4.204091506319434,0.195,26.437220450515156,4.204157223914031,0.19595999999999997,25.21228512490282
2024-11-04 18:09:31,4.2039272123336575,0.195,21.84997632024192,4.204150652154601,0.19591999999999996,25.149389944732444
2024-11-04 18:09:31,4.204584388278419,0.195,24.9947353287605,4.204170367432961,0.19583999999999996,25.179896718808994
2024-11-04 18:09:31,4.204420094291815,0.195,25.72571420883662,4.204196654470707,0.19576000000000002,25.225023070487058
2024-11-04 18:09:32,4.203762918348157,0.195,24.2430730354219,4.2041835109518555,0.19572000000000003,25.25643975413144
2024-11-04 18:09:32,4.2042558003054875,0.196,26.437220450515156,4.2041835109518555,0.19572000000000003,25.229061337098518
2024-11-04 18:09:32,4.2042558003054875,0.196,24.9947353287605,4.2041637956734625,0.19572000000000003,25.229061337098525
2024-11-04 18:09:32,4.2042558003054875,0.195,25.72571420883662,4.204170367432903,0.19568000000000005,25.22906133709853
2024-11-04 18:09:33,4.204091506319434,0.195,24.2430730354219,4.204163795673462,0.19564000000000006,25.19940851363024
2024-11-04 18:09:33,4.204091506319434,0.195,23.469396624933097,4.204157223914018,0.1956000000000001,25.19940851363023
2024-11-04 18:09:33,4.2042558003054875,0.196,21.84997632024192,4.2041572239140175,0.1956000000000001,25.151546579326638
2024-11-04 18:09:33,4.204584388278419,0.196,27.13035904417916,4.204170367432934,0.1956000000000001,25.17963947603348
2024-11-04 18:09:34,4.204420094291815,0.196,24.9947353287605,4.204176939192388,0.19560000000000005,25.150789773598394
2024-11-04 18:09:34,4.2039272123336575,0.195,25.72571420883662,4.204170367432958,0.19556000000000004,25.19591612527646
2024-11-04 18:09:34,4.204091506319434,0.195,22.672238853203226,4.204176939192389,0.19552000000000005,25.14946619576532
2024-11-04 18:09:34,4.2042558003054875,0.195,25.72571420883662,4.2041835109518315,0.19548000000000004,25.164085773366843
2024-11-04 18:09:35,4.2042558003054875,0.195,24.2430730354219,4.2041769391923784,0.19544000000000003,25.164085773366835
2024-11-04 18:09:35,4.204091506319434,0.195,23.469396624933097,4.204163795673484,0.19540000000000002,25.148612245157064
2024-11-04 18:09:35,4.204091506319434,0.195,24.2430730354219,4.204163795673483,0.19536,25.133578999290297
2024-11-04 18:09:35,4.204748682265299,0.195,26.437220450515156,4.2041900827113174,0.19532000000000005,25.177461947592157
2024-11-04 18:09:36,4.203762918348157,0.195,23.469396624933097,4.204176939192467,0.19528000000000006,25.132335595914086
2024-11-04 18:09:36,4.2042558003054875,0.195,25.72571420883662,4.20419008271134,0.19524000000000008,25.118105471080515
2024-11-04 18:09:36,4.204091506319434,0.195,24.9947353287605,4.2041966544707705,0.1952000000000001,25.103485893478997
2024-11-04 18:09:36,4.204091506319434,0.195,25.72571420883662,4.204183510951875,0.1952000000000001,25.118105471080515
2024-11-04 18:09:37,4.204420094291815,0.195,24.9947353287605,4.2042032262302005,0.1952000000000001,25.118105471080522
2024-11-04 18:09:37,4.204091506319434,0.195,24.2430730354219,4.204203226230201,0.1952000000000001,25.08845264761223
2024-11-04 18:09:37,4.2042558003054875,0.195,26.437220450515156,4.204216369749075,0.19520000000000015,25.11730235004732
2024-11-04 18:09:37,4.2042558003054875,0.195,25.72571420883662,4.204203226230157,0.19520000000000018,25.11730235004732
2024-11-04 18:09:38,4.2042558003054875,0.195,25.72571420883662,4.204196654470704,0.19520000000000018,25.146955173515618
2024-11-04 18:09:38,4.2042558003054875,0.195,24.9947353287605,4.2042163697489965,0.19520000000000018,25.132335595914086
2024-11-04 18:09:38,4.2035986243629315,0.195,24.9947353287605,4.204190082711295,0.19516000000000017,25.117716018312567
2024-11-04 18:09:38,4.2042558003054875,0.195,22.672238853203226,4.204190082711295,0.19512000000000015,25.042416386366327
2024-11-04 18:09:39,4.204584388278419,0.195,21.84997632024192,4.204203226230212,0.1951200000000001,24.97952120619595
2024-11-04 18:09:39,4.204091506319434,0.195,22.672238853203226,4.204203226230212,0.1951200000000001,24.9330712766848
2024-11-04 18:09:39,4.204420094291815,0.195,25.72571420883662,4.2042163697491075,0.19512000000000015,24.91884115185123
2024-11-04 18:09:39,4.203762918348157,0.195,23.469396624933097,4.204196654470815,0.19508000000000014,24.87371480017316
2024-11-04 18:09:40,4.204091506319434,0.195,26.437220450515156,4.204176939192456,0.19504000000000013,24.887944925006742
2024-11-04 18:09:40,4.2042558003054875,0.195,24.9947353287605,4.204170367433003,0.19500000000000015,24.859095222571646
2024-11-04 18:09:40,4.204091506319434,0.195,24.9947353287605,4.2041769391924335,0.19500000000000015,24.85909522257164
2024-11-04 18:09:40,4.2042558003054875,0.195,24.9947353287605,4.204183510951876,0.19500000000000015,24.84447564497012
2024-11-04 18:09:41,4.2042558003054875,0.195,24.2430730354219,4.204183510951875,0.19500000000000015,24.829442399103346
2024-11-04 18:09:41,4.204420094291815,0.195,27.80614130216054,4.204190082711328,0.19500000000000015,24.871050940969827
2024-11-04 18:09:41,4.2042558003054875,0.195,24.9947353287605,4.2041966544707705,0.19500000000000015,24.87105094096983
2024-11-04 18:09:41,4.203762918348157,0.195,24.9947353287605,4.204183510951919,0.19500000000000015,24.871050940969827
2024-11-04 18:09:42,4.2039272123336575,0.195,25.72571420883662,4.204150652154654,0.19500000000000015,24.85682081613625
2024-11-04 18:09:42,4.204091506319434,0.194,24.9947353287605,4.204163795673505,0.19496000000000016,24.827971113701164
2024-11-04 18:09:42,4.2042558003054875,0.194,24.9947353287605,4.204163795673505,0.19492000000000018,24.82797111370116
2024-11-04 18:09:42,4.2042558003054875,0.194,24.9947353287605,4.204170367432948,0.19488000000000022,24.81335153609964
2024-11-04 18:09:43,4.2042558003054875,0.195,24.9947353287605,4.204176939192389,0.19488000000000022,24.813351536099635
2024-11-04 18:09:43,4.204420094291815,0.195,25.72571420883662,4.204176939192389,0.19488000000000016,24.85847788777771
2024-11-04 18:09:43,4.204420094291815,0.195,26.437220450515156,4.204190082711285,0.19488000000000014,24.85847788777771
2024-11-04 18:09:43,4.2042558003054875,0.195,23.469396624933097,4.204190082711285,0.1948800000000001,24.890866293871536
2024-11-04 18:09:44,4.204091506319434,0.195,24.2430730354219,4.204183510951842,0.1948800000000001,24.87583304800476
2024-11-04 18:09:44,4.204091506319434,0.195,24.9947353287605,4.2041769391924,0.1948800000000001,24.86121347040324
2024-11-04 18:09:44,4.2042558003054875,0.195,26.437220450515156,4.204176939192399,0.1948800000000001,24.905096418705106
2024-11-04 18:09:44,4.204420094291815,0.195,25.72571420883662,4.204209797989554,0.1948800000000001,24.890866293871532
2024-11-04 18:09:45,4.204420094291815,0.195,23.469396624933097,4.204216369749008,0.1948800000000001,24.86035951979498
2024-11-04 18:09:45,4.204091506319434,0.195,24.9947353287605,4.204196654470649,0.1948800000000001,24.845739942193457
2024-11-04 18:09:45,4.204584388278419,0.195,25.72571420883662,4.204216369749008,0.1948800000000001,24.875392765661754
2024-11-04 18:09:45,4.204091506319434,0.195,27.13035904417916,4.204203226230113,0.1948800000000001,24.94861201404668
2024-11-04 18:09:46,4.2042558003054875,0.195,26.437220450515156,4.204222941508406,0.19488000000000014,25.04035689665214
2024-11-04 18:09:46,4.204091506319434,0.195,24.2430730354219,4.204222941508407,0.19488000000000014,24.98261117647699
2024-11-04 18:09:46,4.2042558003054875,0.195,24.2430730354219,4.204222941508407,0.19488000000000014,24.967577930610222
2024-11-04 18:09:46,4.204420094291815,0.195,23.469396624933097,4.2042360850273015,0.19488000000000014,24.922451578932154
2024-11-04 18:09:47,4.203762918348157,0.195,24.9947353287605,4.204216369749009,0.19488000000000014,24.968901508443295
2024-11-04 18:09:47,4.204420094291815,0.194,24.9947353287605,4.204222941508462,0.19484000000000015,24.954281930841777
2024-11-04 18:09:47,4.204420094291815,0.194,23.469396624933097,4.204222941508462,0.1948000000000002,24.938808402632002
2024-11-04 18:09:47,4.2042558003054875,0.194,24.9947353287605,4.204222941508461,0.1947600000000002,24.969315176708548
2024-11-04 18:09:48,4.2042558003054875,0.194,23.469396624933097,4.204242656786754,0.19472000000000023,24.953841648498784
2024-11-04 18:09:48,4.204091506319434,0.194,25.72571420883662,4.204249228546185,0.19468000000000021,24.939611523665207
2024-11-04 18:09:48,4.2042558003054875,0.194,26.437220450515156,4.204255800305628,0.19468000000000021,24.998968000176845
2024-11-04 18:09:48,4.2042558003054875,0.194,24.2430730354219,4.204255800305627,0.19468000000000021,24.969315176708555
2024-11-04 18:09:49,4.2039272123336575,0.194,26.437220450515156,4.204242656786755,0.1946800000000002,24.99816487914365
2024-11-04 18:09:49,4.2042558003054875,0.194,25.72571420883662,4.204242656786754,0.19464000000000017,24.99816487914364
2024-11-04 18:09:49,4.204091506319434,0.194,25.72571420883662,4.204229513267859,0.19460000000000016,25.012784456745166
2024-11-04 18:09:49,4.205077270239886,0.194,25.72571420883662,4.204255800305782,0.19456000000000015,25.042437280213463
2024-11-04 18:09:50,4.198834098911264,0.194,25.72571420883662,4.204038932250015,0.19452000000000014,25.02820715537989
2024-11-04 18:09:50,4.2042558003054875,0.194,23.469396624933097,4.204045504009457,0.1944800000000001,24.983080803701817
2024-11-04 18:09:50,4.204584388278419,0.194,24.2430730354219,4.204065219287817,0.19444000000000008,24.953427980233517
2024-11-04 18:09:50,4.204420094291815,0.194,23.469396624933097,4.20407179104727,0.19440000000000013,24.922921206156975
2024-11-04 18:09:51,4.204748682265299,0.194,24.2430730354219,4.204084934566209,0.19436000000000012,24.9078879602902
2024-11-04 18:09:51,4.204584388278419,0.194,22.672238853203226,4.204091506325673,0.19432000000000013,24.907887960290203
2024-11-04 18:09:51,4.204091506319434,0.194,24.9947353287605,4.204091506325673,0.19428000000000012,24.97078314046058
2024-11-04 18:09:51,4.204748682265299,0.194,25.72571420883662,4.204098078085147,0.19424000000000013,25.031852647573242
2024-11-04 18:09:52,4.204091506319434,0.194,24.9947353287605,4.204098078085147,0.19420000000000012,25.01723306997172
2024-11-04 18:09:52,4.204091506319434,0.194,24.9947353287605,4.204091506325705,0.1941600000000001,25.047739844048273
2024-11-04 18:09:52,4.2042558003054875,0.194,24.9947353287605,4.2040980780851465,0.19412000000000013,25.018890141613188
2024-11-04 18:09:52,4.204420094291815,0.194,24.2430730354219,4.2041046498445995,0.1940800000000001,25.003856895746413
2024-11-04 18:09:53,4.204584388278419,0.194,25.72571420883662,4.204111221604064,0.1940400000000001,25.018476473347928
2024-11-04 18:09:53,4.203762918348157,0.194,24.2430730354219,4.204111221604065,0.19400000000000012,25.00344322748116
2024-11-04 18:09:53,4.204584388278419,0.194,25.72571420883662,4.20411779336353,0.19400000000000012,25.033096050949453
2024-11-04 18:09:53,4.2039272123336575,0.193,24.9947353287605,4.204098078085204,0.19396000000000008,24.97686793148145
2024-11-04 18:09:54,4.2042558003054875,0.193,24.2430730354219,4.204098078085204,0.19392000000000004,24.961834685614686
2024-11-04 18:09:54,4.2042558003054875,0.194,25.72571420883662,4.204098078085203,0.19392000000000004,24.9764542632162
2024-11-04 18:09:54,4.2042558003054875,0.194,24.2430730354219,4.204104649844645,0.19392000000000004,24.94680143974791
2024-11-04 18:09:54,4.2034343303779815,0.194,25.72571420883662,4.204071791047545,0.19392000000000006,24.96142101734943
2024-11-04 18:09:55,4.204091506319434,0.194,24.2430730354219,4.204065219288102,0.1939200000000001,24.946387771482662
2024-11-04 18:09:55,4.204584388278419,0.194,25.72571420883662,4.204091506325892,0.1939200000000001,24.961007349084184
2024-11-04 18:09:55,4.204584388278419,0.194,26.437220450515156,4.20410464984481,0.1939200000000001,24.989857051519277
2024-11-04 18:09:55,4.204091506319434,0.194,24.2430730354219,4.20410464984481,0.1939200000000001,24.960204228050994
2024-11-04 18:09:56,4.204091506319434,0.194,24.2430730354219,4.204065219287992,0.1939200000000001,24.916321279749116
2024-11-04 18:09:56,4.204420094291815,0.194,25.72571420883662,4.204288659103214,0.1939200000000001,24.96144763142719
2024-11-04 18:09:56,4.204584388278419,0.194,23.469396624933097,4.2043018026221315,0.1939200000000001,24.94597410321741
2024-11-04 18:09:56,4.204420094291815,0.194,24.9947353287605,4.204295230862667,0.1939200000000001,24.945974103217413
2024-11-04 18:09:57,4.2042558003054875,0.194,25.72571420883662,4.204288659103214,0.1939200000000001,24.931743978383828
2024-11-04 18:09:57,4.204748682265299,0.194,25.72571420883662,4.204288659103214,0.1939200000000001,24.931743978383828
2024-11-04 18:09:57,4.204584388278419,0.194,24.9947353287605,4.204288659103214,0.1939200000000001,24.96225075246038
2024-11-04 18:09:57,4.2042558003054875,0.193,24.2430730354219,4.204295230862655,0.19388000000000008,24.947217506593606
2024-11-04 18:09:58,4.2042558003054875,0.193,23.469396624933097,4.204275515584263,0.19384000000000004,24.90209115491554
2024-11-04 18:09:58,4.204091506319434,0.194,24.9947353287605,4.204275515584262,0.19384000000000004,24.85937868060716
2024-11-04 18:09:58,4.204420094291815,0.194,23.469396624933097,4.204288659103158,0.19384,24.800022204095526
2024-11-04 18:09:58,4.2042558003054875,0.194,25.72571420883662,4.204288659103157,0.19384000000000004,24.829675027563816
2024-11-04 18:09:59,4.204091506319434,0.193,24.2430730354219,4.204275515584262,0.19380000000000006,24.829675027563823
2024-11-04 18:09:59,4.204420094291815,0.193,21.000806169342923,4.204268943824798,0.19376000000000002,24.780303218452023
2024-11-04 18:09:59,4.2042558003054875,0.194,21.84997632024192,4.204288659103091,0.19376,24.717408038281647
2024-11-04 18:09:59,4.205077270239886,0.194,25.72571420883662,4.204308374381551,0.19376,24.732027615883162
2024-11-04 18:10:00,4.198834098911264,0.193,22.672238853203226,4.2041046498446555,0.19376,24.71608446044857
2024-11-04 18:10:00,4.204420094291815,0.193,26.437220450515156,4.204111221604109,0.19376,24.744934162883656
2024-11-04 18:10:00,4.198505510957618,0.176,23.469396624933097,4.203881210030195,0.19303999999999996,24.74493416288366
2024-11-04 18:10:00,4.198834098911264,0.176,24.2430730354219,4.203664341974427,0.19231999999999994,24.71528133941537
2024-11-04 18:10:01,4.198669804934304,0.176,23.469396624933097,4.20347376095668,0.19159999999999994,24.655924862903724
2024-11-04 18:10:01,4.198341216981209,0.163,24.9947353287605,4.203243749383152,0.19035999999999995,24.670958108770503
2024-11-04 18:10:01,4.198341216981209,0.163,25.72571420883662,4.202994022531263,0.18911999999999995,24.656727983936925
2024-11-04 18:10:01,4.198834098911264,0.163,24.9947353287605,4.202764010956578,0.18787999999999996,24.642108406335407
2024-11-04 18:10:02,4.198669804934304,0.163,24.2430730354219,4.202547142901173,0.18663999999999997,24.612455582867113
2024-11-04 18:10:02,4.198341216981209,0.163,26.437220450515156,4.202317131327644,0.18539999999999998,24.62668570770069
2024-11-04 18:10:02,4.198834098911264,0.163,26.437220450515156,4.202093691512423,0.18416,24.640915832534255
2024-11-04 18:10:02,4.198834098911264,0.163,23.469396624933097,4.201863679937738,0.18292000000000003,24.64091583253426
2024-11-04 18:10:03,4.198669804934304,0.163,22.672238853203226,4.201633668363436,0.18168000000000006,24.609499148889892
2024-11-04 18:10:03,4.198505510957618,0.163,24.9947353287605,4.201403656789521,0.18044000000000007,24.640005922966434
2024-11-04 18:10:03,4.198834098911264,0.163,24.9947353287605,4.201167073455361,0.17920000000000008,24.65503916883321
2024-11-04 18:10:03,4.198834098911264,0.163,25.72571420883662,4.2009370618806745,0.1779600000000001,24.716108675945872
2024-11-04 18:10:04,4.198834098911264,0.163,27.80614130216054,4.200720193824905,0.17676000000000014,24.772336795413867
2024-11-04 18:10:04,4.198505510957618,0.163,22.672238853203226,4.200490182250991,0.17556000000000016,24.7112672883012
2024-11-04 18:10:04,4.198505510957618,0.163,22.672238853203226,4.200266742436518,0.17432000000000017,24.66481735879006
2024-11-04 18:10:04,4.198505510957618,0.163,24.2430730354219,4.200030159103149,0.17308000000000015,24.649784112923285
2024-11-04 18:10:05,4.198834098911264,0.163,24.2430730354219,4.199813291047381,0.17184000000000016,24.634750867056518
2024-11-04 18:10:05,4.198505510957618,0.163,27.80614130216054,4.199589851232909,0.17064000000000015,24.706012232391284
2024-11-04 18:10:05,4.198834098911264,0.163,23.469396624933097,4.199366411417687,0.1694400000000001,24.660885880713217
2024-11-04 18:10:05,4.198834098911264,0.163,25.72571420883662,4.1991495433619175,0.1682000000000001,24.690538704181517
2024-11-04 18:10:06,4.198505510957618,0.163,26.437220450515156,4.198886672990628,0.16696000000000008,24.704768829015084
2024-11-04 18:10:06,4.198505510957618,0.163,23.469396624933097,4.198873529472482,0.16576000000000007,24.67426205493853
2024-11-04 18:10:06,4.199162686866011,0.163,24.9947353287605,4.1986632331754485,0.16456000000000007,24.689295300805306
2024-11-04 18:10:06,4.198176923005075,0.163,22.672238853203226,4.198650089657346,0.16404000000000007,24.62822579369264
2024-11-04 18:10:07,4.198998392888499,0.163,25.72571420883662,4.198656661416435,0.16352000000000008,24.657878617160932
2024-11-04 18:10:07,4.198834098911264,0.163,26.437220450515156,4.198663233175514,0.1630000000000001,24.672108741994506
2024-11-04 18:10:07,4.198998392888499,0.163,26.437220450515156,4.198689520211806,0.1630000000000001,24.715991690296377
2024-11-04 18:10:07,4.198341216981209,0.163,24.9947353287605,4.198689520211806,0.1630000000000001,24.70137211269485
2024-11-04 18:10:08,4.198998392888499,0.163,25.72571420883662,4.198696091970895,0.1630000000000001,24.687141987861278
2024-11-04 18:10:08,4.198998392888499,0.163,23.469396624933097,4.198709235489063,0.1630000000000001,24.671668459651507
2024-11-04 18:10:08,4.198012629029216,0.163,24.2430730354219,4.198696091970984,0.1630000000000001,24.67166845965151
2024-11-04 18:10:08,4.198341216981209,0.164,22.672238853203226,4.198676376693781,0.1630400000000001,24.610598952538837
2024-11-04 18:10:09,4.198505510957618,0.164,23.469396624933097,4.198663233175636,0.16308000000000006,24.61059895253884
2024-11-04 18:10:09,4.198669804934304,0.164,22.672238853203226,4.198663233175636,0.16312000000000004,24.56414902302769
2024-11-04 18:10:09,4.198669804934304,0.164,24.2430730354219,4.198669804934703,0.16316000000000003,24.5344961995594
2024-11-04 18:10:09,4.198669804934304,0.164,24.2430730354219,4.1986632331756235,0.1632,24.5048433760911
2024-11-04 18:10:10,4.198176923005075,0.163,24.9947353287605,4.198636946139375,0.16319999999999996,24.5048433760911
2024-11-04 18:10:10,4.198341216981209,0.163,25.72571420883662,4.1986172308621725,0.16319999999999996,24.53449619955939
2024-11-04 18:10:10,4.198834098911264,0.163,24.9947353287605,4.198630374380318,0.16319999999999996,24.56500297363594
2024-11-04 18:10:10,4.198834098911264,0.163,24.9947353287605,4.198643517898464,0.16319999999999996,24.565002973635945
2024-11-04 18:10:11,4.198341216981209,0.163,24.2430730354219,4.198636946139408,0.16319999999999996,24.58047650184572
2024-11-04 18:10:11,4.198669804934304,0.163,24.9947353287605,4.198630374380329,0.16319999999999996,24.565856924244198
2024-11-04 18:10:11,4.198341216981209,0.163,24.9947353287605,4.198623802621273,0.16319999999999996,24.580890170110965
2024-11-04 18:10:11,4.198834098911264,0.163,23.469396624933097,4.198623802621274,0.16319999999999996,24.63026197922277
2024-11-04 18:10:12,4.198669804934304,0.163,22.672238853203226,4.198617230862195,0.1632,24.646707229882
2024-11-04 18:10:12,4.198176923005075,0.163,24.2430730354219,4.198604087344093,0.16320000000000004,24.6170544064137
2024-11-04 18:10:12,4.198505510957618,0.163,24.9947353287605,4.198604087344093,0.16320000000000007,24.663504335924845
2024-11-04 18:10:12,4.198669804934304,0.163,24.2430730354219,4.198584372066824,0.16320000000000012,24.619621387622985
2024-11-04 18:10:13,4.198505510957618,0.163,25.72571420883662,4.198597515584926,0.16320000000000015,24.664747739301056
2024-11-04 18:10:13,4.198176923005075,0.163,25.72571420883662,4.198564656789588,0.16320000000000015,24.694400562769342
2024-11-04 18:10:13,4.198505510957618,0.163,24.9947353287605,4.198551513271443,0.16320000000000012,24.724907336845895
2024-11-04 18:10:13,4.198834098911264,0.163,23.469396624933097,4.198544941512354,0.16320000000000012,24.694400562769342
2024-11-04 18:10:14,4.199326980843797,0.163,25.72571420883662,4.198584372066858,0.16320000000000012,24.694400562769342
2024-11-04 18:10:14,4.198505510957618,0.163,26.437220450515156,4.198564656789623,0.16320000000000007,24.723250265204435
2024-11-04 18:10:14,4.198669804934304,0.163,24.2430730354219,4.198551513271455,0.16320000000000007,24.723250265204438
2024-11-04 18:10:14,4.198834098911264,0.163,25.72571420883662,4.198584372066737,0.16320000000000007,24.709020140370868
2024-11-04 18:10:15,4.198669804934304,0.163,24.2430730354219,4.198597515584861,0.16316000000000008,24.66513719206901
2024-11-04 18:10:15,4.198505510957618,0.163,24.9947353287605,4.198597515584861,0.16312000000000007,24.695643966145564
2024-11-04 18:10:15,4.198998392888499,0.163,24.9947353287605,4.198610659103029,0.16308000000000006,24.742093895656705
2024-11-04 18:10:15,4.198834098911264,0.163,25.72571420883662,4.198617230862109,0.1630400000000001,24.756713473258234
2024-11-04 18:10:16,4.198669804934304,0.163,23.469396624933097,4.198617230862108,0.1630000000000001,24.72620669918168
2024-11-04 18:10:16,4.198669804934304,0.163,27.13035904417916,4.198636946139277,0.1630000000000001,24.754299595888526
2024-11-04 18:10:16,4.198505510957618,0.163,24.9947353287605,4.198643517898333,0.1630000000000001,24.698071476420523
2024-11-04 18:10:16,4.198669804934304,0.163,24.9947353287605,4.1986369461392545,0.1630000000000001,24.744521405931675
2024-11-04 18:10:17,4.198669804934304,0.163,23.469396624933097,4.198630374380175,0.1630000000000001,24.760464561366266
2024-11-04 18:10:17,4.198998392888499,0.163,26.437220450515156,4.198656661416467,0.1630000000000001,24.804347509668123
2024-11-04 18:10:17,4.198998392888499,0.163,21.000806169342923,4.198669804934635,0.1630000000000001,24.739502172346548
2024-11-04 18:10:17,4.198341216981209,0.163,24.9947353287605,4.198669804934635,0.1630000000000001,24.683274052878545
2024-11-04 18:10:18,4.198341216981209,0.164,25.72571420883662,4.198650089657432,0.1630400000000001,24.728400404556623
2024-11-04 18:10:18,4.198834098911264,0.164,25.72571420883662,4.1986566614165115,0.16308000000000006,24.728400404556613
2024-11-04 18:10:18,4.198176923005075,0.163,25.72571420883662,4.198656661416511,0.16308000000000003,24.71417027972305
2024-11-04 18:10:18,4.198998392888499,0.163,24.9947353287605,4.198676376693747,0.16308000000000003,24.74467705379959
2024-11-04 18:10:19,4.198834098911264,0.163,23.469396624933097,4.198682948452825,0.16308000000000003,24.71417027972305
2024-11-04 18:10:19,4.198505510957618,0.163,24.9947353287605,4.198682948452826,0.16308000000000003,24.76062020923419
2024-11-04 18:10:19,4.198176923005075,0.163,24.9947353287605,4.198682948452825,0.16308000000000003,24.74600063163267
2024-11-04 18:10:19,4.198669804934304,0.163,24.2430730354219,4.198689520211892,0.16308000000000003,24.7021176833308
2024-11-04 18:10:20,4.198505510957618,0.163,23.469396624933097,4.198676376693746,0.16308000000000003,24.64276120681916
2024-11-04 18:10:20,4.198505510957618,0.163,24.9947353287605,4.198643517898299,0.16308000000000003,24.642761206819163
2024-11-04 18:10:20,4.198505510957618,0.163,24.9947353287605,4.1986435178983,0.16308000000000003,24.628141629217644
2024-11-04 18:10:20,4.198505510957618,0.163,24.9947353287605,4.198636946139232,0.16308000000000003,24.65864840329419
2024-11-04 18:10:21,4.198834098911264,0.163,23.469396624933097,4.198636946139234,0.16308000000000003,24.643174875084416
2024-11-04 18:10:21,4.198669804934304,0.163,23.469396624933097,4.198636946139233,0.16308000000000006,24.65911803051901
2024-11-04 18:10:21,4.198834098911264,0.163,24.2430730354219,4.198650089657379,0.1630800000000001,24.67459155872879
2024-11-04 18:10:21,4.198176923005075,0.163,23.469396624933097,4.198617230862041,0.1630800000000001,24.69053471416338
2024-11-04 18:10:22,4.198669804934304,0.163,24.9947353287605,4.198610659102963,0.1630800000000001,24.70556796003016
2024-11-04 18:10:22,4.198998392888499,0.163,25.72571420883662,4.198623802621131,0.1630800000000001,24.735220783498452
2024-11-04 18:10:22,4.198505510957618,0.163,25.72571420883662,4.198617230862064,0.1630800000000001,24.74984036109997
2024-11-04 18:10:22,4.198834098911264,0.164,26.437220450515156,4.19863037438021,0.16312000000000007,24.764070485933544
2024-11-04 18:10:23,4.198505510957618,0.164,26.437220450515156,4.198623802621142,0.16316000000000005,24.792920188368644
2024-11-04 18:10:23,4.198505510957618,0.164,27.13035904417916,4.198617230862075,0.16320000000000004,24.835632662677014
2024-11-04 18:10:23,4.198669804934304,0.164,24.9947353287605,4.198604087343907,0.16324000000000002,24.85066590854379
2024-11-04 18:10:23,4.198669804934304,0.163,24.9947353287605,4.198590943825738,0.16323999999999997,24.85066590854378
2024-11-04 18:10:24,4.198341216981209,0.163,25.72571420883662,4.198590943825739,0.16323999999999997,24.86528548614531
2024-11-04 18:10:24,4.198505510957618,0.163,24.2430730354219,4.198597515584796,0.1632,24.880759014355085
2024-11-04 18:10:24,4.198505510957618,0.163,24.9947353287605,4.198584372066651,0.16316,24.927208943866233
2024-11-04 18:10:24,4.198834098911264,0.163,27.13035904417916,4.198610659102898,0.16316,24.984954664041375
2024-11-04 18:10:25,4.198834098911264,0.163,24.9947353287605,4.198604087343808,0.16316,24.98495466404137
2024-11-04 18:10:25,4.198505510957618,0.163,24.9947353287605,4.198590943825662,0.16316,24.999987909908146
2024-11-04 18:10:25,4.198505510957618,0.163,24.2430730354219,4.198590943825662,0.16316,24.970335086439853
2024-11-04 18:10:25,4.198176923005075,0.163,24.2430730354219,4.1985909438256614,0.16316,24.940682262971553
2024-11-04 18:10:26,4.198834098911264,0.163,24.2430730354219,4.198597515584741,0.16316000000000003,24.92564901710479
2024-11-04 18:10:26,4.198505510957618,0.163,24.2430730354219,4.1985975155847415,0.16316000000000005,24.94112254531456
2024-11-04 18:10:26,4.198834098911264,0.163,25.72571420883662,4.198610659102887,0.16316000000000008,24.941122545314567
2024-11-04 18:10:26,4.198341216981209,0.164,26.437220450515156,4.198604087343831,0.16320000000000015,24.941122545314567
2024-11-04 18:10:27,4.198012629029216,0.164,24.9947353287605,4.198584372066694,0.16324000000000013,24.95615579118133
2024-11-04 18:10:27,4.198505510957618,0.163,24.2430730354219,4.198571228548548,0.16324000000000008,24.92650296771304
2024-11-04 18:10:27,4.198669804934304,0.163,27.13035904417916,4.1985712285485475,0.16324000000000005,24.98424868788819
2024-11-04 18:10:27,4.198834098911264,0.163,25.72571420883662,4.1985712285485475,0.16324000000000005,24.99886826548971
2024-11-04 18:10:28,4.198505510957618,0.163,24.9947353287605,4.198584372066651,0.16324000000000005,24.998868265489715
2024-11-04 18:10:28,4.198505510957618,0.163,23.469396624933097,4.198577800307584,0.16324000000000002,24.953741913811644
2024-11-04 18:10:28,4.198341216981209,0.163,24.2430730354219,4.198551513271292,0.16324000000000002,24.96921544202142
2024-11-04 18:10:28,4.198505510957618,0.163,25.72571420883662,4.198551513271292,0.16324000000000005,24.941122545314567
2024-11-04 18:10:29,4.198669804934304,0.163,25.72571420883662,4.198544941512213,0.16320000000000004,24.95574212291609
2024-11-04 18:10:29,4.198669804934304,0.163,24.2430730354219,4.19855151327128,0.16316000000000003,24.940708877049314
2024-11-04 18:10:29,4.198505510957618,0.163,25.72571420883662,4.19855151327128,0.16312000000000004,24.985835228727392
2024-11-04 18:10:29,4.198341216981209,0.163,24.9947353287605,4.198538369753156,0.16308000000000003,24.956985526292296
2024-11-04 18:10:30,4.198669804934304,0.163,24.9947353287605,4.198538369753155,0.16308000000000006,25.036864109480646
2024-11-04 18:10:30,4.198669804934304,0.163,25.72571420883662,4.198551513271279,0.1630800000000001,25.051483687082165
2024-11-04 18:10:30,4.198834098911264,0.163,27.13035904417916,4.198564656789425,0.1630800000000001,25.079576583789017
2024-11-04 18:10:30,4.198834098911264,0.163,23.469396624933097,4.198577800307571,0.1630800000000001,25.034450232110938
2024-11-04 18:10:31,4.198012629029216,0.163,25.72571420883662,4.198544941512289,0.1630800000000001,25.034450232110938
2024-11-04 18:10:31,4.198834098911264,0.163,23.469396624933097,4.198544941512289,0.1630800000000001,25.003943458034396
2024-11-04 18:10:31,4.1978483350536315,0.163,24.9947353287605,4.198518654476129,0.16308000000000006,25.034450232110938
2024-11-04 18:10:31,4.198341216981209,0.163,25.72571420883662,4.198512082717073,0.16308000000000006,25.049069809712464
2024-11-04 18:10:32,4.198834098911264,0.163,24.2430730354219,4.1985383697533205,0.16308000000000006,25.0340365638457
2024-11-04 18:10:32,4.198505510957618,0.163,24.9947353287605,4.1985252262351755,0.16308000000000006,25.049069809712464
2024-11-04 18:10:32,4.198834098911264,0.163,24.2430730354219,4.198538369753321,0.16308000000000006,25.064543337922245
2024-11-04 18:10:32,4.198669804934304,0.163,26.437220450515156,4.198531797994242,0.16308000000000006,25.09339304035733
2024-11-04 18:10:33,4.198669804934304,0.163,24.2430730354219,4.198544941512366,0.1630400000000001,25.078359794490556
2024-11-04 18:10:33,4.199326980843797,0.163,25.72571420883662,4.198597515584949,0.1630000000000001,25.092979372092085
2024-11-04 18:10:33,4.198998392888499,0.163,25.72571420883662,4.198617230862185,0.1630000000000001,25.13810572377016
2024-11-04 18:10:33,4.198834098911264,0.163,24.2430730354219,4.198623802621263,0.1630000000000001,25.15357925197993
2024-11-04 18:10:34,4.198834098911264,0.163,23.469396624933097,4.198623802621264,0.1630000000000001,25.13810572377016
2024-11-04 18:10:34,4.198012629029216,0.163,24.2430730354219,4.198604087344128,0.1630000000000001,25.15357925197993
2024-11-04 18:10:34,4.199162686866011,0.163,24.9947353287605,4.198630374380463,0.1630000000000001,25.153579251979934
2024-11-04 18:10:34,4.198998392888499,0.163,24.9947353287605,4.198656661416755,0.1630000000000001,25.138959674378416
2024-11-04 18:10:35,4.198834098911264,0.163,23.469396624933097,4.198669804934902,0.1630000000000001,25.093833322700338
2024-11-04 18:10:35,4.198834098911264,0.163,24.9947353287605,4.19867637669398,0.1630000000000001,25.06498362026524
2024-11-04 18:10:35,4.198998392888499,0.163,25.72571420883662,4.198689520212148,0.1630000000000001,25.05075349543167
2024-11-04 18:10:35,4.198341216981209,0.163,27.13035904417916,4.198682948453091,0.1630000000000001,25.050753495431678
2024-11-04 18:10:36,4.198998392888499,0.163,25.72571420883662,4.198709235489383,0.1630000000000001,25.065373073033197
2024-11-04 18:10:36,4.198341216981209,0.163,24.9947353287605,4.198696091971259,0.1630000000000001,25.0653730730332
2024-11-04 18:10:36,4.198834098911264,0.163,23.469396624933097,4.198702663730337,0.1630000000000001,25.020246721355125
2024-11-04 18:10:36,4.198012629029216,0.163,25.72571420883662,4.198669804935056,0.1630000000000001,25.04989954482342
2024-11-04 18:10:37,4.198176923005075,0.163,23.469396624933097,4.198643517898808,0.1630000000000001,25.01939277074687
2024-11-04 18:10:37,4.198669804934304,0.163,24.2430730354219,4.198669804935011,0.1630000000000001,24.961647050571727
2024-11-04 18:10:37,4.198669804934304,0.163,26.437220450515156,4.198663233175933,0.1630000000000001,24.990496753006827
2024-11-04 18:10:38,4.198341216981209,0.163,25.72571420883662,4.198682948453035,0.1630000000000001,25.005116330608345
2024-11-04 18:10:38,4.198176923005075,0.163,25.72571420883662,4.198676376693989,0.1630000000000001,25.03476915407663
2024-11-04 18:10:38,4.198505510957618,0.163,24.9947353287605,4.198663233175843,0.1630000000000001,25.049802399943406
2024-11-04 18:10:38,4.198341216981209,0.163,23.469396624933097,4.198656661416786,0.1630000000000001,25.03432887173363
2024-11-04 18:10:38,4.198834098911264,0.163,23.469396624933097,4.198656661416786,0.1630000000000001,25.01885534352385
2024-11-04 18:10:39,4.199162686866011,0.163,25.72571420883662,4.198676376694054,0.1630000000000001,25.018855343523857
2024-11-04 18:10:39,4.198669804934304,0.163,22.672238853203226,4.198676376694054,0.1630000000000001,24.943555711577616
2024-11-04 18:10:39,4.198341216981209,0.163,24.2430730354219,4.198636946139551,0.1630000000000001,24.928522465710838
2024-11-04 18:10:40,4.198669804934304,0.163,24.9947353287605,4.198623802621383,0.1630000000000001,24.943555711577616
2024-11-04 18:10:40,4.198341216981209,0.163,24.9947353287605,4.198604087344181,0.1630000000000001,24.900843237269246
2024-11-04 18:10:40,4.198176923005075,0.163,24.9947353287605,4.198577800307933,0.1630000000000001,24.886223659667724
2024-11-04 18:10:40,4.198669804934304,0.163,24.9947353287605,4.198604087344136,0.1630000000000001,24.88622365966772
2024-11-04 18:10:41,4.198998392888499,0.163,27.13035904417916,4.198597515585036,0.1630000000000001,24.959442908052647
2024-11-04 18:10:41,4.198834098911264,0.163,25.72571420883662,4.1985909438259466,0.1630000000000001,24.989095731520937
2024-11-04 18:10:41,4.198669804934304,0.163,25.72571420883662,4.198584372066867,0.1630000000000001,24.989095731520937
2024-11-04 18:10:41,4.198998392888499,0.163,23.469396624933097,4.198590943825958,0.1630000000000001,24.943969379842862
2024-11-04 18:10:42,4.198669804934304,0.163,24.2430730354219,4.19857780030779,0.1630000000000001,24.943969379842866
2024-11-04 18:10:42,4.198505510957618,0.163,24.9947353287605,4.198584372066846,0.1630000000000001,24.929349802241344
2024-11-04 18:10:42,4.199162686866011,0.163,24.2430730354219,4.1985909438259466,0.1630000000000001,24.91431655637457
2024-11-04 18:10:42,4.198834098911264,0.163,24.2430730354219,4.198610659103149,0.1630000000000001,24.899283310507805
2024-11-04 18:10:43,4.198834098911264,0.163,25.72571420883662,4.19861065910315,0.1630000000000001,24.89928331050781
2024-11-04 18:10:43,4.198998392888499,0.163,24.9947353287605,4.198650089657522,0.1630000000000001,24.85657083619943
2024-11-04 18:10:43,4.198834098911264,0.163,24.9947353287605,4.198676376693769,0.1630000000000001,24.887077610275973
2024-11-04 18:10:43,4.198505510957618,0.163,23.469396624933097,4.198669804934703,0.1630000000000001,24.841951258597906
2024-11-04 18:10:44,4.198998392888499,0.163,27.80614130216054,4.198682948452871,0.1630000000000001,24.928686152142458
2024-11-04 18:10:44,4.198505510957618,0.163,27.13035904417916,4.198689520211928,0.1630000000000001,24.971398626450828
2024-11-04 18:10:44,4.198834098911264,0.163,24.9947353287605,4.198715807248175,0.1630000000000001,24.956779048849306
2024-11-04 18:10:44,4.198505510957618,0.163,26.437220450515156,4.198715807248175,0.1630000000000001,25.000661997151173
2024-11-04 18:10:45,4.198341216981209,0.163,23.469396624933097,4.198715807248177,0.1630000000000001,24.97015522307462
2024-11-04 18:10:45,4.198998392888499,0.163,24.2430730354219,4.198722379007266,0.1630000000000001,24.970155223074627
2024-11-04 18:10:45,4.198341216981209,0.163,24.9947353287605,4.1986895202118735,0.1630000000000001,24.94130552063953
2024-11-04 18:10:45,4.198505510957618,0.163,24.2430730354219,4.198682948452806,0.1630000000000001,24.941305520639535
2024-11-04 18:10:46,4.198341216981209,0.163,24.2430730354219,4.198682948452806,0.1630000000000001,24.911652697171245
2024-11-04 18:10:46,4.198669804934304,0.163,23.469396624933097,4.198682948452806,0.1630000000000001,24.866526345493167
2024-11-04 18:10:46,4.198505510957618,0.163,24.9947353287605,4.198689520211862,0.1630000000000001,24.88155959135994
2024-11-04 18:10:46,4.198834098911264,0.163,24.9947353287605,4.198715807248109,0.1630000000000001,24.912066365436495
2024-11-04 18:10:47,4.198341216981209,0.163,24.9947353287605,4.198702663729986,0.1630000000000001,24.927099611303262
2024-11-04 18:10:47,4.199162686866011,0.163,27.80614130216054,4.198709235489085,0.1630000000000001,24.98332773077126
2024-11-04 18:10:47,4.198505510957618,0.163,24.9947353287605,4.198696091970939,0.1630000000000001,24.98332773077126
2024-11-04 18:10:47,4.198669804934304,0.163,23.469396624933097,4.198696091970938,0.1630000000000001,24.98332773077126
2024-11-04 18:10:48,4.198834098911264,0.163,26.437220450515156,4.198689520211849,0.1630000000000001,25.012177433206354
2024-11-04 18:10:48,4.198341216981209,0.163,23.469396624933097,4.198676376693725,0.1630000000000001,24.967051081528282
2024-11-04 18:10:48,4.198341216981209,0.163,24.9947353287605,4.198669804934669,0.1630000000000001,24.924338607219905
2024-11-04 18:10:48,4.198669804934304,0.163,24.2430730354219,4.1986500896574,0.1630000000000001,24.894685783751616
2024-11-04 18:10:49,4.198505510957618,0.163,23.469396624933097,4.1986369461392545,0.1630000000000001,24.864179009675073
2024-11-04 18:10:49,4.198341216981209,0.163,23.469396624933097,4.198617230862052,0.1630000000000001,24.864179009675066
2024-11-04 18:10:49,4.198669804934304,0.163,23.469396624933097,4.198604087343884,0.1630000000000001,24.819052657997
2024-11-04 18:10:49,4.198834098911264,0.163,21.84997632024192,4.198604087343885,0.1630000000000001,24.786664251903172
2024-11-04 18:10:50,4.198341216981209,0.162,24.2430730354219,4.198597515584828,0.1629600000000001,24.786664251903176
2024-11-04 18:10:50,4.198834098911264,0.162,26.437220450515156,4.198590943825739,0.1629200000000001,24.786664251903165
2024-11-04 18:10:50,4.198505510957618,0.163,24.9947353287605,4.198590943825739,0.16292000000000006,24.772044674301654
2024-11-04 18:10:50,4.198669804934304,0.163,24.9947353287605,4.19858437206666,0.16292000000000006,24.757425096700125
2024-11-04 18:10:51,4.198505510957618,0.163,24.9947353287605,4.19858437206666,0.16292000000000006,24.75742509670012
2024-11-04 18:10:51,4.198669804934304,0.163,25.72571420883662,4.198597515584783,0.16292000000000006,24.8025514483782
2024-11-04 18:10:51,4.198341216981209,0.163,24.9947353287605,4.1985712285484915,0.16292000000000006,24.833058222454742
2024-11-04 18:10:51,4.198669804934304,0.163,24.9947353287605,4.198584372066616,0.16292000000000006,24.818438644853224
2024-11-04 18:10:52,4.198012629029216,0.163,24.2430730354219,4.19856465678948,0.16292000000000006,24.8498553284976
2024-11-04 18:10:52,4.198505510957618,0.163,23.469396624933097,4.198571228548536,0.16292000000000006,24.83438180028782
2024-11-04 18:10:52,4.198176923005075,0.163,24.9947353287605,4.198551513271366,0.16292000000000006,24.834381800287815
2024-11-04 18:10:52,4.198834098911264,0.163,23.469396624933097,4.198564656789512,0.16292000000000006,24.803875026211273
2024-11-04 18:10:53,4.198998392888499,0.163,25.72571420883662,4.198571228548602,0.16292000000000006,24.818494603812788
2024-11-04 18:10:53,4.198505510957618,0.163,25.72571420883662,4.198577800307659,0.1629200000000001,24.833114181414313
2024-11-04 18:10:53,4.198669804934304,0.163,24.9947353287605,4.19855808503039,0.1629200000000001,24.790401707105943
2024-11-04 18:10:53,4.198669804934304,0.163,24.2430730354219,4.198564656789457,0.1629200000000001,24.760748883637643
2024-11-04 18:10:54,4.198669804934304,0.163,24.2430730354219,4.198564656789457,0.1629200000000001,24.731096060169353
2024-11-04 18:10:54,4.198998392888499,0.163,24.9947353287605,4.198571228548546,0.1629200000000001,24.761602834245906
2024-11-04 18:10:54,4.198669804934304,0.163,24.9947353287605,4.198584372066669,0.1629200000000001,24.77663608011267
2024-11-04 18:10:54,4.199162686866011,0.163,24.2430730354219,4.1986172308620615,0.1629200000000001,24.761602834245906
2024-11-04 18:10:55,4.198834098911264,0.163,22.672238853203226,4.198623802621141,0.1629200000000001,24.730186150601526
2024-11-04 18:10:55,4.198669804934304,0.163,24.9947353287605,4.198630374380207,0.1629200000000001,24.745219396468304
2024-11-04 18:10:55,4.198669804934304,0.163,24.9947353287605,4.19864351789833,0.1629200000000001,24.730599818866782
2024-11-04 18:10:55,4.198998392888499,0.163,24.2430730354219,4.198656661416499,0.1629200000000001,24.71556657300001
2024-11-04 18:10:56,4.198505510957618,0.163,25.72571420883662,4.198643517898354,0.1629200000000001,24.73018615060153
2024-11-04 18:10:56,4.199162686866011,0.163,24.9947353287605,4.198676376693745,0.16296000000000008,24.760692924678082
2024-11-04 18:10:56,4.198834098911264,0.162,24.2430730354219,4.198676376693745,0.1629600000000001,24.689431559343312
2024-11-04 18:10:56,4.199162686866011,0.162,24.9947353287605,4.198702663730081,0.1629200000000001,24.646719085034935
2024-11-04 18:10:57,4.198998392888499,0.163,25.72571420883662,4.1987158072482496,0.16292000000000006,24.661338662636464
2024-11-04 18:10:57,4.198834098911264,0.163,24.9947353287605,4.198728950766395,0.16292000000000006,24.632488960201368
2024-11-04 18:10:57,4.198341216981209,0.163,23.469396624933097,4.198715807248272,0.16292000000000006,24.632488960201364
2024-11-04 18:10:57,4.198834098911264,0.163,23.469396624933097,4.1987355225254746,0.16292000000000006,24.61701543199159
2024-11-04 18:10:58,4.198834098911264,0.162,26.437220450515156,4.198742094284554,0.16288000000000008,24.645865134426675
2024-11-04 18:10:58,4.198505510957618,0.162,25.72571420883662,4.198761809561691,0.16284000000000007,24.675517957894964
2024-11-04 18:10:58,4.198669804934304,0.162,22.672238853203226,4.1987683813207575,0.16280000000000006,24.64410127425059
2024-11-04 18:10:58,4.198998392888499,0.162,25.72571420883662,4.198801240116095,0.16276000000000004,24.68922762592867
2024-11-04 18:10:59,4.198669804934304,0.162,24.9947353287605,4.198794668357015,0.16272000000000003,24.689227625928666
2024-11-04 18:10:59,4.198012629029216,0.163,25.72571420883662,4.1987552378026445,0.16271999999999998,24.703847203530195
2024-11-04 18:10:59,4.198669804934304,0.163,25.72571420883662,4.198761809561711,0.16271999999999998,24.71846678113171
2024-11-04 18:10:59,4.198834098911264,0.163,24.9947353287605,4.19876838132079,0.16272000000000003,24.662238661663718
2024-11-04 18:11:00,4.198834098911264,0.163,25.72571420883662,4.198774953079869,0.16272000000000003,24.67685823926524
2024-11-04 18:11:00,4.198341216981209,0.163,24.9947353287605,4.198761809561744,0.16272000000000003,24.707365013341782
2024-11-04 18:11:00,4.198834098911264,0.163,24.2430730354219,4.198755237802655,0.16272000000000003,24.663482065039915
2024-11-04 18:11:00,4.199162686866011,0.163,24.2430730354219,4.198774953079923,0.16272000000000003,24.678955593249697
2024-11-04 18:11:01,4.198669804934304,0.163,24.9947353287605,4.198755237802654,0.16272000000000003,24.678955593249693
2024-11-04 18:11:01,4.198505510957618,0.162,25.72571420883662,4.198742094284508,0.16268000000000005,24.70860841671799
2024-11-04 18:11:01,4.198834098911264,0.162,24.2430730354219,4.1987486660435875,0.16264000000000003,24.72408194492776
2024-11-04 18:11:01,4.198669804934304,0.162,24.9947353287605,4.1987486660435875,0.16260000000000005,24.754588719004314
2024-11-04 18:11:02,4.198341216981209,0.162,24.2430730354219,4.198722379007296,0.16256000000000007,24.770062247214085
2024-11-04 18:11:02,4.198834098911264,0.162,24.2430730354219,4.198735522525442,0.16252000000000005,24.817924181517693
2024-11-04 18:11:02,4.198669804934304,0.162,24.2430730354219,4.198715807248172,0.16248000000000004,24.817924181517686
2024-11-04 18:11:02,4.198341216981209,0.162,25.72571420883662,4.19869609197097,0.16248,24.803694056684115
2024-11-04 18:11:03,4.198669804934304,0.162,25.72571420883662,4.198676376693702,0.16248,24.81831363428564
2024-11-04 18:11:03,4.198669804934304,0.162,24.2430730354219,4.198663233175534,0.16243999999999997,24.803280388418877
2024-11-04 18:11:03,4.198834098911264,0.162,25.72571420883662,4.198663233175535,0.16239999999999996,24.817899966020395
2024-11-04 18:11:03,4.198834098911264,0.162,23.469396624933097,4.198682948452737,0.16235999999999995,24.772773614342317
2024-11-04 18:11:04,4.199162686866011,0.163,24.9947353287605,4.198696091970927,0.16235999999999995,24.772773614342324
2024-11-04 18:11:04,4.198669804934304,0.163,24.9947353287605,4.198689520211847,0.16239999999999996,24.772773614342317
2024-11-04 18:11:04,4.198834098911264,0.163,23.469396624933097,4.198702663729993,0.16243999999999997,24.757300086132545
2024-11-04 18:11:04,4.198834098911264,0.163,23.469396624933097,4.198709235489072,0.16247999999999999,24.75730008613255
2024-11-04 18:11:05,4.198834098911264,0.163,24.9947353287605,4.198702663729983,0.16252,24.757300086132545
2024-11-04 18:11:05,4.198834098911264,0.163,25.72571420883662,4.198709235489061,0.16256,24.80242643781061
2024-11-04 18:11:05,4.198834098911264,0.163,23.469396624933097,4.198742094284344,0.16256000000000004,24.757300086132542
2024-11-04 18:11:05,4.198505510957618,0.163,24.2430730354219,4.198735522525277,0.16256000000000004,24.72764726266426
2024-11-04 18:11:06,4.198669804934304,0.162,23.469396624933097,4.198728950766198,0.16252000000000005,24.697140488587696
2024-11-04 18:11:06,4.198669804934304,0.162,24.9947353287605,4.198722379007119,0.16248000000000004,24.71217373445448
2024-11-04 18:11:06,4.198834098911264,0.163,24.2430730354219,4.198742094284322,0.16248000000000004,24.712173734454478
2024-11-04 18:11:06,4.198834098911264,0.163,24.2430730354219,4.198742094284323,0.16248000000000007,24.69714048858771
2024-11-04 18:11:07,4.199162686866011,0.163,24.9947353287605,4.198742094284322,0.16248000000000007,24.697140488587706
2024-11-04 18:11:07,4.199162686866011,0.162,24.2430730354219,4.1987618095615895,0.16244000000000006,24.697140488587706
2024-11-04 18:11:07,4.198834098911264,0.162,24.9947353287605,4.198774953079736,0.16244000000000006,24.74359041809885
2024-11-04 18:11:07,4.198341216981209,0.163,24.9947353287605,4.1987552378025335,0.16248000000000004,24.74359041809885
2024-11-04 18:11:08,4.198669804934304,0.163,24.2430730354219,4.198755237802533,0.16252000000000003,24.72855717223208
2024-11-04 18:11:08,4.198669804934304,0.163,24.9947353287605,4.198768381320656,0.16256000000000004,24.74359041809885
2024-11-04 18:11:08,4.199162686866011,0.163,25.72571420883662,4.1987815248388465,0.16260000000000002,24.743590418098858
2024-11-04 18:11:08,4.198834098911264,0.163,25.72571420883662,4.198788096597925,0.16264000000000003,24.758209995700373
2024-11-04 18:11:09,4.198669804934304,0.163,26.437220450515156,4.1988012401160475,0.16268000000000005,24.802092944002244
2024-11-04 18:11:09,4.199162686866011,0.163,24.2430730354219,4.198820955393315,0.16272000000000006,24.78705969813547
2024-11-04 18:11:09,4.198998392888499,0.163,24.9947353287605,4.198834098911483,0.16276000000000007,24.772440120533947
2024-11-04 18:11:09,4.198669804934304,0.163,24.2430730354219,4.198827527152405,0.16280000000000006,24.757406874667172
2024-11-04 18:11:10,4.199326980843797,0.162,24.2430730354219,4.198847242429706,0.16280000000000008,24.772880402876954
2024-11-04 18:11:10,4.198669804934304,0.162,24.9947353287605,4.198827527152437,0.16276000000000007,24.803387176953496
2024-11-04 18:11:10,4.198669804934304,0.162,24.9947353287605,4.198827527152437,0.16272000000000006,24.7745374745184
2024-11-04 18:11:10,4.198834098911264,0.162,25.72571420883662,4.198827527152439,0.16268000000000005,24.7745374745184
2024-11-04 18:11:11,4.198998392888499,0.162,22.672238853203226,4.1988340989115285,0.16264000000000003,24.774537474518397
2024-11-04 18:11:11,4.198834098911264,0.162,24.9947353287605,4.1988340989115285,0.16260000000000002,24.75991789691688
2024-11-04 18:11:11,4.198341216981209,0.162,23.469396624933097,4.198814383634327,0.16256,24.729411122840332
2024-11-04 18:11:11,4.198998392888499,0.162,24.9947353287605,4.198820955393417,0.16252,24.714791545238803
2024-11-04 18:11:12,4.198669804934304,0.162,24.2430730354219,4.198827527152483,0.16247999999999999,24.685138721770514
2024-11-04 18:11:12,4.199326980843797,0.162,24.2430730354219,4.198853814188864,0.16247999999999993,24.670105475903746
2024-11-04 18:11:12,4.198834098911264,0.162,26.437220450515156,4.198860385947942,0.16247999999999993,24.684335600737324
2024-11-04 18:11:12,4.198505510957618,0.162,27.13035904417916,4.198847242429798,0.16243999999999992,24.72704807504569
2024-11-04 18:11:13,4.198505510957618,0.162,24.9947353287605,4.198834098911652,0.16239999999999996,24.742081320912458
2024-11-04 18:11:13,4.198505510957618,0.162,24.2430730354219,4.198807811875317,0.16235999999999995,24.74208132091246
2024-11-04 18:11:13,4.198669804934304,0.162,25.72571420883662,4.198788096598048,0.16235999999999995,24.756700898513984
2024-11-04 18:11:13,4.198834098911264,0.162,25.72571420883662,4.198788096598048,0.16235999999999995,24.756700898513984
2024-11-04 18:11:14,4.198669804934304,0.162,24.2430730354219,4.198801240116171,0.16231999999999996,24.756700898513976
2024-11-04 18:11:14,4.198341216981209,0.162,24.2430730354219,4.198788096598047,0.16227999999999995,24.741667652647212
2024-11-04 18:11:14,4.198669804934304,0.162,23.469396624933097,4.198788096598047,0.16223999999999997,24.72619412443743
2024-11-04 18:11:14,4.198998392888499,0.162,24.2430730354219,4.198781524838947,0.16219999999999996,24.726194124437423
2024-11-04 18:11:15,4.198669804934304,0.162,27.13035904417916,4.198774953079868,0.16215999999999994,24.783939844612583
2024-11-04 18:11:15,4.198834098911264,0.162,23.469396624933097,4.198781524838946,0.16211999999999996,24.738813492934504
2024-11-04 18:11:15,4.198505510957618,0.162,26.437220450515156,4.198755237802611,0.16207999999999995,24.753043617768082
2024-11-04 18:11:15,4.198834098911264,0.162,24.2430730354219,4.198748666043521,0.16203999999999993,24.753043617768075
2024-11-04 18:11:16,4.198834098911264,0.162,27.13035904417916,4.1987552378026,0.16199999999999995,24.78113651447493
2024-11-04 18:11:16,4.199326980843797,0.162,26.437220450515156,4.1987552378026,0.16199999999999995,24.840492990986576
2024-11-04 18:11:16,4.198669804934304,0.162,24.2430730354219,4.1987552378026,0.16199999999999995,24.8254597451198
2024-11-04 18:11:16,4.198669804934304,0.162,24.2430730354219,4.1987552378026,0.16199999999999995,24.810426499253026
2024-11-04 18:11:17,4.199491274821859,0.162,26.437220450515156,4.198781524839023,0.16199999999999995,24.869782975764675
2024-11-04 18:11:17,4.198505510957618,0.162,23.469396624933097,4.1987618095617885,0.16199999999999995,24.869782975764668
2024-11-04 18:11:17,4.198834098911264,0.162,25.72571420883662,4.1987618095617885,0.16199999999999995,24.8844025533662
2024-11-04 18:11:17,4.198834098911264,0.162,24.9947353287605,4.198781524838991,0.16199999999999995,24.869782975764668
2024-11-04 18:11:18,4.198669804934304,0.162,24.2430730354219,4.198768381320822,0.16199999999999995,24.88525650397445
2024-11-04 18:11:18,4.198834098911264,0.162,23.469396624933097,4.1987749530799015,0.16199999999999995,24.869782975764668
2024-11-04 18:11:18,4.198998392888499,0.162,26.437220450515156,4.198761809561689,0.16199999999999995,24.929139452276303
2024-11-04 18:11:18,4.198669804934304,0.162,25.72571420883662,4.198755237802611,0.16199999999999995,24.94375902987783
2024-11-04 18:11:19,4.198834098911264,0.162,24.2430730354219,4.1987683813207575,0.16199999999999995,24.943759029877825
2024-11-04 18:11:19,4.198669804934304,0.162,26.437220450515156,4.198774953079824,0.16199999999999995,24.987641978179692
2024-11-04 18:11:19,4.198669804934304,0.162,23.469396624933097,4.198781524838891,0.16199999999999995,24.95713520410314
2024-11-04 18:11:19,4.199162686866011,0.162,25.72571420883662,4.1988012401161585,0.16199999999999995,24.98678802757144
2024-11-04 18:11:20,4.198834098911264,0.162,24.2430730354219,4.1988012401161585,0.16199999999999995,24.97175478170467
2024-11-04 18:11:20,4.198505510957618,0.162,25.72571420883662,4.198794668357092,0.16199999999999995,24.986374359306193
2024-11-04 18:11:20,4.198176923005075,0.162,24.2430730354219,4.1987880965980455,0.16199999999999995,24.986374359306197
2024-11-04 18:11:21,4.198834098911264,0.162,24.2430730354219,4.198794668357124,0.16199999999999995,24.971341113439422
2024-11-04 18:11:21,4.199162686866011,0.162,23.469396624933097,4.198801240116224,0.16199999999999995,24.926214761761354
2024-11-04 18:11:21,4.198998392888499,0.162,24.2430730354219,4.198814383634392,0.16199999999999995,24.89656193829306
2024-11-04 18:11:21,4.198505510957618,0.162,23.469396624933097,4.1988012401162464,0.16199999999999995,24.83720546178142
2024-11-04 18:11:22,4.199491274821859,0.161,26.437220450515156,4.198840670670816,0.16195999999999994,24.881088410083276
2024-11-04 18:11:22,4.198998392888499,0.161,25.72571420883662,4.198847242429907,0.16191999999999993,24.8957079876848
2024-11-04 18:11:22,4.198669804934304,0.162,25.72571420883662,4.198840670670828,0.16191999999999993,24.925360811153087
2024-11-04 18:11:22,4.198834098911264,0.162,26.437220450515156,4.1988209553935265,0.16191999999999993,24.969243759454958
2024-11-04 18:11:23,4.198998392888499,0.162,24.9947353287605,4.198834098911695,0.16191999999999993,24.96924375945496
2024-11-04 18:11:23,4.198998392888499,0.161,23.469396624933097,4.198847242429864,0.1618799999999999,24.93873698537841
2024-11-04 18:11:23,4.199162686866011,0.161,24.2430730354219,4.198834098911629,0.1618399999999999,24.90908416191012
2024-11-04 18:11:23,4.198834098911264,0.162,24.9947353287605,4.198847242429776,0.1618399999999999,24.955534091421267
2024-11-04 18:11:24,4.198998392888499,0.162,23.469396624933097,4.198853814188865,0.1618399999999999,24.925027317344714
2024-11-04 18:11:24,4.199162686866011,0.162,26.437220450515156,4.198866957707055,0.1618399999999999,24.98438379385636
2024-11-04 18:11:24,4.198341216981209,0.162,23.469396624933097,4.198853814188931,0.1618399999999999,24.953877019779807
2024-11-04 18:11:24,4.198669804934304,0.162,27.80614130216054,4.198847242429852,0.1618399999999999,25.025138385114584
2024-11-04 18:11:25,4.199162686866011,0.161,24.9947353287605,4.1988538141889515,0.1617999999999999,25.04017163098136
2024-11-04 18:11:25,4.198998392888499,0.161,21.84997632024192,4.19886695770712,0.16175999999999988,24.94842674837589
2024-11-04 18:11:25,4.198834098911264,0.162,24.9947353287605,4.19886695770712,0.1617599999999999,24.905714274067513
2024-11-04 18:11:25,4.198998392888499,0.162,24.9947353287605,4.198880101225288,0.1617599999999999,24.905714274067517
2024-11-04 18:11:25,4.199326980843797,0.162,23.469396624933097,4.198906388261667,0.1617599999999999,24.890240745857735
2024-11-04 18:11:26,4.198669804934304,0.161,23.469396624933097,4.198886672984399,0.1617199999999999,24.845114394179667
2024-11-04 18:11:26,4.198669804934304,0.161,24.2430730354219,4.19888010122532,0.16167999999999988,24.815461570711374
2024-11-04 18:11:26,4.198998392888499,0.161,24.2430730354219,4.198899816502555,0.1616399999999999,24.815461570711378
2024-11-04 18:11:27,4.198341216981209,0.161,22.672238853203226,4.198906388261602,0.16159999999999988,24.784044887066997
2024-11-04 18:11:27,4.198834098911264,0.162,24.9947353287605,4.198906388261602,0.16159999999999988,24.814551661143547
2024-11-04 18:11:27,4.198505510957618,0.162,24.2430730354219,4.198880101225267,0.16159999999999988,24.81455166114355
2024-11-04 18:11:27,4.198998392888499,0.162,21.84997632024192,4.198880101225267,0.16159999999999985,24.708944006664805
2024-11-04 18:11:28,4.198834098911264,0.161,25.72571420883662,4.198893244743413,0.16155999999999984,24.75407035834288
2024-11-04 18:11:28,4.198998392888499,0.161,24.2430730354219,4.198873529466078,0.16155999999999987,24.710187410041012
2024-11-04 18:11:28,4.199162686866011,0.161,24.9947353287605,4.198880101225178,0.16155999999999987,24.72522065590778
2024-11-04 18:11:28,4.198341216981209,0.161,23.469396624933097,4.198866957707055,0.16151999999999986,24.65200140752286
2024-11-04 18:11:29,4.198998392888499,0.161,24.2430730354219,4.198873529466145,0.16147999999999985,24.608118459220996
2024-11-04 18:11:29,4.198834098911264,0.161,25.72571420883662,4.198866957707056,0.16143999999999983,24.637771282689283
2024-11-04 18:11:29,4.198341216981209,0.161,25.72571420883662,4.198840670670764,0.16143999999999983,24.66742410615758
2024-11-04 18:11:29,4.198505510957618,0.161,24.9947353287605,4.198814383634429,0.16143999999999983,24.638574403722483
2024-11-04 18:11:30,4.198834098911264,0.161,24.2430730354219,4.198814383634429,0.16139999999999982,24.654047931932265
2024-11-04 18:11:30,4.198669804934304,0.161,26.437220450515156,4.19880124011626,0.16135999999999984,24.66827805676584
2024-11-04 18:11:30,4.198834098911264,0.161,25.72571420883662,4.19878809659807,0.16131999999999982,24.682897634367354
2024-11-04 18:11:30,4.199326980843797,0.161,24.9947353287605,4.198827527152575,0.16127999999999978,24.69793088023413
2024-11-04 18:11:31,4.198998392888499,0.161,23.469396624933097,4.198840670670743,0.16123999999999977,24.697930880234125
2024-11-04 18:11:31,4.198669804934304,0.161,24.9947353287605,4.198820955393473,0.1612399999999998,24.66908117779904
2024-11-04 18:11:31,4.198669804934304,0.161,23.469396624933097,4.198807811875305,0.1612399999999998,24.62395482612096
2024-11-04 18:11:31,4.198341216981209,0.161,25.72571420883662,4.198788096598102,0.1611999999999998,24.653607649589258
2024-11-04 18:11:32,4.198998392888499,0.161,25.72571420883662,4.198788096598102,0.16115999999999978,24.639377524755684
2024-11-04 18:11:32,4.199491274821859,0.161,24.2430730354219,4.198794668357224,0.16111999999999982,24.654851052965466
2024-11-04 18:11:32,4.199162686866011,0.161,24.9947353287605,4.198814383634492,0.16111999999999982,24.640231475363944
2024-11-04 18:11:32,4.198669804934304,0.161,24.2430730354219,4.198814383634492,0.16111999999999982,24.640231475363947
2024-11-04 18:11:33,4.199326980843797,0.161,24.2430730354219,4.198827527152704,0.16111999999999982,24.610578651895647
2024-11-04 18:11:33,4.199162686866011,0.161,21.84997632024192,4.1988603859480955,0.16111999999999982,24.562716717592053
2024-11-04 18:11:33,4.198834098911264,0.161,26.437220450515156,4.1988603859480955,0.16107999999999978,24.606599665893917
2024-11-04 18:11:33,4.198998392888499,0.161,25.72571420883662,4.198880101225331,0.16103999999999982,24.65172601757198
2024-11-04 18:11:34,4.198998392888499,0.161,24.9947353287605,4.198880101225331,0.1609999999999998,24.666759263438756
2024-11-04 18:11:34,4.198998392888499,0.161,24.9947353287605,4.198886672984421,0.1609999999999998,24.69726603751531
2024-11-04 18:11:34,4.198834098911264,0.161,25.72571420883662,4.198880101225331,0.1609999999999998,24.683035912681735
2024-11-04 18:11:34,4.198669804934304,0.161,24.2430730354219,4.198860385948063,0.1609999999999998,24.653383089213445
2024-11-04 18:11:35,4.198998392888499,0.161,26.437220450515156,4.198886672984355,0.1609999999999998,24.667613214047005
2024-11-04 18:11:35,4.198834098911264,0.161,25.72571420883662,4.198880101225267,0.1609999999999998,24.65338308921344
2024-11-04 18:11:35,4.198998392888499,0.161,24.9947353287605,4.198886672984356,0.1609999999999998,24.653383089213435
2024-11-04 18:11:35,4.199162686866011,0.161,24.9947353287605,4.198919531779748,0.1609999999999998,24.683889863289988
2024-11-04 18:11:36,4.198176923005075,0.161,25.72571420883662,4.198906388261645,0.1609999999999998,24.713542686758284
2024-11-04 18:11:36,4.198341216981209,0.161,24.2430730354219,4.198886672984443,0.1609999999999998,24.698509440891506
2024-11-04 18:11:36,4.198669804934304,0.161,24.9947353287605,4.198886672984442,0.1609999999999998,24.729016214968052
2024-11-04 18:11:36,4.199162686866011,0.161,24.2430730354219,4.1988998165026326,0.1609999999999998,24.685133266666195
2024-11-04 18:11:37,4.198998392888499,0.161,24.9947353287605,4.19888667298442,0.1609999999999998,24.715640040742738
2024-11-04 18:11:37,4.198998392888499,0.161,23.469396624933097,4.198886672984421,0.1609999999999998,24.628905147198196
2024-11-04 18:11:37,4.198998392888499,0.161,25.72571420883662,4.198899816502589,0.1609999999999998,24.64352472479972
2024-11-04 18:11:37,4.198834098911264,0.161,24.9947353287605,4.198906388261667,0.1609999999999998,24.706419904970094
2024-11-04 18:11:38,4.198176923005075,0.161,24.2430730354219,4.198899816502621,0.1609999999999998,24.69138665910332
2024-11-04 18:11:38,4.198834098911264,0.161,23.469396624933097,4.198893244743533,0.1609999999999998,24.660879885026766
2024-11-04 18:11:38,4.198341216981209,0.161,25.72571420883662,4.198847242429907,0.1609999999999998,24.706006236704845
2024-11-04 18:11:38,4.199326980843797,0.161,27.80614130216054,4.198853814189019,0.1609999999999998,24.792741130249386
2024-11-04 18:11:39,4.199162686866011,0.161,26.437220450515156,4.198873529466287,0.1609999999999998,24.836624078551257
2024-11-04 18:11:39,4.198834098911264,0.161,24.9947353287605,4.198853814188986,0.1609999999999998,24.851657324418024
2024-11-04 18:11:39,4.198998392888499,0.161,22.672238853203226,4.198847242429886,0.1609999999999998,24.851657324418028
2024-11-04 18:11:39,4.198834098911264,0.161,22.672238853203226,4.198847242429886,0.1609999999999998,24.80520739490688
2024-11-04 18:11:40,4.198505510957618,0.161,25.72571420883662,4.19882752715265,0.1609999999999998,24.83486021837517
2024-11-04 18:11:40,4.199162686866011,0.161,24.2430730354219,4.19883409891175,0.1609999999999998,24.882722152678774
2024-11-04 18:11:40,4.198505510957618,0.161,23.469396624933097,4.198814383634516,0.1609999999999998,24.837595801000706
2024-11-04 18:11:40,4.198998392888499,0.161,24.9947353287605,4.198820955393606,0.1609999999999998,24.852629046867474
2024-11-04 18:11:41,4.199655568800195,0.161,25.72571420883662,4.19886038594824,0.1609999999999998,24.867248624468992
2024-11-04 18:11:41,4.198998392888499,0.16,25.72571420883662,4.19886038594824,0.16095999999999983,24.912374976147067
2024-11-04 18:11:41,4.198998392888499,0.16,24.9947353287605,4.198866957707331,0.16091999999999984,24.92740822201383
2024-11-04 18:11:41,4.198505510957618,0.16,24.9947353287605,4.198847242430095,0.16087999999999986,24.912788644412313
2024-11-04 18:11:42,4.198669804934304,0.161,26.437220450515156,4.198827527152826,0.16087999999999986,24.927018769245887
2024-11-04 18:11:42,4.198998392888499,0.161,25.72571420883662,4.198860385948163,0.16087999999999986,24.9416383468474
2024-11-04 18:11:42,4.198834098911264,0.161,25.72571420883662,4.198880101225365,0.16087999999999986,24.9712911703157
2024-11-04 18:11:42,4.199162686866011,0.161,25.72571420883662,4.198899816502633,0.16087999999999986,24.957061045482124
2024-11-04 18:11:43,4.199326980843797,0.161,24.9947353287605,4.198906388261745,0.16087999999999986,24.942441467880602
2024-11-04 18:11:43,4.198998392888499,0.161,24.2430730354219,4.198906388261745,0.16087999999999986,24.927408222013828
2024-11-04 18:11:43,4.198505510957618,0.161,26.437220450515156,4.198886672984511,0.16087999999999986,24.986764698525477
2024-11-04 18:11:43,4.199326980843797,0.161,25.72571420883662,4.198899816502722,0.16087999999999986,25.00138427612699
2024-11-04 18:11:44,4.198341216981209,0.161,24.9947353287605,4.19888010122552,0.16087999999999986,25.031891050203544
2024-11-04 18:11:44,4.198669804934304,0.161,23.469396624933097,4.1988998165026885,0.16087999999999986,24.986764698525477
2024-11-04 18:11:44,4.199162686866011,0.161,25.72571420883662,4.198912960020878,0.16087999999999983,24.986764698525477
2024-11-04 18:11:44,4.199162686866011,0.161,24.2430730354219,4.198945818816269,0.16087999999999983,24.986764698525473
2024-11-04 18:11:45,4.198669804934304,0.161,24.9947353287605,4.1989195317798895,0.16087999999999983,24.986764698525477
2024-11-04 18:11:45,4.198669804934304,0.161,24.2430730354219,4.198899816502621,0.16087999999999983,24.986764698525473
2024-11-04 18:11:45,4.198505510957618,0.161,26.437220450515156,4.198886672984475,0.16087999999999983,25.030647646827337
2024-11-04 18:11:45,4.199162686866011,0.161,24.9947353287605,4.198893244743575,0.16087999999999983,25.093542826997712
2024-11-04 18:11:46,4.199162686866011,0.161,24.2430730354219,4.198906388261764,0.1608799999999998,25.04965987869585
2024-11-04 18:11:46,4.199491274821859,0.16,24.2430730354219,4.198945818816333,0.16083999999999982,25.020007055227556
2024-11-04 18:11:46,4.198998392888499,0.16,24.2430730354219,4.198939247057233,0.16079999999999983,25.00497380936079
2024-11-04 18:11:46,4.199162686866011,0.161,24.2430730354219,4.198965534093569,0.16079999999999983,24.989940563494017
2024-11-04 18:11:47,4.198998392888499,0.161,26.437220450515156,4.198965534093569,0.16079999999999983,25.004170688327587
2024-11-04 18:11:47,4.198834098911264,0.161,24.9947353287605,4.198932675298013,0.16079999999999983,25.019203934194362
2024-11-04 18:11:47,4.199162686866011,0.161,23.469396624933097,4.198939247057113,0.16083999999999984,24.959847457682717
2024-11-04 18:11:47,4.199162686866011,0.161,24.2430730354219,4.198945818816213,0.16087999999999986,24.930194634214416
2024-11-04 18:11:48,4.199326980843797,0.161,23.469396624933097,4.19897867761166,0.16091999999999984,24.899687860137874
2024-11-04 18:11:48,4.199162686866011,0.161,25.72571420883662,4.198998392888928,0.16091999999999984,24.91430743773939
2024-11-04 18:11:48,4.199162686866011,0.16,24.9947353287605,4.1990049646480285,0.16087999999999986,24.89968786013787
2024-11-04 18:11:48,4.198505510957618,0.16,25.72571420883662,4.198991821129884,0.1608399999999999,24.92934068360617
2024-11-04 18:11:49,4.198998392888499,0.16,23.469396624933097,4.198985249370783,0.16079999999999992,24.898833909529618
2024-11-04 18:11:49,4.198669804934304,0.16,24.9947353287605,4.1989589623344035,0.1607599999999999,24.913867155396392
2024-11-04 18:11:49,4.198998392888499,0.16,24.2430730354219,4.1989589623344035,0.16071999999999992,24.898833909529625
2024-11-04 18:11:49,4.198834098911264,0.161,22.672238853203226,4.198972105852549,0.16071999999999992,24.882890754095023
2024-11-04 18:11:50,4.198834098911264,0.161,26.437220450515156,4.198952390575249,0.16071999999999992,24.8971208789286
2024-11-04 18:11:50,4.198998392888499,0.161,25.72571420883662,4.198978677611541,0.16071999999999992,24.911740456530115
2024-11-04 18:11:50,4.198998392888499,0.161,24.2430730354219,4.1989918211297095,0.16071999999999992,24.91174045653011
2024-11-04 18:11:50,4.198998392888499,0.161,25.72571420883662,4.198985249370609,0.16071999999999992,24.956866808208186
2024-11-04 18:11:51,4.198669804934304,0.161,25.72571420883662,4.198965534093341,0.16071999999999992,24.956866808208186
2024-11-04 18:11:51,4.198998392888499,0.161,23.469396624933097,4.1989786776115094,0.16071999999999992,24.870131914663638
2024-11-04 18:11:51,4.199326980843797,0.16,25.72571420883662,4.199004964647888,0.1606799999999999,24.855901789830067
2024-11-04 18:11:51,4.198834098911264,0.16,23.469396624933097,4.199018108166035,0.16063999999999992,24.825395015753514
2024-11-04 18:11:52,4.199162686866011,0.16,26.437220450515156,4.199018108166035,0.1605999999999999,24.900694647699755
2024-11-04 18:11:52,4.199326980843797,0.16,23.469396624933097,4.199024679925146,0.16055999999999993,24.91663780313435
2024-11-04 18:11:52,4.198834098911264,0.16,27.13035904417916,4.198998392888723,0.16055999999999993,24.9447306998412
2024-11-04 18:11:52,4.198998392888499,0.16,23.469396624933097,4.198998392888723,0.16055999999999993,24.92925717163143
2024-11-04 18:11:53,4.198834098911264,0.16,24.2430730354219,4.198985249370533,0.16051999999999997,24.9447306998412
2024-11-04 18:11:53,4.199162686866011,0.16,24.9947353287605,4.198991821129633,0.16047999999999998,24.944730699841205
2024-11-04 18:11:53,4.198998392888499,0.16,24.2430730354219,4.198998392888722,0.16044,24.915077876372905
2024-11-04 18:11:53,4.199326980843797,0.16,25.72571420883662,4.199004964647834,0.16040000000000001,24.915077876372905
2024-11-04 18:11:54,4.198834098911264,0.16,23.469396624933097,4.198991821129644,0.16036,24.884571102296363
2024-11-04 18:11:54,4.199326980843797,0.161,24.9947353287605,4.198991821129644,0.16036000000000006,24.884571102296366
2024-11-04 18:11:54,4.198998392888499,0.161,25.72571420883662,4.198985249370544,0.16036000000000006,24.870340977462792
2024-11-04 18:11:54,4.198669804934304,0.161,24.9947353287605,4.198965534093275,0.16040000000000001,24.855721399861274
2024-11-04 18:11:55,4.199326980843797,0.16,25.72571420883662,4.198998392888722,0.16040000000000001,24.855721399861267
2024-11-04 18:11:55,4.198834098911264,0.16,25.72571420883662,4.198991821129633,0.16040000000000001,24.855721399861267
2024-11-04 18:11:55,4.199326980843797,0.16,24.9947353287605,4.199018108166013,0.16040000000000001,24.855721399861263
2024-11-04 18:11:55,4.198834098911264,0.16,25.72571420883662,4.199011536406924,0.16040000000000001,24.885374223329563
2024-11-04 18:11:56,4.199162686866011,0.16,21.84997632024192,4.199024679925113,0.16036,24.793629340724106
2024-11-04 18:11:56,4.198834098911264,0.16,25.72571420883662,4.199024679925113,0.16032000000000005,24.793629340724102
2024-11-04 18:11:56,4.199491274821859,0.16,23.469396624933097,4.199044395202447,0.16028000000000003,24.763122566647557
2024-11-04 18:11:56,4.198998392888499,0.16,24.2430730354219,4.199044395202447,0.16024000000000002,24.77859609485733
2024-11-04 18:11:57,4.199162686866011,0.16,24.9947353287605,4.199050966961547,0.16020000000000004,24.76397651725581
2024-11-04 18:11:57,4.199326980843797,0.16,25.72571420883662,4.1990772539979275,0.16016000000000002,24.793629340724102
2024-11-04 18:11:57,4.199162686866011,0.16,25.72571420883662,4.199083825757027,0.16012000000000004,24.808248918325624
2024-11-04 18:11:57,4.198834098911264,0.16,24.9947353287605,4.199064110479726,0.16012000000000007,24.823282164192392
2024-11-04 18:11:58,4.198834098911264,0.16,25.72571420883662,4.199064110479726,0.16012000000000007,24.80905203935882
2024-11-04 18:11:58,4.199326980843797,0.16,24.9947353287605,4.199070682238838,0.16012000000000007,24.809052039358825
2024-11-04 18:11:58,4.199162686866011,0.16,24.9947353287605,4.199064110479726,0.16012000000000007,24.824085285225593
2024-11-04 18:11:58,4.198669804934304,0.16,25.72571420883662,4.199057538720647,0.16012000000000007,24.85373810869389
2024-11-04 18:11:59,4.198834098911264,0.16,24.2430730354219,4.199050966961558,0.16012000000000007,24.853738108693882
2024-11-04 18:11:59,4.199326980843797,0.16,22.672238853203226,4.199070682238858,0.16012000000000007,24.822321425049513
2024-11-04 18:11:59,4.198669804934304,0.16,24.2430730354219,4.1990509669615905,0.16012000000000012,24.778438476747645
2024-11-04 18:11:59,4.198998392888499,0.16,22.672238853203226,4.1990509669615905,0.16012000000000007,24.731988547236504
2024-11-04 18:12:00,4.198505510957618,0.16,24.9947353287605,4.199018108166144,0.16012000000000007,24.76249532131305
2024-11-04 18:12:00,4.198998392888499,0.16,26.437220450515156,4.199024679925233,0.16012000000000007,24.806378269614914
2024-11-04 18:12:00,4.198998392888499,0.16,26.437220450515156,4.1990115364070215,0.1600800000000001,24.865734746126556
2024-11-04 18:12:00,4.198669804934304,0.16,24.9947353287605,4.198998392888853,0.16004000000000007,24.851115168525034
2024-11-04 18:12:01,4.198505510957618,0.16,24.9947353287605,4.198991821129786,0.16000000000000006,24.851115168525038
2024-11-04 18:12:01,4.199162686866011,0.16,23.469396624933097,4.198985249370675,0.16000000000000006,24.80598881684697
2024-11-04 18:12:01,4.198998392888499,0.16,24.9947353287605,4.1989918211297645,0.16000000000000006,24.836495590923516
2024-11-04 18:12:01,4.199162686866011,0.16,24.2430730354219,4.1989852493706525,0.16000000000000006,24.821462345056748
2024-11-04 18:12:02,4.198834098911264,0.159,23.469396624933097,4.198985249370653,0.15996000000000007,24.805988816846966
2024-11-04 18:12:02,4.198669804934304,0.159,24.2430730354219,4.198965534093384,0.15992000000000006,24.837405500491347
2024-11-04 18:12:02,4.199162686866011,0.16,24.2430730354219,4.1989786776115725,0.15992000000000006,24.79352255218948
2024-11-04 18:12:02,4.198998392888499,0.16,25.72571420883662,4.198958962334238,0.15992000000000006,24.79352255218948
2024-11-04 18:12:03,4.198505510957618,0.16,24.9947353287605,4.1989392470570035,0.15992000000000006,24.808555798056247
2024-11-04 18:12:03,4.198998392888499,0.16,22.672238853203226,4.198932675297904,0.15992000000000006,24.74748629094358
2024-11-04 18:12:03,4.198834098911264,0.16,25.72571420883662,4.1989129600206025,0.15992000000000006,24.74748629094358
2024-11-04 18:12:03,4.198998392888499,0.16,23.469396624933097,4.198906388261503,0.15992000000000006,24.747486290943574
2024-11-04 18:12:04,4.198834098911264,0.16,24.2430730354219,4.198906388261503,0.15992000000000006,24.717833467475284
2024-11-04 18:12:04,4.198998392888499,0.16,24.9947353287605,4.198912960020594,0.15992000000000006,24.748340241551837
2024-11-04 18:12:04,4.199162686866011,0.16,23.469396624933097,4.198906388261481,0.15992000000000006,24.68898376504019
2024-11-04 18:12:04,4.199162686866011,0.16,22.672238853203226,4.198906388261481,0.15992000000000006,24.673040609605593
2024-11-04 18:12:05,4.198998392888499,0.16,24.9947353287605,4.198919531779649,0.1599200000000001,24.630328135297223
2024-11-04 18:12:05,4.199162686866011,0.16,22.672238853203226,4.198932675297838,0.1599200000000001,24.61438497986262
2024-11-04 18:12:05,4.199162686866011,0.16,25.72571420883662,4.198926103538726,0.15992000000000006,24.64403780333092
2024-11-04 18:12:05,4.198669804934304,0.159,25.72571420883662,4.198926103538725,0.15988000000000005,24.658657380932436
2024-11-04 18:12:06,4.199162686866011,0.159,25.72571420883662,4.198932675297825,0.15984000000000004,24.688310204400732
2024-11-04 18:12:06,4.198998392888499,0.159,24.9947353287605,4.1989523905750605,0.15980000000000003,24.67369062679921
2024-11-04 18:12:06,4.199162686866011,0.159,22.672238853203226,4.19895896233416,0.15976,24.65774747136461
2024-11-04 18:12:06,4.198669804934304,0.159,25.72571420883662,4.198945818815992,0.15972000000000003,24.672367048966134
2024-11-04 18:12:07,4.198998392888499,0.159,24.9947353287605,4.19895896233416,0.15968000000000002,24.657747471364605
2024-11-04 18:12:07,4.199326980843797,0.16,24.2430730354219,4.198991821129607,0.15968000000000002,24.64271422549784
2024-11-04 18:12:07,4.199162686866011,0.16,23.469396624933097,4.198991821129607,0.15968000000000002,24.597587873819762
2024-11-04 18:12:07,4.198834098911264,0.16,24.2430730354219,4.198985249370518,0.15968000000000002,24.56793505035148
2024-11-04 18:12:08,4.199326980843797,0.159,26.437220450515156,4.1989918211296295,0.15964,24.596784752786572
2024-11-04 18:12:08,4.198341216981209,0.159,24.2430730354219,4.1989721058524285,0.15963999999999998,24.56713192931829
2024-11-04 18:12:08,4.199491274821859,0.159,27.13035904417916,4.199004964647931,0.15963999999999998,24.67273958379703
2024-11-04 18:12:08,4.198998392888499,0.159,25.72571420883662,4.19899839288883,0.15959999999999996,24.67273958379702
2024-11-04 18:12:09,4.198998392888499,0.159,24.9947353287605,4.198998392888831,0.15955999999999995,24.70324635787357
2024-11-04 18:12:09,4.198998392888499,0.16,26.437220450515156,4.199018108166068,0.15955999999999995,24.74712930617543
2024-11-04 18:12:09,4.199162686866011,0.16,25.72571420883662,4.199024679925167,0.15955999999999995,24.761748883776953
2024-11-04 18:12:09,4.199326980843797,0.159,24.9947353287605,4.199044395202469,0.15951999999999994,24.747129306175424
2024-11-04 18:12:10,4.198834098911264,0.159,24.2430730354219,4.19903782344338,0.15947999999999993,24.717476482707134
2024-11-04 18:12:10,4.198505510957618,0.159,26.437220450515156,4.199024679925234,0.15943999999999992,24.746326185142223
2024-11-04 18:12:10,4.199162686866011,0.159,25.72571420883662,4.199031251684334,0.15939999999999993,24.746326185142223
2024-11-04 18:12:10,4.198669804934304,0.159,24.2430730354219,4.199011536407065,0.15935999999999992,24.73129293927546
2024-11-04 18:12:11,4.198998392888499,0.159,24.9947353287605,4.1990049646479655,0.15931999999999993,24.731292939275463
2024-11-04 18:12:11,4.199491274821859,0.159,25.72571420883662,4.199024679925299,0.15927999999999995,24.731292939275455
2024-11-04 18:12:11,4.198998392888499,0.16,23.469396624933097,4.199018108166199,0.15927999999999995,24.71581941106568
2024-11-04 18:12:11,4.199655568800195,0.16,24.9947353287605,4.1990378234435655,0.15927999999999995,24.76226934057682
2024-11-04 18:12:12,4.198834098911264,0.159,23.469396624933097,4.199044395202645,0.15927999999999995,24.74679581236705
2024-11-04 18:12:12,4.198998392888499,0.159,23.469396624933097,4.199037823443544,0.1592799999999999,24.762738967801642
2024-11-04 18:12:12,4.199326980843797,0.159,21.000806169342923,4.199050966961757,0.1592799999999999,24.682860384613296
2024-11-04 18:12:12,4.199162686866011,0.159,24.9947353287605,4.199050966961756,0.15927999999999992,24.6540106821782
2024-11-04 18:12:13,4.199162686866011,0.159,24.9947353287605,4.199070682239023,0.15927999999999992,24.625160979743114
2024-11-04 18:12:13,4.199491274821859,0.159,25.72571420883662,4.1990903975163585,0.15927999999999992,24.63978055734463
2024-11-04 18:12:13,4.198998392888499,0.159,24.2430730354219,4.199077253998146,0.15923999999999994,24.62474731147786
2024-11-04 18:12:13,4.198998392888499,0.159,25.72571420883662,4.1990706822390464,0.1591999999999999,24.669873663155933
2024-11-04 18:12:14,4.198998392888499,0.159,24.9947353287605,4.199077253998135,0.15915999999999988,24.669873663155936
2024-11-04 18:12:14,4.198834098911264,0.159,24.2430730354219,4.199057538720836,0.15915999999999988,24.669873663155933
2024-11-04 18:12:14,4.199326980843797,0.16,24.9947353287605,4.199096969275339,0.1591999999999999,24.700380437232482
2024-11-04 18:12:14,4.199326980843797,0.16,21.84997632024192,4.199090397516216,0.1592399999999999,24.65251850292889
2024-11-04 18:12:15,4.198998392888499,0.16,24.9947353287605,4.199090397516216,0.15927999999999995,24.667551748795653
2024-11-04 18:12:15,4.199655568800195,0.159,24.2430730354219,4.199116684552684,0.15927999999999995,24.637898925327363
2024-11-04 18:12:15,4.198505510957618,0.159,24.2430730354219,4.199096969275449,0.15923999999999994,24.62286567946059
2024-11-04 18:12:15,4.199162686866011,0.159,25.72571420883662,4.199096969275448,0.15919999999999992,24.68393518657326
2024-11-04 18:12:16,4.199162686866011,0.159,24.2430730354219,4.199090397516336,0.15919999999999992,24.65428236310496
2024-11-04 18:12:16,4.199162686866011,0.159,26.437220450515156,4.199103541034526,0.1591999999999999,24.713638839616607
2024-11-04 18:12:16,4.199491274821859,0.159,23.469396624933097,4.199142971589095,0.1591999999999999,24.698165311406825
2024-11-04 18:12:16,4.199162686866011,0.159,25.72571420883662,4.199142971589095,0.1591999999999999,24.712784889008354
2024-11-04 18:12:17,4.199162686866011,0.159,23.469396624933097,4.199162686866362,0.1591999999999999,24.712784889008347
2024-11-04 18:12:17,4.199162686866011,0.159,23.469396624933097,4.199169258625462,0.1591999999999999,24.72872804444295
2024-11-04 18:12:17,4.198998392888499,0.159,21.84997632024192,4.199149543348128,0.1591999999999999,24.665832864272573
2024-11-04 18:12:17,4.198998392888499,0.159,25.72571420883662,4.1991495433481285,0.15915999999999988,24.72690237138525
2024-11-04 18:12:18,4.199162686866011,0.159,26.437220450515156,4.1991298280707605,0.1591199999999999,24.741132496218814
2024-11-04 18:12:18,4.198998392888499,0.159,25.72571420883662,4.19913639982985,0.1591199999999999,24.741132496218814
2024-11-04 18:12:18,4.198834098911264,0.159,24.2430730354219,4.199129828070761,0.1591199999999999,24.711479672750514
2024-11-04 18:12:18,4.198998392888499,0.159,24.9947353287605,4.199116684552551,0.1591199999999999,24.71147967275052
2024-11-04 18:12:19,4.198998392888499,0.159,24.9947353287605,4.19911011279345,0.1591199999999999,24.75792960226166
2024-11-04 18:12:19,4.199326980843797,0.159,24.9947353287605,4.199116684552562,0.15911999999999987,24.74331002466014
2024-11-04 18:12:19,4.198834098911264,0.159,24.9947353287605,4.199090397516139,0.15911999999999987,24.743310024660136
2024-11-04 18:12:19,4.199326980843797,0.159,23.469396624933097,4.199103541034351,0.15911999999999984,24.727836496450365
2024-11-04 18:12:20,4.199491274821859,0.159,24.9947353287605,4.199123256311685,0.15911999999999987,24.758343270526915
2024-11-04 18:12:20,4.199326980843797,0.159,23.469396624933097,4.199136399829897,0.15911999999999987,24.742869742317133
2024-11-04 18:12:20,4.199326980843797,0.159,22.672238853203226,4.1991561151072,0.15911999999999987,24.6675701103709
2024-11-04 18:12:20,4.199326980843797,0.159,23.469396624933097,4.1991561151072,0.15907999999999986,24.65209658216112
2024-11-04 18:12:21,4.199491274821859,0.159,23.469396624933097,4.199162686866322,0.15903999999999985,24.578877333776198
2024-11-04 18:12:21,4.198998392888499,0.159,25.72571420883662,4.199162686866322,0.15899999999999986,24.578877333776198
2024-11-04 18:12:21,4.198834098911264,0.159,24.9947353287605,4.199129828070766,0.15899999999999986,24.578877333776195
2024-11-04 18:12:21,4.199326980843797,0.159,21.84997632024192,4.199162686866213,0.15899999999999986,24.487132451170737
2024-11-04 18:12:22,4.199326980843797,0.159,24.9947353287605,4.199169258625323,0.15899999999999986,24.472512873569208
2024-11-04 18:12:22,4.199162686866011,0.159,25.72571420883662,4.199169258625323,0.15899999999999986,24.487132451170737
2024-11-04 18:12:22,4.198998392888499,0.159,24.2430730354219,4.199162686866222,0.15899999999999986,24.487132451170734
2024-11-04 18:12:22,4.199326980843797,0.159,23.469396624933097,4.1991561151071,0.15899999999999986,24.4277759746591
2024-11-04 18:12:23,4.199491274821859,0.159,24.9947353287605,4.199169258625333,0.15899999999999986,24.413156397057577
2024-11-04 18:12:23,4.199491274821859,0.159,24.2430730354219,4.199182402143567,0.15899999999999986,24.413156397057573
2024-11-04 18:12:23,4.199326980843797,0.159,21.84997632024192,4.199188973902679,0.15899999999999986,24.350261216887198
2024-11-04 18:12:23,4.199655568800195,0.159,25.72571420883662,4.1992152609391455,0.15899999999999986,24.3502612168872
2024-11-04 18:12:24,4.198834098911264,0.159,23.469396624933097,4.199208689180057,0.15899999999999986,24.350261216887198
2024-11-04 18:12:24,4.199162686866011,0.159,27.13035904417916,4.199208689180056,0.15899999999999986,24.392973691195575
2024-11-04 18:12:24,4.199326980843797,0.159,24.9947353287605,4.199221832698268,0.15899999999999986,24.423480465272117
2024-11-04 18:12:24,4.199162686866011,0.159,26.437220450515156,4.1992349762164585,0.15899999999999986,24.482836941783763
2024-11-04 18:12:25,4.199819862778808,0.159,25.72571420883662,4.19926783501207,0.15899999999999986,24.577335102573635
2024-11-04 18:12:25,4.199819862778808,0.159,23.469396624933097,4.1993006938076824,0.15899999999999986,24.54682832849708
2024-11-04 18:12:25,4.198998392888499,0.159,25.72571420883662,4.19928755028947,0.15899999999999986,24.56144790609861
2024-11-04 18:12:25,4.199162686866011,0.159,24.9947353287605,4.199300693807659,0.15899999999999986,24.54682832849709
2024-11-04 18:12:26,4.198998392888499,0.159,24.2430730354219,4.199287550289447,0.15899999999999986,24.546828328497096
2024-11-04 18:12:26,4.199162686866011,0.159,24.9947353287605,4.199274406771213,0.15899999999999986,24.532208750895567
2024-11-04 18:12:26,4.198834098911264,0.159,24.2430730354219,4.199254691493913,0.15899999999999986,24.5171755050288
2024-11-04 18:12:26,4.198669804934304,0.159,23.469396624933097,4.199228404457533,0.15899999999999986,24.501701976819028
2024-11-04 18:12:27,4.199326980843797,0.159,26.437220450515156,4.199228404457532,0.15899999999999986,24.530551679254113
2024-11-04 18:12:27,4.198998392888499,0.159,24.2430730354219,4.199208689180199,0.15899999999999986,24.57841361355771
2024-11-04 18:12:27,4.199326980843797,0.159,24.2430730354219,4.199221832698412,0.15899999999999986,24.563380367690943
2024-11-04 18:12:27,4.199326980843797,0.159,25.72571420883662,4.1992415479757135,0.15899999999999986,24.59303319115924
2024-11-04 18:12:28,4.198669804934304,0.159,24.2430730354219,4.199215260939333,0.15899999999999986,24.593033191159233
2024-11-04 18:12:28,4.199326980843797,0.159,24.9947353287605,4.199215260939334,0.15899999999999986,24.578413613557714
2024-11-04 18:12:28,4.198998392888499,0.159,23.469396624933097,4.199208689180233,0.15899999999999986,24.56294008534794
2024-11-04 18:12:28,4.199326980843797,0.158,22.672238853203226,4.199221832698446,0.15895999999999988,24.4876404534017
2024-11-04 18:12:29,4.199819862778808,0.158,27.13035904417916,4.199241547975846,0.1589199999999999,24.560859701786615
2024-11-04 18:12:29,4.199326980843797,0.159,26.437220450515156,4.199234976216724,0.1589199999999999,24.575089826620186
2024-11-04 18:12:29,4.199655568800195,0.159,24.9947353287605,4.1992415479758565,0.1589199999999999,24.60559660069674
2024-11-04 18:12:29,4.198834098911264,0.158,24.2430730354219,4.199221832698555,0.15887999999999994,24.621070128906513
2024-11-04 18:12:30,4.198998392888499,0.158,24.9947353287605,4.1991955456620875,0.15883999999999995,24.68396530907689
2024-11-04 18:12:30,4.199491274821859,0.158,24.9947353287605,4.199221832698511,0.15879999999999997,24.66934573147536
2024-11-04 18:12:30,4.199819862778808,0.158,26.437220450515156,4.199248119735023,0.15875999999999998,24.669345731475367
2024-11-04 18:12:31,4.199326980843797,0.158,25.72571420883662,4.199248119735023,0.15872000000000003,24.66934573147536
2024-11-04 18:12:31,4.199326980843797,0.159,27.13035904417916,4.199254691494134,0.15872000000000003,24.72709145165051
2024-11-04 18:12:31,4.199491274821859,0.159,24.9947353287605,4.1992415479758565,0.15872000000000003,24.727091451650505
2024-11-04 18:12:31,4.199326980843797,0.159,24.9947353287605,4.1992218326984565,0.15872000000000003,24.727091451650498
2024-11-04 18:12:32,4.199984156757696,0.159,25.72571420883662,4.199261263253224,0.15872,24.741711029252027
2024-11-04 18:12:32,4.199162686866011,0.159,23.469396624933097,4.199261263253224,0.15871999999999997,24.711204255175474
2024-11-04 18:12:32,4.199162686866011,0.159,24.2430730354219,4.199267835012324,0.15871999999999997,24.726677783385256
2024-11-04 18:12:32,4.199326980843797,0.159,23.469396624933097,4.199274406771435,0.15871999999999997,24.696171009308706
2024-11-04 18:12:33,4.199491274821859,0.159,24.9947353287605,4.199300693807859,0.15871999999999997,24.726677783385256
2024-11-04 18:12:33,4.199162686866011,0.159,23.469396624933097,4.199320409085127,0.15871999999999994,24.74262093881985
2024-11-04 18:12:33,4.199162686866011,0.159,25.72571420883662,4.199313837326015,0.15871999999999992,24.78774729049793
2024-11-04 18:12:33,4.199162686866011,0.159,23.469396624933097,4.199320409085114,0.15871999999999992,24.787747290497922
2024-11-04 18:12:34,4.199326980843797,0.159,25.72571420883662,4.199320409085114,0.15871999999999986,24.78774729049793
2024-11-04 18:12:34,4.199491274821859,0.159,25.72571420883662,4.199326980844237,0.15871999999999986,24.802366868099444
2024-11-04 18:12:34,4.199655568800195,0.159,24.9947353287605,4.199366411398872,0.1587199999999999,24.86526204826982
2024-11-04 18:12:34,4.198998392888499,0.159,26.437220450515156,4.19935326788066,0.15871999999999986,24.894111750704905
2024-11-04 18:12:35,4.199162686866011,0.159,26.437220450515156,4.199359839639761,0.15871999999999986,24.908341875538483
2024-11-04 18:12:35,4.199162686866011,0.158,24.9947353287605,4.199353267880649,0.1587199999999999,24.923375121405257
2024-11-04 18:12:35,4.199491274821859,0.158,22.672238853203226,4.1993401243623705,0.15871999999999992,24.907431965970655
2024-11-04 18:12:35,4.199162686866011,0.158,24.2430730354219,4.199333552603259,0.1586799999999999,24.89239872010388
2024-11-04 18:12:35,4.20014845073686,0.158,24.9947353287605,4.199353267880727,0.15863999999999995,24.907431965970655
2024-11-04 18:12:36,4.199655568800195,0.158,24.9947353287605,4.199386126676283,0.15863999999999998,24.97032714614103
2024-11-04 18:12:36,4.199326980843797,0.158,20.12271823298272,4.199399270194494,0.15864,24.85826722662396
2024-11-04 18:12:36,4.198998392888499,0.158,24.2430730354219,4.199379554917161,0.15864000000000003,24.87374075483374
2024-11-04 18:12:37,4.199326980843797,0.158,27.13035904417916,4.199359839639762,0.15864000000000003,24.873740754833733
2024-11-04 18:12:37,4.199491274821859,0.158,24.2430730354219,4.199366411398883,0.15864000000000006,24.85870750896696
2024-11-04 18:12:37,4.198998392888499,0.158,25.72571420883662,4.199353267880673,0.15860000000000007,24.844477384133388
2024-11-04 18:12:37,4.199491274821859,0.158,24.9947353287605,4.1993532678806735,0.15856000000000012,24.82985780653187
2024-11-04 18:12:38,4.198998392888499,0.158,22.672238853203226,4.199340124362462,0.15852000000000013,24.813914651097267
2024-11-04 18:12:38,4.199984156757696,0.158,24.9947353287605,4.199340124362462,0.15848000000000012,24.799295073495745
2024-11-04 18:12:38,4.199326980843797,0.158,24.2430730354219,4.199346696121574,0.15844000000000014,24.78426182762897
2024-11-04 18:12:38,4.199162686866011,0.158,24.2430730354219,4.199346696121574,0.15840000000000015,24.784261827628967
2024-11-04 18:12:39,4.199491274821859,0.158,24.9947353287605,4.199353267880697,0.15836000000000014,24.78426182762897
2024-11-04 18:12:39,4.199655568800195,0.158,25.72571420883662,4.199359839639829,0.15832000000000016,24.813914651097267
2024-11-04 18:12:39,4.199162686866011,0.158,25.72571420883662,4.199359839639828,0.15828000000000014,24.859041002775328
2024-11-04 18:12:39,4.199491274821859,0.158,24.9947353287605,4.199372983158062,0.15824000000000016,24.830191300340243
2024-11-04 18:12:40,4.199162686866011,0.158,27.13035904417916,4.199372983158062,0.15820000000000017,24.887937020515384
2024-11-04 18:12:40,4.198998392888499,0.158,25.72571420883662,4.1993598396398495,0.15816000000000016,24.917589843983677
2024-11-04 18:12:40,4.199326980843797,0.158,24.9947353287605,4.199353267880727,0.15812000000000015,24.902970266382148
2024-11-04 18:12:40,4.199491274821859,0.158,23.469396624933097,4.1993466961215935,0.15808000000000016,24.887496738172377
2024-11-04 18:12:41,4.199326980843797,0.158,24.9947353287605,4.199359839639806,0.15804000000000015,24.88749673817238
2024-11-04 18:12:41,4.199655568800195,0.158,24.9947353287605,4.199379554917173,0.15800000000000014,24.918003512248923
2024-11-04 18:12:41,4.198998392888499,0.158,23.469396624933097,4.1993729831580735,0.15800000000000014,24.933946667683525
2024-11-04 18:12:41,4.199326980843797,0.158,24.2430730354219,4.199366411398952,0.15800000000000014,24.876200947508387
2024-11-04 18:12:42,4.199162686866011,0.158,23.469396624933097,4.199366411398952,0.15800000000000014,24.81684447099674
2024-11-04 18:12:42,4.198834098911264,0.158,24.2430730354219,4.199313837325928,0.15800000000000014,24.801811225129967
2024-11-04 18:12:42,4.199162686866011,0.158,25.72571420883662,4.19929412204856,0.15800000000000014,24.831464048598274
2024-11-04 18:12:42,4.199491274821859,0.158,24.2430730354219,4.1993006938076824,0.15800000000000014,24.816430802731496
2024-11-04 18:12:43,4.199326980843797,0.158,24.9947353287605,4.199313837325894,0.15800000000000014,24.816430802731503
2024-11-04 18:12:43,4.198998392888499,0.158,25.72571420883662,4.1993006938076824,0.15800000000000014,24.80220067789792
2024-11-04 18:12:43,4.198998392888499,0.158,24.2430730354219,4.199280978530348,0.15800000000000014,24.772547854429636
2024-11-04 18:12:43,4.199326980843797,0.158,24.2430730354219,4.199294122048562,0.15800000000000014,24.714802134254487
2024-11-04 18:12:44,4.199491274821859,0.158,24.2430730354219,4.199294122048562,0.15800000000000014,24.699768888387712
2024-11-04 18:12:44,4.199162686866011,0.158,25.72571420883662,4.199300693807661,0.15800000000000014,24.71438846598924
2024-11-04 18:12:44,4.199326980843797,0.158,25.72571420883662,4.199274406771106,0.15800000000000014,24.71438846598923
2024-11-04 18:12:44,4.198834098911264,0.158,23.469396624933097,4.199254691493804,0.15800000000000014,24.714388465989238
2024-11-04 18:12:45,4.199162686866011,0.158,24.9947353287605,4.199254691493804,0.15800000000000014,24.729421711856013
2024-11-04 18:12:45,4.199326980843797,0.158,24.9947353287605,4.199248119734682,0.15800000000000014,24.759928485932555
2024-11-04 18:12:45,4.199491274821859,0.158,23.469396624933097,4.199241547975548,0.15800000000000014,24.729421711856002
2024-11-04 18:12:45,4.199162686866011,0.158,24.9947353287605,4.199241547975547,0.15800000000000014,24.759928485932548
2024-11-04 18:12:46,4.199819862778808,0.158,24.9947353287605,4.199254691493825,0.15800000000000014,24.745308908331026
2024-11-04 18:12:46,4.199326980843797,0.158,24.2430730354219,4.199261263252937,0.15800000000000014,24.760782436540808
2024-11-04 18:12:46,4.199326980843797,0.158,27.13035904417916,4.199274406771148,0.15800000000000014,24.78887533324766
2024-11-04 18:12:46,4.199819862778808,0.158,24.9947353287605,4.199294122048549,0.15800000000000014,24.774255755646138
2024-11-04 18:12:47,4.199491274821859,0.158,23.469396624933097,4.199294122048549,0.15800000000000014,24.74374898156959
2024-11-04 18:12:47,4.199326980843797,0.158,24.9947353287605,4.199294122048549,0.15800000000000014,24.714899279134492
2024-11-04 18:12:47,4.199162686866011,0.158,24.2430730354219,4.199274406771182,0.15800000000000014,24.671016330832632
2024-11-04 18:12:47,4.199326980843797,0.158,24.9947353287605,4.199287550289394,0.15800000000000014,24.671016330832632
2024-11-04 18:12:48,4.199326980843797,0.158,25.72571420883662,4.199287550289394,0.15800000000000014,24.732085837945295
2024-11-04 18:12:48,4.198998392888499,0.158,24.2430730354219,4.199280978530293,0.15800000000000014,24.732085837945302
2024-11-04 18:12:48,4.199491274821859,0.158,25.72571420883662,4.199307265566718,0.15800000000000014,24.74670541554682
2024-11-04 18:12:48,4.199655568800195,0.158,24.9947353287605,4.199326980844084,0.15800000000000014,24.746705415546828
2024-11-04 18:12:49,4.199491274821859,0.158,24.2430730354219,4.199326980844084,0.15800000000000014,24.829112511595614
2024-11-04 18:12:49,4.199326980843797,0.158,24.9947353287605,4.199326980844084,0.15800000000000014,24.84414575746238
2024-11-04 18:12:49,4.199162686866011,0.158,25.72571420883662,4.199333552603185,0.15800000000000014,24.816052860755534
2024-11-04 18:12:49,4.199655568800195,0.158,26.437220450515156,4.199359839639651,0.15800000000000014,24.859935809057397
2024-11-04 18:12:50,4.199326980843797,0.158,24.2430730354219,4.199359839639652,0.15800000000000014,24.830282985589108
2024-11-04 18:12:50,4.199491274821859,0.158,24.9947353287605,4.199359839639652,0.15800000000000014,24.8302829855891
2024-11-04 18:12:50,4.20014845073686,0.158,25.72571420883662,4.199399270194486,0.15800000000000014,24.89135249270177
2024-11-04 18:12:50,4.199655568800195,0.158,25.72571420883662,4.199412413712741,0.15800000000000014,24.90597207030329
2024-11-04 18:12:51,4.198998392888499,0.158,24.2430730354219,4.19941898547183,0.15800000000000014,24.90597207030328
2024-11-04 18:12:51,4.199491274821859,0.157,26.437220450515156,4.199432128990066,0.15796000000000013,24.94985501860515
2024-11-04 18:12:51,4.199326980843797,0.157,23.469396624933097,4.199432128990066,0.15792000000000012,24.919348244528596
2024-11-04 18:12:51,4.199326980843797,0.158,25.72571420883662,4.199425557230943,0.15792000000000012,24.9193482445286
2024-11-04 18:12:52,4.199819862778808,0.158,24.2430730354219,4.199451844267455,0.15792000000000012,24.88969542106031
2024-11-04 18:12:52,4.199326980843797,0.158,23.469396624933097,4.199432128990056,0.15792000000000012,24.859188646983757
2024-11-04 18:12:52,4.199162686866011,0.158,24.2430730354219,4.199425557230944,0.15792000000000012,24.80144292680862
2024-11-04 18:12:52,4.199326980843797,0.158,24.9947353287605,4.199425557230944,0.15792000000000012,24.786823349207097
2024-11-04 18:12:53,4.198834098911264,0.158,25.72571420883662,4.1993861266762424,0.15792000000000012,24.801442926808612
2024-11-04 18:12:53,4.199819862778808,0.158,25.72571420883662,4.199399270194521,0.15792000000000012,24.846569278486687
2024-11-04 18:12:53,4.199491274821859,0.158,23.469396624933097,4.199405841953643,0.15792000000000012,24.816062504410134
2024-11-04 18:12:53,4.199984156757696,0.157,24.9947353287605,4.19943870074931,0.1578800000000001,24.816062504410137
2024-11-04 18:12:54,4.198998392888499,0.157,24.2430730354219,4.199425557231098,0.1578400000000001,24.831536032619912
2024-11-04 18:12:54,4.199491274821859,0.158,24.2430730354219,4.199432128990221,0.15784000000000012,24.831536032619915
2024-11-04 18:12:54,4.199984156757696,0.158,24.9947353287605,4.199471559544988,0.15784000000000012,24.862042806696458
2024-11-04 18:12:54,4.199491274821859,0.157,24.2430730354219,4.199471559544988,0.1578000000000001,24.862042806696465
2024-11-04 18:12:55,4.199491274821859,0.157,24.9947353287605,4.199464987785856,0.1577600000000001,24.847423229094943
2024-11-04 18:12:55,4.199491274821859,0.157,25.72571420883662,4.199464987785856,0.15772000000000008,24.877076052563243
2024-11-04 18:12:55,4.199655568800195,0.158,25.72571420883662,4.19947813130411,0.15772000000000008,24.891695630164758
2024-11-04 18:12:55,4.199655568800195,0.158,22.672238853203226,4.199497846581477,0.15772000000000008,24.83062612305209
2024-11-04 18:12:56,4.198834098911264,0.157,24.2430730354219,4.19946498778592,0.15768000000000007,24.8306261230521
2024-11-04 18:12:56,4.199326980843797,0.157,24.2430730354219,4.1994649877859205,0.15764000000000006,24.83062612305209
2024-11-04 18:12:56,4.199655568800195,0.157,24.9947353287605,4.199471559545053,0.15760000000000005,24.84565936891887
2024-11-04 18:12:56,4.199326980843797,0.157,22.672238853203226,4.19943870074933,0.15756000000000003,24.784589861806193
2024-11-04 18:12:57,4.199326980843797,0.157,22.672238853203226,4.199425557231075,0.15752000000000005,24.723520354693527
2024-11-04 18:12:57,4.199162686866011,0.157,24.9947353287605,4.199432128990175,0.15748000000000004,24.75402712877008
2024-11-04 18:12:57,4.198998392888499,0.157,23.469396624933097,4.19941241371284,0.15748000000000004,24.723520354693534
2024-11-04 18:12:57,4.199326980843797,0.157,24.2430730354219,4.199412413712841,0.15748000000000004,24.70848710882676
2024-11-04 18:12:58,4.199326980843797,0.157,23.469396624933097,4.1994124137128415,0.15744000000000002,24.708487108826763
2024-11-04 18:12:58,4.199491274821859,0.158,25.72571420883662,4.199399270194564,0.15744000000000002,24.72310668642828
2024-11-04 18:12:58,4.199655568800195,0.158,24.2430730354219,4.199412413712818,0.15744000000000005,24.708073440561506
2024-11-04 18:12:58,4.199655568800195,0.158,25.72571420883662,4.1994321289901855,0.15744000000000005,24.737726264029806
2024-11-04 18:12:59,4.199491274821859,0.157,23.469396624933097,4.199438700749309,0.15740000000000004,24.66450701564489
2024-11-04 18:12:59,4.198998392888499,0.157,24.2430730354219,4.199445272508399,0.15736000000000006,24.649473769778115
2024-11-04 18:12:59,4.199655568800195,0.157,23.469396624933097,4.199438700749254,0.15732000000000004,24.649473769778112
2024-11-04 18:12:59,4.198834098911264,0.157,23.469396624933097,4.199412413712831,0.15728000000000006,24.618966995701566
2024-11-04 18:13:00,4.199491274821859,0.157,23.469396624933097,4.199392698435396,0.15728000000000006,24.603493467491784
2024-11-04 18:13:00,4.198998392888499,0.157,24.9947353287605,4.199392698435396,0.15728000000000006,24.603493467491788
2024-11-04 18:13:00,4.199819862778808,0.157,25.72571420883662,4.199405841953674,0.15724000000000005,24.60349346749178
2024-11-04 18:13:00,4.198998392888499,0.157,24.9947353287605,4.199366411398906,0.15720000000000006,24.618526713358555
2024-11-04 18:13:01,4.199326980843797,0.157,24.9947353287605,4.1993598396397855,0.15720000000000006,24.603907135757037
2024-11-04 18:13:01,4.199491274821859,0.157,25.72571420883662,4.199359839639786,0.15720000000000003,24.618526713358552
2024-11-04 18:13:01,4.198834098911264,0.157,25.72571420883662,4.199333552603362,0.15720000000000003,24.648179536826838
2024-11-04 18:13:01,4.199819862778808,0.157,24.9947353287605,4.199340124362506,0.15716000000000002,24.64817953682684
2024-11-04 18:13:02,4.199655568800195,0.157,25.72571420883662,4.199340124362506,0.15712,24.648179536826845
2024-11-04 18:13:02,4.199326980843797,0.157,23.469396624933097,4.199359839639808,0.15712,24.588823060315203
2024-11-04 18:13:02,4.199819862778808,0.157,24.2430730354219,4.199379554917208,0.15712,24.5888230603152
2024-11-04 18:13:02,4.199655568800195,0.157,21.84997632024192,4.199379554917207,0.15712,24.52592788014483
2024-11-04 18:13:03,4.199491274821859,0.158,24.9947353287605,4.1993861266763295,0.15716000000000002,24.511308302543313
2024-11-04 18:13:03,4.199819862778808,0.158,25.72571420883662,4.19940584195373,0.15720000000000003,24.511308302543313
2024-11-04 18:13:03,4.199326980843797,0.158,25.72571420883662,4.199412413712841,0.15724000000000005,24.5409611260116
2024-11-04 18:13:03,4.199491274821859,0.157,23.469396624933097,4.199432128990175,0.15724000000000005,24.481604649499953
2024-11-04 18:13:04,4.199326980843797,0.157,22.672238853203226,4.199432128990175,0.15724000000000005,24.465661494065362
2024-11-04 18:13:04,4.198998392888499,0.157,23.469396624933097,4.199418985471964,0.15724000000000005,24.420535142387294
2024-11-04 18:13:04,4.199491274821859,0.157,24.9947353287605,4.199418985471965,0.15720000000000006,24.435568388254058
2024-11-04 18:13:04,4.199326980843797,0.157,23.469396624933097,4.199405841953708,0.15716000000000008,24.435568388254065
2024-11-04 18:13:05,4.199162686866011,0.157,26.437220450515156,4.199386126676341,0.15712000000000004,24.47945133655593
2024-11-04 18:13:05,4.199162686866011,0.157,24.2430730354219,4.199372983158108,0.15712000000000004,24.464418090689154
2024-11-04 18:13:05,4.199162686866011,0.157,26.437220450515156,4.199379554917208,0.15712000000000004,24.478648215522725
2024-11-04 18:13:05,4.198998392888499,0.157,23.469396624933097,4.19935326788074,0.15712000000000004,24.433521863844657
2024-11-04 18:13:06,4.199491274821859,0.157,26.437220450515156,4.199379554917163,0.15712000000000004,24.492878340356302
2024-11-04 18:13:06,4.199326980843797,0.157,24.9947353287605,4.199372983158041,0.15712000000000004,24.492878340356295
2024-11-04 18:13:06,4.199819862778808,0.157,24.9947353287605,4.199405841953653,0.15712,24.507911586223074
2024-11-04 18:13:06,4.199655568800195,0.157,24.2430730354219,4.199399270194507,0.15712,24.507911586223067
2024-11-04 18:13:07,4.199491274821859,0.157,23.469396624933097,4.199418985471842,0.15712,24.477404812146524
2024-11-04 18:13:07,4.199655568800195,0.157,27.80614130216054,4.1994321289900975,0.15712,24.5486661774813
2024-11-04 18:13:07,4.199326980843797,0.157,24.2430730354219,4.199425557230975,0.15712,24.533632931614523
2024-11-04 18:13:07,4.199326980843797,0.157,24.9947353287605,4.199445272508276,0.15712,24.519013354013005
2024-11-04 18:13:08,4.199326980843797,0.157,24.2430730354219,4.199425557230877,0.15712,24.489360530544708
2024-11-04 18:13:08,4.199819862778808,0.157,24.2430730354219,4.199432128990021,0.15712,24.52077721418909
2024-11-04 18:13:08,4.199819862778808,0.157,25.72571420883662,4.199451844267421,0.15712,24.550430037657378
2024-11-04 18:13:08,4.199491274821859,0.157,25.72571420883662,4.199438700749143,0.15712,24.580082861125675
2024-11-04 18:13:09,4.199491274821859,0.157,23.469396624933097,4.1994321289900105,0.15712,24.54957608704912
2024-11-04 18:13:09,4.199326980843797,0.157,23.469396624933097,4.199425557230889,0.15708000000000003,24.565519242483724
2024-11-04 18:13:09,4.199655568800195,0.157,25.72571420883662,4.199418985471743,0.15704,24.626588749596387
2024-11-04 18:13:09,4.199162686866011,0.157,24.2430730354219,4.199412413712633,0.157,24.61155550372962
2024-11-04 18:13:10,4.199162686866011,0.156,25.72571420883662,4.199399270194398,0.15696,24.656681855407687
2024-11-04 18:13:10,4.199491274821859,0.156,24.2430730354219,4.19940584195352,0.15691999999999998,24.65668185540769
2024-11-04 18:13:10,4.199655568800195,0.157,24.9947353287605,4.1994321289899865,0.15691999999999998,24.687188629484243
2024-11-04 18:13:10,4.199819862778808,0.157,24.9947353287605,4.199445272508265,0.15691999999999998,24.672569051882725
2024-11-04 18:13:11,4.199491274821859,0.157,25.72571420883662,4.199451844267387,0.15691999999999998,24.702221875351015
2024-11-04 18:13:11,4.199326980843797,0.157,24.9947353287605,4.199458416026499,0.15691999999999998,24.687602297749496
2024-11-04 18:13:11,4.199162686866011,0.157,24.9947353287605,4.1994584160264985,0.15691999999999998,24.71810907182605
2024-11-04 18:13:11,4.199491274821859,0.157,25.72571420883662,4.199471559544732,0.15691999999999998,24.747761895294335
2024-11-04 18:13:12,4.199162686866011,0.156,24.9947353287605,4.199478131303834,0.15687999999999996,24.778268669370878
2024-11-04 18:13:12,4.199655568800195,0.156,24.9947353287605,4.199484703062967,0.15683999999999995,24.80877544344742
2024-11-04 18:13:12,4.199491274821859,0.156,24.2430730354219,4.19949127482209,0.15679999999999994,24.8242489716572
2024-11-04 18:13:12,4.199491274821859,0.156,24.9947353287605,4.199478131303811,0.15675999999999993,24.824248971657198
2024-11-04 18:13:13,4.199491274821859,0.156,24.9947353287605,4.199471559544679,0.15671999999999994,24.809629394055676
2024-11-04 18:13:13,4.199326980843797,0.156,26.437220450515156,4.199464987785557,0.15667999999999993,24.838479096490772
2024-11-04 18:13:13,4.199655568800195,0.157,25.72571420883662,4.199464987785555,0.15667999999999993,24.85309867409229
2024-11-04 18:13:13,4.199491274821859,0.157,24.9947353287605,4.199471559544678,0.15667999999999993,24.83847909649077
2024-11-04 18:13:14,4.199162686866011,0.157,24.2430730354219,4.199464987785566,0.15667999999999993,24.80882627302248
2024-11-04 18:13:14,4.199655568800195,0.156,24.9947353287605,4.199478131303821,0.15663999999999992,24.808826273022472
2024-11-04 18:13:14,4.199491274821859,0.156,24.2430730354219,4.199464987785544,0.1565999999999999,24.779173449554182
2024-11-04 18:13:14,4.199491274821859,0.156,24.2430730354219,4.1994518442672675,0.1565599999999999,24.794646977763954
2024-11-04 18:13:15,4.199326980843797,0.156,24.9947353287605,4.199445272508144,0.15651999999999988,24.809680223630732
2024-11-04 18:13:15,4.199491274821859,0.156,24.9947353287605,4.199445272508144,0.1564799999999999,24.872575403801097
2024-11-04 18:13:15,4.199655568800195,0.156,24.9947353287605,4.1994584160264,0.1564399999999999,24.8725754038011
2024-11-04 18:13:15,4.199326980843797,0.156,24.9947353287605,4.199445272508144,0.15639999999999993,24.857955826199582
2024-11-04 18:13:16,4.199326980843797,0.157,24.2430730354219,4.199451844267256,0.15639999999999993,24.828303002731285
2024-11-04 18:13:16,4.199655568800195,0.157,22.672238853203226,4.199471559544623,0.15643999999999994,24.81235984729669
2024-11-04 18:13:16,4.198998392888499,0.157,23.469396624933097,4.199451844267289,0.15647999999999995,24.828303002731285
2024-11-04 18:13:16,4.198998392888499,0.156,23.469396624933097,4.199425557230822,0.15643999999999994,24.82830300273129
2024-11-04 18:13:17,4.199491274821859,0.156,24.2430730354219,4.199412413712544,0.1563999999999999,24.81326975686452
2024-11-04 18:13:17,4.199491274821859,0.156,25.72571420883662,4.199412413712544,0.15635999999999992,24.858396108542593
2024-11-04 18:13:17,4.199655568800195,0.156,23.469396624933097,4.1994255572308,0.1563199999999999,24.79903963203095
2024-11-04 18:13:17,4.199655568800195,0.156,22.672238853203226,4.199445272508166,0.15627999999999992,24.76762294838657
2024-11-04 18:13:18,4.199491274821859,0.156,24.2430730354219,4.199445272508167,0.1562399999999999,24.723740000084714
2024-11-04 18:13:18,4.199162686866011,0.156,24.9947353287605,4.199445272508166,0.1562399999999999,24.754246774161256
2024-11-04 18:13:18,4.199655568800195,0.156,24.9947353287605,4.199445272508165,0.1562399999999999,24.72539707172616
2024-11-04 18:13:18,4.198998392888499,0.156,24.9947353287605,4.199425557230832,0.15623999999999993,24.725397071726164
2024-11-04 18:13:19,4.199162686866011,0.156,24.9947353287605,4.199412413712597,0.1562399999999999,24.72539707172616
2024-11-04 18:13:19,4.199655568800195,0.156,24.9947353287605,4.19941898547173,0.15623999999999988,24.740430317592935
2024-11-04 18:13:19,4.199162686866011,0.156,26.437220450515156,4.199412413712618,0.15623999999999985,24.799786794104577
2024-11-04 18:13:19,4.199326980843797,0.156,25.72571420883662,4.199399270194362,0.15619999999999987,24.758178252238096
2024-11-04 18:13:20,4.199984156757696,0.156,25.72571420883662,4.199418985471796,0.15615999999999988,24.78783107570639
2024-11-04 18:13:20,4.199655568800195,0.156,24.9947353287605,4.199438700749163,0.15611999999999987,24.787831075706386
2024-11-04 18:13:20,4.199162686866011,0.156,25.72571420883662,4.199418985471795,0.15611999999999987,24.817483899174686
2024-11-04 18:13:20,4.199655568800195,0.156,23.469396624933097,4.199425557230929,0.15611999999999987,24.802010370964904
2024-11-04 18:13:21,4.199326980843797,0.156,24.9947353287605,4.199418985471807,0.15611999999999987,24.787390793363382
2024-11-04 18:13:21,4.199326980843797,0.156,24.9947353287605,4.199418985471807,0.1561199999999999,24.772771215761864
2024-11-04 18:13:21,4.199491274821859,0.156,24.9947353287605,4.199418985471808,0.15611999999999987,24.803277989838406
2024-11-04 18:13:21,4.199491274821859,0.156,24.2430730354219,4.199412413712675,0.15611999999999987,24.818751518048188
2024-11-04 18:13:22,4.199984156757696,0.156,23.469396624933097,4.19943870074923,0.15611999999999987,24.77362516637012
2024-11-04 18:13:22,4.199655568800195,0.156,22.672238853203226,4.199451844267486,0.15607999999999989,24.74220848272574
2024-11-04 18:13:22,4.199655568800195,0.156,24.9947353287605,4.199451844267485,0.15603999999999987,24.72758890512422
2024-11-04 18:13:22,4.199491274821859,0.156,23.469396624933097,4.199471559544821,0.15599999999999986,24.712115376914443
2024-11-04 18:13:23,4.199655568800195,0.156,24.2430730354219,4.199497846581288,0.15599999999999986,24.697082131047672
2024-11-04 18:13:23,4.199655568800195,0.156,23.469396624933097,4.199504418340422,0.15599999999999986,24.666575356971126
2024-11-04 18:13:23,4.198669804934304,0.156,24.9947353287605,4.199471559544919,0.15599999999999986,24.6519557793696
2024-11-04 18:13:23,4.199162686866011,0.156,24.2430730354219,4.199451844267551,0.15599999999999986,24.63692253350283
2024-11-04 18:13:24,4.199491274821859,0.156,24.9947353287605,4.1994452725084175,0.15599999999999986,24.63692253350283
2024-11-04 18:13:24,4.199655568800195,0.156,23.469396624933097,4.19945184426755,0.15599999999999986,24.591796181824762
2024-11-04 18:13:24,4.199326980843797,0.156,24.9947353287605,4.199458416026662,0.15599999999999986,24.591796181824762
2024-11-04 18:13:25,4.199491274821859,0.156,25.72571420883662,4.1994518442675295,0.15599999999999986,24.60641575942628
2024-11-04 18:13:25,4.199819862778808,0.156,24.9947353287605,4.199484703063142,0.15599999999999986,24.62144900529306
2024-11-04 18:13:25,4.199655568800195,0.156,25.72571420883662,4.199504418340509,0.15599999999999986,24.636068582894577
2024-11-04 18:13:25,4.199162686866011,0.156,25.72571420883662,4.199484703063142,0.15599999999999986,24.650688160496102
2024-11-04 18:13:25,4.199655568800195,0.156,24.9947353287605,4.19950441834051,0.15599999999999986,24.621838458061006
2024-11-04 18:13:26,4.199819862778808,0.156,22.672238853203226,4.199524133617911,0.15599999999999986,24.56076895094834
2024-11-04 18:13:26,4.198998392888499,0.156,24.2430730354219,4.199484703063144,0.15599999999999986,24.545735705081565
2024-11-04 18:13:26,4.199655568800195,0.156,25.72571420883662,4.199484703063142,0.15599999999999986,24.575388528549865
2024-11-04 18:13:27,4.199655568800195,0.156,24.9947353287605,4.199504418340509,0.15599999999999986,24.575388528549862
2024-11-04 18:13:27,4.199326980843797,0.156,24.9947353287605,4.199491274822253,0.15599999999999986,24.590421774416626
2024-11-04 18:13:27,4.199655568800195,0.156,27.13035904417916,4.199504418340508,0.15599999999999986,24.648167494591775
2024-11-04 18:13:27,4.199162686866011,0.156,22.672238853203226,4.199497846581397,0.15599999999999986,24.601717565080634
2024-11-04 18:13:28,4.198998392888499,0.156,25.72571420883662,4.199478131304064,0.15599999999999986,24.616337142682152
2024-11-04 18:13:28,4.199655568800195,0.156,24.9947353287605,4.199484703063197,0.15599999999999986,24.616337142682156
2024-11-04 18:13:28,4.199162686866011,0.156,24.2430730354219,4.1994518442675295,0.15599999999999986,24.60130389681538
2024-11-04 18:13:28,4.199819862778808,0.156,25.72571420883662,4.199458416026674,0.15599999999999986,24.630956720283674
2024-11-04 18:13:29,4.199655568800195,0.156,24.9947353287605,4.1994584160266735,0.15599999999999986,24.677406649794825
2024-11-04 18:13:29,4.199491274821859,0.156,25.72571420883662,4.199458416026675,0.15599999999999986,24.722533001472893
2024-11-04 18:13:29,4.199491274821859,0.156,24.2430730354219,4.199451844267542,0.15599999999999986,24.738006529682675
2024-11-04 18:13:29,4.199491274821859,0.156,24.2430730354219,4.199445272508409,0.15599999999999986,24.73800652968267
2024-11-04 18:13:30,4.20014845073686,0.156,23.469396624933097,4.199504418340511,0.15599999999999986,24.692880178004604
2024-11-04 18:13:30,4.199162686866011,0.156,24.2430730354219,4.199504418340511,0.15599999999999986,24.708353706214375
2024-11-04 18:13:30,4.199326980843797,0.156,24.9947353287605,4.199497846581388,0.15599999999999986,24.754803635725526
2024-11-04 18:13:30,4.199326980843797,0.156,23.469396624933097,4.199484703063134,0.15599999999999986,24.739330107515745
2024-11-04 18:13:30,4.199819862778808,0.156,23.469396624933097,4.199504418340534,0.15599999999999986,24.70882333343919
2024-11-04 18:13:31,4.200312744716299,0.156,24.9947353287605,4.199537277136311,0.15599999999999986,24.708823333439195
2024-11-04 18:13:31,4.199491274821859,0.156,23.469396624933097,4.199524133618034,0.15599999999999986,24.678316559362646
2024-11-04 18:13:31,4.199655568800195,0.156,27.80614130216054,4.1995241336180325,0.15599999999999986,24.734544678830648
2024-11-04 18:13:32,4.199984156757696,0.156,25.72571420883662,4.1995569924137,0.15599999999999986,24.749164256432167
2024-11-04 18:13:32,4.199655568800195,0.156,24.2430730354219,4.199556992413699,0.15599999999999986,24.70528130813031
2024-11-04 18:13:32,4.199819862778808,0.156,24.9947353287605,4.199556992413699,0.15599999999999986,24.69066173052879
2024-11-04 18:13:32,4.199326980843797,0.156,25.72571420883662,4.199570135931911,0.15599999999999986,24.69066173052878
2024-11-04 18:13:33,4.199162686866011,0.156,24.9947353287605,4.199550420654543,0.15599999999999986,24.690661730528788
2024-11-04 18:13:33,4.199655568800195,0.156,23.469396624933097,4.199550420654542,0.15599999999999986,24.645535378850717
2024-11-04 18:13:33,4.199984156757696,0.156,24.2430730354219,4.199576707691098,0.15599999999999986,24.66100890706049
2024-11-04 18:13:33,4.199655568800195,0.156,24.2430730354219,4.199576707691098,0.15599999999999986,24.645975661193717
2024-11-04 18:13:34,4.199326980843797,0.156,22.672238853203226,4.19958327945021,0.15599999999999986,24.599525731682576
2024-11-04 18:13:34,4.199162686866011,0.156,24.2430730354219,4.199589851209311,0.15599999999999986,24.5844924858158
2024-11-04 18:13:34,4.199491274821859,0.156,26.437220450515156,4.199583279450177,0.15599999999999986,24.62837543411767
2024-11-04 18:13:34,4.199655568800195,0.156,24.9947353287605,4.199602994727545,0.15599999999999986,24.658882208194214
2024-11-04 18:13:35,4.199655568800195,0.155,23.469396624933097,4.1995964229684,0.1559599999999999,24.674825363628806
2024-11-04 18:13:35,4.199984156757696,0.155,24.2430730354219,4.1996095664867,0.15591999999999992,24.65979211776205
2024-11-04 18:13:35,4.199984156757696,0.155,24.9947353287605,4.199629281764133,0.15587999999999994,24.690298891838594
2024-11-04 18:13:35,4.199819862778808,0.156,24.9947353287605,4.199642425282412,0.15587999999999994,24.70533213770536
2024-11-04 18:13:36,4.199491274821859,0.156,25.72571420883662,4.199642425282413,0.15587999999999994,24.750458489383426
2024-11-04 18:13:36,4.199491274821859,0.156,24.9947353287605,4.199616138245813,0.15587999999999994,24.750458489383433
2024-11-04 18:13:36,4.199491274821859,0.156,25.72571420883662,4.199629281764047,0.15587999999999994,24.78011131285173
2024-11-04 18:13:36,4.199326980843797,0.156,24.2430730354219,4.1996292817640475,0.15587999999999994,24.765078066984955
2024-11-04 18:13:37,4.199655568800195,0.156,22.672238853203226,4.199642425282303,0.15587999999999994,24.749134911550353
2024-11-04 18:13:37,4.199326980843797,0.155,25.72571420883662,4.1996227100049035,0.15583999999999995,24.76375448915187
2024-11-04 18:13:37,4.199655568800195,0.155,24.9947353287605,4.199596422968259,0.1558,24.74913491155035
2024-11-04 18:13:37,4.199819862778808,0.155,22.672238853203226,4.1996095664865365,0.15576,24.70268498203921
2024-11-04 18:13:38,4.199819862778808,0.156,25.72571420883662,4.199616138245681,0.15575999999999998,24.7026849820392
2024-11-04 18:13:38,4.199819862778808,0.156,24.2430730354219,4.199609566486526,0.15575999999999995,24.67303215857091
2024-11-04 18:13:38,4.199819862778808,0.156,24.9947353287605,4.19961613824567,0.15575999999999993,24.673032158570912
2024-11-04 18:13:38,4.199819862778808,0.156,24.2430730354219,4.19961613824567,0.1557599999999999,24.704448842215285
2024-11-04 18:13:39,4.199162686866011,0.156,25.72571420883662,4.199609566486558,0.1557599999999999,24.734101665683582
2024-11-04 18:13:39,4.199819862778808,0.156,24.2430730354219,4.19963585352307,0.1557599999999999,24.704448842215292
2024-11-04 18:13:39,4.199326980843797,0.156,24.2430730354219,4.199622710004814,0.15575999999999993,24.689415596348525
2024-11-04 18:13:39,4.199819862778808,0.156,26.437220450515156,4.199616138245658,0.15575999999999993,24.718265298783617
2024-11-04 18:13:40,4.199655568800195,0.156,25.72571420883662,4.199616138245658,0.15575999999999995,24.690172402076758
2024-11-04 18:13:40,4.199491274821859,0.156,26.437220450515156,4.199622710004781,0.15575999999999993,24.765472034023006
2024-11-04 18:13:40,4.199984156757696,0.155,24.2430730354219,4.199655568800448,0.15571999999999991,24.735819210554713
2024-11-04 18:13:40,4.199326980843797,0.155,24.9947353287605,4.199648997041327,0.1556799999999999,24.73581921055471
2024-11-04 18:13:41,4.199326980843797,0.156,24.2430730354219,4.199635853523072,0.1556799999999999,24.735819210554705
2024-11-04 18:13:41,4.199326980843797,0.156,24.2430730354219,4.1996227100048165,0.1557199999999999,24.706166387086412
2024-11-04 18:13:41,4.199491274821859,0.155,26.437220450515156,4.199602994727384,0.15571999999999991,24.735016089521505
2024-11-04 18:13:41,4.20014845073686,0.155,25.72571420883662,4.19960956648655,0.15571999999999994,24.735016089521505
2024-11-04 18:13:42,4.199655568800195,0.155,24.9947353287605,4.199602994727404,0.15567999999999999,24.75004933538828
2024-11-04 18:13:42,4.199655568800195,0.155,24.2430730354219,4.199609566486537,0.15564000000000003,24.750049335388276
2024-11-04 18:13:42,4.199491274821859,0.155,26.437220450515156,4.199609566486538,0.15560000000000004,24.809405811899914
2024-11-04 18:13:42,4.199655568800195,0.155,25.72571420883662,4.199616138245671,0.15556000000000006,24.83905863536821
2024-11-04 18:13:43,4.199984156757696,0.155,24.9947353287605,4.199642425282226,0.15552000000000007,24.839058635368204
2024-11-04 18:13:43,4.20014845073686,0.156,24.2430730354219,4.199662140559693,0.15552000000000007,24.854532163577986
2024-11-04 18:13:43,4.199326980843797,0.156,24.9947353287605,4.199662140559692,0.15556000000000003,24.88503893765453
2024-11-04 18:13:43,4.199326980843797,0.156,24.2430730354219,4.199648997041436,0.15560000000000002,24.870005691787764
2024-11-04 18:13:44,4.199819862778808,0.155,25.72571420883662,4.199648997041435,0.15560000000000002,24.915132043465828
2024-11-04 18:13:44,4.199655568800195,0.155,24.9947353287605,4.199642425282291,0.15556000000000003,24.85890392399783
2024-11-04 18:13:44,4.199984156757696,0.155,24.9947353287605,4.199648997041447,0.15552000000000005,24.844284346396307
2024-11-04 18:13:44,4.200312744716299,0.155,24.9947353287605,4.199668712318946,0.15548000000000003,24.859317592263082
2024-11-04 18:13:45,4.199491274821859,0.156,24.9947353287605,4.199655568800669,0.15548,24.85931759226308
2024-11-04 18:13:45,4.199819862778808,0.156,23.469396624933097,4.199681855837182,0.15547999999999998,24.81419124058501
2024-11-04 18:13:45,4.199819862778808,0.156,25.72571420883662,4.199681855837182,0.15547999999999995,24.82881081818654
2024-11-04 18:13:45,4.199655568800195,0.155,24.2430730354219,4.199694999355437,0.15543999999999994,24.84428434639631
2024-11-04 18:13:46,4.199491274821859,0.155,27.13035904417916,4.1996818558371585,0.15539999999999993,24.90203006657146
2024-11-04 18:13:46,4.199491274821859,0.155,24.9947353287605,4.199675284078025,0.15535999999999997,24.917063312438227
2024-11-04 18:13:46,4.199655568800195,0.155,25.72571420883662,4.1996818558371585,0.15532,24.9781328195509
2024-11-04 18:13:46,4.199655568800195,0.155,26.437220450515156,4.199668712318858,0.15532000000000004,25.022015767852764
2024-11-04 18:13:47,4.199819862778808,0.155,23.469396624933097,4.199688427596259,0.15532000000000004,24.96265929134113
2024-11-04 18:13:47,4.199655568800195,0.155,24.2430730354219,4.199701571114514,0.15528000000000003,24.947626045474355
2024-11-04 18:13:47,4.199491274821859,0.155,27.13035904417916,4.199708142873636,0.15524000000000004,25.02084529385927
2024-11-04 18:13:47,4.199984156757696,0.155,21.84997632024192,4.1997278581510695,0.15524000000000004,24.972983359555673
2024-11-04 18:13:48,4.199819862778808,0.155,26.437220450515156,4.199714714632749,0.15524000000000004,25.001833061990766
2024-11-04 18:13:48,4.199326980843797,0.155,24.9947353287605,4.199701571114494,0.15524000000000007,25.00183306199077
2024-11-04 18:13:48,4.200312744716299,0.155,24.9947353287605,4.199727858151136,0.1552400000000001,24.98721348438924
2024-11-04 18:13:48,4.199819862778808,0.155,25.72571420883662,4.199741001669414,0.15524000000000013,25.001833061990766
2024-11-04 18:13:49,4.199655568800195,0.155,25.72571420883662,4.199741001669414,0.15524000000000013,25.001833061990755
2024-11-04 18:13:49,4.199655568800195,0.155,23.469396624933097,4.199727858151114,0.15524000000000013,24.986359533780984
2024-11-04 18:13:49,4.199491274821859,0.155,25.72571420883662,4.199701571114514,0.15520000000000012,25.047429040893647
2024-11-04 18:13:49,4.199819862778808,0.155,25.72571420883662,4.199721286391916,0.15516000000000008,25.047429040893647
2024-11-04 18:13:50,4.199491274821859,0.155,26.437220450515156,4.199727858151038,0.15512000000000006,25.07627874332874
2024-11-04 18:13:50,4.199984156757696,0.155,25.72571420883662,4.199734429910193,0.15512000000000006,25.13734825044141
2024-11-04 18:13:50,4.20014845073686,0.155,24.2430730354219,4.19975414518766,0.15512000000000006,25.10769542697312
2024-11-04 18:13:50,4.199491274821859,0.155,22.672238853203226,4.199734429910226,0.15512000000000006,25.07627874332874
2024-11-04 18:13:51,4.199819862778808,0.155,22.672238853203226,4.199714714632727,0.15512000000000006,25.0298288138176
2024-11-04 18:13:51,4.199491274821859,0.155,24.2430730354219,4.199714714632728,0.15508000000000008,25.029828813817602
2024-11-04 18:13:51,4.199655568800195,0.155,23.469396624933097,4.199708142873583,0.15504000000000007,24.984702462139527
2024-11-04 18:13:51,4.199655568800195,0.155,25.72571420883662,4.1997015711144385,0.15500000000000008,25.014355285607827
2024-11-04 18:13:52,4.199655568800195,0.155,24.2430730354219,4.199701571114438,0.15500000000000008,25.01435528560783
2024-11-04 18:13:52,4.199819862778808,0.155,24.2430730354219,4.199714714632716,0.15500000000000008,24.970472337305964
2024-11-04 18:13:52,4.199819862778808,0.155,24.9947353287605,4.199727858150994,0.15500000000000008,24.955852759704445
2024-11-04 18:13:52,4.199984156757696,0.155,23.469396624933097,4.199741001669293,0.15500000000000008,24.896496283192793
2024-11-04 18:13:53,4.199655568800195,0.155,25.72571420883662,4.199741001669293,0.15500000000000008,24.926149106661086
2024-11-04 18:13:53,4.199655568800195,0.155,23.469396624933097,4.199734429910148,0.15500000000000008,24.895642332584533
2024-11-04 18:13:53,4.199655568800195,0.155,25.72571420883662,4.199734429910146,0.15500000000000008,24.925295156052833
2024-11-04 18:13:53,4.199819862778808,0.155,24.9947353287605,4.199747573428424,0.15500000000000008,24.94032840191961
2024-11-04 18:13:54,4.199819862778808,0.155,24.2430730354219,4.19974100166927,0.15500000000000008,24.896445453617744
2024-11-04 18:13:54,4.199655568800195,0.155,26.437220450515156,4.199734429910126,0.15500000000000008,24.91067557845132
2024-11-04 18:13:54,4.199491274821859,0.155,23.469396624933097,4.199741001669249,0.15500000000000008,24.880168804374765
2024-11-04 18:13:54,4.199655568800195,0.155,27.13035904417916,4.199714714632603,0.15500000000000008,24.937914524549914
2024-11-04 18:13:55,4.199819862778808,0.155,24.9947353287605,4.199714714632604,0.15500000000000008,24.909064822114818
2024-11-04 18:13:55,4.199655568800195,0.155,23.469396624933097,4.199714714632603,0.15500000000000008,24.863938470436743
2024-11-04 18:13:55,4.199984156757696,0.155,25.72571420883662,4.199727858150904,0.15500000000000008,24.87855804803827
2024-11-04 18:13:55,4.199819862778808,0.155,24.9947353287605,4.199741001669183,0.15500000000000008,24.893591293905043
2024-11-04 18:13:56,4.199819862778808,0.155,23.469396624933097,4.199741001669183,0.15500000000000008,24.86308451982849
2024-11-04 18:13:56,4.199984156757696,0.155,24.9947353287605,4.199760716946617,0.15500000000000008,24.878117765695265
2024-11-04 18:13:56,4.199655568800195,0.155,22.672238853203226,4.199747573428317,0.15500000000000008,24.8170482585826
2024-11-04 18:13:56,4.199984156757696,0.155,27.80614130216054,4.19974100166915,0.15500000000000008,24.873276378050594
2024-11-04 18:13:57,4.199984156757696,0.155,26.437220450515156,4.199760716946583,0.15500000000000008,24.902126080485697
2024-11-04 18:13:57,4.199819862778808,0.155,25.72571420883662,4.199760716946583,0.15500000000000008,24.916745658087212
2024-11-04 18:13:57,4.199819862778808,0.155,24.9947353287605,4.199773860464862,0.15500000000000008,24.91674565808721
2024-11-04 18:13:57,4.199984156757696,0.155,24.9947353287605,4.199787003983162,0.15500000000000008,24.947252432163758
2024-11-04 18:13:58,4.199984156757696,0.155,24.2430730354219,4.199800147501462,0.15500000000000008,24.91759960869547
2024-11-04 18:13:58,4.20014845073686,0.154,24.9947353287605,4.199819862778929,0.15496000000000007,24.932632854562236
2024-11-04 18:13:58,4.200312744716299,0.154,24.2430730354219,4.1998395780564275,0.15492000000000006,24.874887134387095
2024-11-04 18:13:58,4.199491274821859,0.155,24.2430730354219,4.19982643453815,0.15492000000000006,24.85985388852032
2024-11-04 18:13:59,4.200477038696013,0.155,24.2430730354219,4.199846149815683,0.15492000000000006,24.83020106505203
2024-11-04 18:13:59,4.199655568800195,0.155,24.2430730354219,4.199846149815683,0.15492000000000006,24.786318116750166
2024-11-04 18:13:59,4.199819862778808,0.155,27.80614130216054,4.199852721574827,0.15492000000000006,24.873053010294715
2024-11-04 18:13:59,4.20014845073686,0.155,25.72571420883662,4.199872436852294,0.15492000000000006,24.90270583376301
2024-11-04 18:14:00,4.20014845073686,0.155,23.469396624933097,4.1998855803706165,0.15492000000000006,24.829486585378085
2024-11-04 18:14:00,4.199819862778808,0.155,26.437220450515156,4.1998855803706165,0.15492000000000006,24.921231467983553
2024-11-04 18:14:00,4.20014845073686,0.155,25.72571420883662,4.199905295648083,0.15492000000000006,24.90700134314998
2024-11-04 18:14:00,4.199655568800195,0.155,24.9947353287605,4.1999118674072164,0.15492000000000006,24.90700134314997
2024-11-04 18:14:01,4.199655568800195,0.155,24.2430730354219,4.1999118674072164,0.15492000000000006,24.891968097283208
2024-11-04 18:14:01,4.199984156757696,0.155,25.72571420883662,4.199918439166371,0.15492000000000006,24.891968097283208
2024-11-04 18:14:01,4.199655568800195,0.155,24.2430730354219,4.19991843916637,0.15492000000000009,24.862315273814907
2024-11-04 18:14:01,4.200312744716299,0.155,25.72571420883662,4.199931582684714,0.15492000000000009,24.907441625492982
2024-11-04 18:14:02,4.20014845073686,0.155,24.9947353287605,4.199944726203036,0.15492000000000009,24.892822047891464
2024-11-04 18:14:02,4.199655568800195,0.155,25.72571420883662,4.199938154443891,0.15492000000000009,24.892822047891467
2024-11-04 18:14:02,4.199819862778808,0.155,23.469396624933097,4.199931582684735,0.15492000000000009,24.833465571379826
2024-11-04 18:14:02,4.200312744716299,0.155,24.9947353287605,4.199957869721379,0.15492000000000009,24.818845993778304
2024-11-04 18:14:03,4.200477038696013,0.155,24.9947353287605,4.199977584998913,0.15492000000000009,24.83387923964507
2024-11-04 18:14:03,4.199819862778808,0.154,27.13035904417916,4.199971013239758,0.15488000000000005,24.923041643464593
2024-11-04 18:14:03,4.199984156757696,0.154,24.2430730354219,4.199977584998914,0.15484000000000003,24.954458327108963
2024-11-04 18:14:03,4.199655568800195,0.154,25.72571420883662,4.199971013239769,0.15480000000000005,24.984111150577263
2024-11-04 18:14:04,4.200477038696013,0.155,24.9947353287605,4.199990728517303,0.15480000000000005,25.01461792465381
2024-11-04 18:14:04,4.20014845073686,0.155,22.672238853203226,4.199997300276469,0.15480000000000005,24.953548417541132
2024-11-04 18:14:04,4.199819862778808,0.155,24.9947353287605,4.1999841567581475,0.15484000000000003,24.968581663407907
2024-11-04 18:14:04,4.199984156757696,0.155,23.469396624933097,4.199971013239804,0.15488000000000002,24.953108135198136
2024-11-04 18:14:05,4.199491274821859,0.155,24.2430730354219,4.1999710132398045,0.15488000000000002,24.93807488933136
2024-11-04 18:14:05,4.199326980843797,0.155,25.72571420883662,4.199925010925716,0.15488000000000002,24.98320124100943
2024-11-04 18:14:05,4.199819862778808,0.155,24.9947353287605,4.199931582684861,0.15488000000000002,24.968581663407907
2024-11-04 18:14:05,4.199326980843797,0.155,25.72571420883662,4.199911867407461,0.15488000000000002,25.013708015085985
2024-11-04 18:14:06,4.199984156757696,0.155,25.72571420883662,4.199905295648294,0.15488000000000002,25.013708015085978
2024-11-04 18:14:06,4.199655568800195,0.154,26.437220450515156,4.199885580370827,0.15484000000000003,25.042557717521067
2024-11-04 18:14:06,4.200477038696013,0.154,24.2430730354219,4.199911867407515,0.15480000000000005,25.04255771752107
2024-11-04 18:14:06,4.20014845073686,0.154,24.9947353287605,4.199911867407515,0.15476000000000004,25.013708015085978
2024-11-04 18:14:07,4.199819862778808,0.154,24.9947353287605,4.19991843916666,0.15472000000000002,25.044214789162528
2024-11-04 18:14:07,4.199655568800195,0.154,23.469396624933097,4.199918439166659,0.15468,24.970995540777604
2024-11-04 18:14:07,4.199984156757696,0.155,26.437220450515156,4.199918439166659,0.15468,24.999845243212693
2024-11-04 18:14:08,4.199819862778808,0.155,24.9947353287605,4.199925010925803,0.15468,25.030352017289246
2024-11-04 18:14:08,4.199984156757696,0.154,25.72571420883662,4.199911867407458,0.15464,25.03035201728925
2024-11-04 18:14:08,4.20014845073686,0.154,24.2430730354219,4.199911867407458,0.15459999999999996,25.015318771422475
2024-11-04 18:14:08,4.200312744716299,0.154,24.9947353287605,4.1999381544441015,0.15455999999999995,25.04582554549902
2024-11-04 18:14:09,4.200477038696013,0.155,23.469396624933097,4.199964441480791,0.15455999999999995,25.015318771422475
2024-11-04 18:14:09,4.199819862778808,0.155,26.437220450515156,4.199944726203291,0.15455999999999995,25.09061840336871
2024-11-04 18:14:09,4.199491274821859,0.155,25.72571420883662,4.199905295648325,0.15455999999999998,25.049009861502228
2024-11-04 18:14:09,4.200312744716299,0.155,23.469396624933097,4.199925010925825,0.15460000000000002,24.989653384990593
2024-11-04 18:14:10,4.199984156757696,0.154,24.9947353287605,4.199925010925825,0.15460000000000002,24.975033807389064
2024-11-04 18:14:10,4.199819862778808,0.154,26.437220450515156,4.19993158268497,0.15460000000000002,25.003883509824153
2024-11-04 18:14:10,4.199819862778808,0.154,27.13035904417916,4.199905295648282,0.15456,25.046595984132534
2024-11-04 18:14:10,4.199819862778808,0.154,25.72571420883662,4.1998921521299595,0.15452,25.076248807600834
2024-11-04 18:14:11,4.199984156757696,0.154,25.72571420883662,4.199898723889115,0.15447999999999998,25.09086838520235
2024-11-04 18:14:11,4.20014845073686,0.155,24.9947353287605,4.199905295648282,0.15448,25.105901631069123
2024-11-04 18:14:11,4.200312744716299,0.155,24.2430730354219,4.199938154444059,0.15448,25.105901631069127
2024-11-04 18:14:11,4.199984156757696,0.154,24.9947353287605,4.199964441480614,0.15444000000000002,25.120934876935895
2024-11-04 18:14:12,4.199819862778808,0.154,26.437220450515156,4.199964441480614,0.15439999999999998,25.164817825237762
2024-11-04 18:14:12,4.199655568800195,0.154,25.72571420883662,4.19997758499887,0.15435999999999997,25.12320928337128
2024-11-04 18:14:12,4.199655568800195,0.154,24.2430730354219,4.199964441480569,0.15431999999999996,25.093556459902988
2024-11-04 18:14:12,4.199984156757696,0.154,26.437220450515156,4.199977584998869,0.15431999999999996,25.152912936414623
2024-11-04 18:14:13,4.20014845073686,0.154,26.437220450515156,4.199964441480503,0.15431999999999996,25.152912936414623
2024-11-04 18:14:13,4.199984156757696,0.154,25.72571420883662,4.199957869721337,0.15431999999999996,25.152912936414623
2024-11-04 18:14:13,4.199984156757696,0.154,21.84997632024192,4.199964441480492,0.15431999999999996,25.090017756244254
2024-11-04 18:14:13,4.20014845073686,0.154,26.437220450515156,4.199984156757959,0.15431999999999996,25.133900704546114
2024-11-04 18:14:14,4.200477038696013,0.154,23.469396624933097,4.200003872035492,0.15427999999999994,25.088774352868043
2024-11-04 18:14:14,4.200477038696013,0.154,26.437220450515156,4.200030159072181,0.15423999999999993,25.13265730116991
2024-11-04 18:14:14,4.199819862778808,0.154,25.72571420883662,4.200023587313026,0.15423999999999993,25.13265730116991
2024-11-04 18:14:14,4.199655568800195,0.154,24.2430730354219,4.200003872035559,0.15423999999999993,25.117624055303136
2024-11-04 18:14:15,4.199326980843797,0.154,23.469396624933097,4.1999644414806605,0.15423999999999993,25.072497703625068
2024-11-04 18:14:15,4.20014845073686,0.154,20.12271823298272,4.1999512979622935,0.15419999999999992,25.005564135786052
2024-11-04 18:14:15,4.199326980843797,0.154,23.469396624933097,4.199931582684894,0.15415999999999994,24.97505736170951
2024-11-04 18:14:15,4.200312744716299,0.154,24.9947353287605,4.199964441480671,0.15411999999999992,24.975057361709514
2024-11-04 18:14:16,4.199984156757696,0.154,25.72571420883662,4.199951297962326,0.15407999999999994,24.946964465002665
2024-11-04 18:14:16,4.199819862778808,0.154,24.9947353287605,4.199944726203172,0.15407999999999994,24.961997710869433
2024-11-04 18:14:16,4.199655568800195,0.154,27.13035904417916,4.199938154444026,0.15407999999999994,24.990090607576285
2024-11-04 18:14:16,4.199984156757696,0.154,25.72571420883662,4.199944726203181,0.15407999999999994,25.00471018517781
2024-11-04 18:14:17,4.199655568800195,0.154,25.72571420883662,4.199938154444036,0.15407999999999994,25.06577969229047
2024-11-04 18:14:17,4.199162686866011,0.154,24.9947353287605,4.199905295648368,0.15407999999999994,25.065779692290477
2024-11-04 18:14:17,4.199819862778808,0.154,25.72571420883662,4.199892152130046,0.15403999999999993,25.11090604396855
2024-11-04 18:14:17,4.20014845073686,0.153,24.2430730354219,4.199885580370868,0.15395999999999993,25.11090604396856
2024-11-04 18:14:18,4.200312744716299,0.153,25.72571420883662,4.199898723889211,0.15391999999999992,25.11090604396855
2024-11-04 18:14:18,4.199655568800195,0.154,25.72571420883662,4.199892152130067,0.15391999999999992,25.125525621570077
2024-11-04 18:14:18,4.199655568800195,0.154,24.9947353287605,4.199892152130067,0.15391999999999992,25.11090604396856
2024-11-04 18:14:18,4.199984156757696,0.153,26.437220450515156,4.199905295648367,0.1538799999999999,25.12513616880212
2024-11-04 18:14:19,4.20014845073686,0.153,27.13035904417916,4.1999118674075335,0.15383999999999987,25.138998940675407
2024-11-04 18:14:19,4.199491274821859,0.153,23.469396624933097,4.1998855803709345,0.15379999999999985,25.123525412465625
2024-11-04 18:14:19,4.199819862778808,0.153,24.2430730354219,4.19987900861178,0.15375999999999984,25.108492166598857
2024-11-04 18:14:19,4.200312744716299,0.153,23.469396624933097,4.199892152130124,0.15371999999999983,25.077985392522304
2024-11-04 18:14:20,4.199491274821859,0.154,24.2430730354219,4.199865865093524,0.15371999999999983,25.09345892073208
2024-11-04 18:14:20,4.20014845073686,0.154,26.437220450515156,4.199852721575158,0.15371999999999983,25.093458920732072
2024-11-04 18:14:20,4.20014845073686,0.154,23.469396624933097,4.1998395780567925,0.15371999999999983,25.06295214665553
2024-11-04 18:14:20,4.199984156757696,0.154,24.9947353287605,4.199846149815948,0.15371999999999986,25.04833256905401
2024-11-04 18:14:21,4.20014845073686,0.154,21.000806169342923,4.1998658650934155,0.15371999999999988,24.983487231732433
2024-11-04 18:14:21,4.200477038696013,0.154,25.72571420883662,4.199911867407504,0.15371999999999988,24.998106809333958
2024-11-04 18:14:21,4.199984156757696,0.154,26.437220450515156,4.199905295648338,0.15371999999999988,25.057463285845596
2024-11-04 18:14:21,4.199984156757696,0.153,25.72571420883662,4.199931582684893,0.15367999999999987,25.043233161012022
2024-11-04 18:14:22,4.20014845073686,0.153,23.469396624933097,4.199925010925716,0.1536399999999999,24.998106809333954
2024-11-04 18:14:22,4.199819862778808,0.153,24.2430730354219,4.19991843916656,0.15359999999999988,25.013580337543726
2024-11-04 18:14:22,4.199491274821859,0.154,23.469396624933097,4.199905295648282,0.1535999999999999,24.983073563467183
2024-11-04 18:14:22,4.200477038696013,0.154,24.9947353287605,4.199938154444115,0.15359999999999993,24.954223861032098
2024-11-04 18:14:23,4.199491274821859,0.153,25.72571420883662,4.199918439166683,0.15355999999999992,24.92613096432524
2024-11-04 18:14:23,4.200312744716299,0.153,24.2430730354219,4.199944726203325,0.15351999999999988,24.89647814085694
2024-11-04 18:14:23,4.200312744716299,0.153,24.9947353287605,4.199990728517337,0.15347999999999987,24.88185856325542
2024-11-04 18:14:23,4.199819862778808,0.153,23.469396624933097,4.199990728517336,0.15343999999999985,24.851351789178874
2024-11-04 18:14:24,4.199491274821859,0.153,24.9947353287605,4.199964441480737,0.15343999999999983,24.86638503504565
2024-11-04 18:14:24,4.199819862778808,0.153,25.72571420883662,4.199944726203237,0.15343999999999983,24.881004612647168
2024-11-04 18:14:24,4.20014845073686,0.153,23.469396624933097,4.199964441480704,0.15339999999999981,24.821648136135522
2024-11-04 18:14:24,4.199655568800195,0.153,24.9947353287605,4.199964441480703,0.1533599999999998,24.807028558534004
2024-11-04 18:14:25,4.199819862778808,0.153,23.469396624933097,4.199957869721548,0.1533599999999998,24.79155503032423
2024-11-04 18:14:25,4.200477038696013,0.154,25.72571420883662,4.199971013239913,0.15339999999999981,24.77732490549066
2024-11-04 18:14:25,4.199984156757696,0.154,23.469396624933097,4.199990728517347,0.15343999999999983,24.717968428979017
2024-11-04 18:14:25,4.199819862778808,0.153,24.9947353287605,4.199990728517347,0.15343999999999983,24.703348851377495
2024-11-04 18:14:26,4.20014845073686,0.153,24.9947353287605,4.19998415675817,0.15343999999999983,24.76624403154787
2024-11-04 18:14:26,4.199819862778808,0.153,24.9947353287605,4.199997300276448,0.15339999999999981,24.737394329112774
2024-11-04 18:14:26,4.200312744716299,0.154,24.9947353287605,4.200003872035624,0.15339999999999984,24.76790110318932
2024-11-04 18:14:26,4.199819862778808,0.154,23.469396624933097,4.199990728517303,0.15339999999999987,24.708544626677686
2024-11-04 18:14:27,4.20014845073686,0.153,23.469396624933097,4.19999730027647,0.15335999999999986,24.663418274999607
2024-11-04 18:14:27,4.200477038696013,0.153,24.9947353287605,4.200010443794837,0.15331999999999987,24.67845152086638
2024-11-04 18:14:27,4.200312744716299,0.153,24.9947353287605,4.200003872035648,0.15327999999999986,24.708958294942928
2024-11-04 18:14:27,4.199984156757696,0.153,25.72571420883662,4.200003872035648,0.15323999999999985,24.82101821446
2024-11-04 18:14:28,4.20014845073686,0.153,24.9947353287605,4.200010443794813,0.15323999999999985,24.851524988536553
2024-11-04 18:14:28,4.199655568800195,0.153,22.672238853203226,4.199990728517347,0.15323999999999985,24.805075059025402
2024-11-04 18:14:28,4.199984156757696,0.153,24.9947353287605,4.199997300276502,0.15323999999999982,24.790455481423884
2024-11-04 18:14:28,4.199984156757696,0.153,24.2430730354219,4.200017015553936,0.15319999999999984,24.775422235557116
2024-11-04 18:14:29,4.200312744716299,0.153,22.672238853203226,4.2000104437947465,0.15315999999999982,24.686259831737594
2024-11-04 18:14:29,4.199819862778808,0.153,25.72571420883662,4.200023587313025,0.15315999999999982,24.686259831737598
2024-11-04 18:14:29,4.200641332676002,0.153,23.469396624933097,4.200036730831413,0.15315999999999982,24.64113348005953
2024-11-04 18:14:29,4.200312744716299,0.153,24.2430730354219,4.200036730831413,0.1531599999999998,24.626100234192755
2024-11-04 18:14:30,4.199655568800195,0.153,24.9947353287605,4.200030159072268,0.1531599999999998,24.611480656591233
2024-11-04 18:14:30,4.199984156757696,0.153,22.672238853203226,4.200049874349701,0.1531599999999998,24.580063972946864
2024-11-04 18:14:30,4.199984156757696,0.153,24.2430730354219,4.2000564461088565,0.1531599999999998,24.550411149478563
2024-11-04 18:14:30,4.20014845073686,0.153,24.9947353287605,4.200056446108857,0.1531599999999998,24.535791571877045
2024-11-04 18:14:31,4.200805626656267,0.153,25.72571420883662,4.200102448423101,0.15315999999999982,24.55041114947856
2024-11-04 18:14:31,4.20014845073686,0.153,24.9947353287605,4.200115591941422,0.15315999999999982,24.521561447043474
2024-11-04 18:14:31,4.199984156757696,0.153,24.9947353287605,4.20009587666389,0.1531199999999998,24.478848972735104
2024-11-04 18:14:31,4.199819862778808,0.153,26.437220450515156,4.2000893049047345,0.1530799999999998,24.538205449246743
2024-11-04 18:14:32,4.199819862778808,0.153,24.2430730354219,4.2000893049047345,0.1530799999999998,24.53820544924674
2024-11-04 18:14:32,4.200641332676002,0.153,26.437220450515156,4.200109020182301,0.1530799999999998,24.59756192575838
2024-11-04 18:14:32,4.199984156757696,0.154,26.437220450515156,4.200115591941457,0.1531199999999998,24.641444874060245
2024-11-04 18:14:32,4.20014845073686,0.154,24.9947353287605,4.200109020182279,0.15311999999999984,24.61259517162516
2024-11-04 18:14:33,4.20014845073686,0.153,22.672238853203226,4.200122163700601,0.15307999999999983,24.596652016190557
2024-11-04 18:14:33,4.199819862778808,0.153,24.9947353287605,4.200109020182279,0.15307999999999983,24.59665201619055
2024-11-04 18:14:33,4.199655568800195,0.152,22.672238853203226,4.200076161386446,0.15303999999999987,24.630080669867766
2024-11-04 18:14:33,4.199984156757696,0.152,24.2430730354219,4.200063017868103,0.15299999999999989,24.600427846399466
2024-11-04 18:14:34,4.20014845073686,0.153,24.9947353287605,4.200069589627269,0.15299999999999989,24.57157814396438
2024-11-04 18:14:34,4.20014845073686,0.153,25.72571420883662,4.200069589627269,0.15299999999999989,24.57157814396437
2024-11-04 18:14:34,4.20014845073686,0.153,24.9947353287605,4.200089304904735,0.15299999999999989,24.602084918040923
2024-11-04 18:14:34,4.20014845073686,0.153,24.2430730354219,4.200095876663902,0.15299999999999989,24.60208491804092
2024-11-04 18:14:35,4.20014845073686,0.153,24.9947353287605,4.200102448423068,0.15299999999999989,24.632591692117472
2024-11-04 18:14:35,4.199655568800195,0.153,24.9947353287605,4.2000761613864235,0.15299999999999989,24.632591692117476
2024-11-04 18:14:35,4.199984156757696,0.153,24.9947353287605,4.200082733145579,0.15299999999999986,24.617972114515947
2024-11-04 18:14:35,4.199984156757696,0.153,24.2430730354219,4.200056446108847,0.15299999999999986,24.61797211451595
2024-11-04 18:14:36,4.199819862778808,0.153,24.2430730354219,4.200036730831348,0.15299999999999986,24.602938868649176
2024-11-04 18:14:36,4.199819862778808,0.153,25.72571420883662,4.200043302590492,0.15299999999999983,24.648065220327254
2024-11-04 18:14:36,4.199819862778808,0.153,23.469396624933097,4.200036730831337,0.1529999999999998,24.6175584462507
2024-11-04 18:14:36,4.20014845073686,0.153,24.2430730354219,4.200043302590504,0.1529999999999998,24.587905622782408
2024-11-04 18:14:37,4.200312744716299,0.153,24.2430730354219,4.200049874349681,0.1529999999999998,24.603379150992183
2024-11-04 18:14:37,4.20014845073686,0.153,26.437220450515156,4.200023587312904,0.1529999999999998,24.63222885342728
2024-11-04 18:14:37,4.199819862778808,0.153,24.9947353287605,4.200010443794582,0.1529999999999998,24.66273562750382
2024-11-04 18:14:37,4.20014845073686,0.153,23.469396624933097,4.200017015553749,0.1529999999999998,24.617609275825753
2024-11-04 18:14:38,4.199984156757696,0.153,23.469396624933097,4.200023587312906,0.1529999999999998,24.61760927582575
2024-11-04 18:14:38,4.20014845073686,0.153,24.2430730354219,4.2000367308312265,0.1529999999999998,24.602576029958982
2024-11-04 18:14:38,4.199819862778808,0.153,24.2430730354219,4.20000387203534,0.1529999999999998,24.587542784092214
2024-11-04 18:14:39,4.20014845073686,0.153,24.9947353287605,4.200010443794506,0.1529599999999998,24.58754278409221
2024-11-04 18:14:39,4.200312744716299,0.153,21.000806169342923,4.200017015553683,0.1529199999999998,24.507664200903854
2024-11-04 18:14:39,4.200312744716299,0.153,24.9947353287605,4.2000235873128595,0.1529199999999998,24.538170974980407
2024-11-04 18:14:39,4.20014845073686,0.153,26.437220450515156,4.200036730831183,0.1529199999999998,24.597527451492052
2024-11-04 18:14:39,4.20014845073686,0.153,22.672238853203226,4.20005644610865,0.15295999999999982,24.5510775219809
2024-11-04 18:14:40,4.200312744716299,0.153,25.72571420883662,4.200069589626993,0.1529999999999998,24.56569709958243
2024-11-04 18:14:40,4.199819862778808,0.153,23.469396624933097,4.200056446108671,0.1529999999999998,24.520570747904355
2024-11-04 18:14:40,4.20014845073686,0.153,24.9947353287605,4.20005644610867,0.1529999999999998,24.520570747904348
2024-11-04 18:14:41,4.20014845073686,0.153,26.437220450515156,4.200056446108671,0.1529999999999998,24.595870379850595
2024-11-04 18:14:41,4.200312744716299,0.153,25.72571420883662,4.200063017867848,0.1529999999999998,24.61048995745211
2024-11-04 18:14:41,4.200312744716299,0.152,24.2430730354219,4.200069589627025,0.15295999999999985,24.610489957452113
2024-11-04 18:14:41,4.20014845073686,0.152,24.9947353287605,4.200089304904492,0.15291999999999986,24.656939886963265
2024-11-04 18:14:42,4.199655568800195,0.152,24.2430730354219,4.200076161386192,0.15287999999999988,24.627287063494965
2024-11-04 18:14:42,4.199984156757696,0.152,25.72571420883662,4.200076161386192,0.1528399999999999,24.672413415173033
2024-11-04 18:14:42,4.20014845073686,0.152,24.2430730354219,4.200089304904514,0.15279999999999994,24.672413415173036
2024-11-04 18:14:42,4.199984156757696,0.152,25.72571420883662,4.20009587666367,0.15275999999999995,24.687032992774558
2024-11-04 18:14:43,4.200312744716299,0.152,24.9947353287605,4.200115591941168,0.15271999999999997,24.733482922285706
2024-11-04 18:14:43,4.200312744716299,0.152,22.672238853203226,4.200122163700345,0.15267999999999998,24.70206623864133
2024-11-04 18:14:43,4.200312744716299,0.152,24.9947353287605,4.200122163700345,0.15264,24.702066238641333
2024-11-04 18:14:43,4.199984156757696,0.152,24.2430730354219,4.200115591941179,0.15260000000000004,24.67241341517304
2024-11-04 18:14:44,4.200477038696013,0.152,25.72571420883662,4.200141878977869,0.15256000000000006,24.687032992774558
2024-11-04 18:14:44,4.20014845073686,0.152,23.469396624933097,4.200141878977869,0.15252000000000007,24.656526218698012
2024-11-04 18:14:44,4.20014845073686,0.152,24.2430730354219,4.200148450737036,0.15248000000000006,24.612643270396138
2024-11-04 18:14:44,4.200312744716299,0.152,24.9947353287605,4.200155022496212,0.15244000000000008,24.627676516262913
2024-11-04 18:14:45,4.200641332676002,0.152,24.2430730354219,4.2001878812921,0.15240000000000006,24.583793567961056
2024-11-04 18:14:45,4.199984156757696,0.152,24.2430730354219,4.200181309532934,0.15236000000000008,24.53991061965919
2024-11-04 18:14:45,4.199984156757696,0.153,21.84997632024192,4.20016816601459,0.15236000000000005,24.477015439488824
2024-11-04 18:14:45,4.200312744716299,0.153,26.437220450515156,4.20016816601459,0.15236000000000005,24.55231507143506
2024-11-04 18:14:46,4.20014845073686,0.152,25.72571420883662,4.200168166014591,0.15232000000000004,24.566934649036575
2024-11-04 18:14:46,4.199984156757696,0.152,24.9947353287605,4.200161594255423,0.15228000000000005,24.613384578547716
2024-11-04 18:14:46,4.199491274821859,0.152,24.2430730354219,4.200128735459646,0.15224000000000004,24.61338457854772
2024-11-04 18:14:46,4.199984156757696,0.152,23.469396624933097,4.200135307218801,0.15220000000000003,24.582877804471167
2024-11-04 18:14:47,4.20014845073686,0.152,25.72571420883662,4.200135307218802,0.15216000000000005,24.582877804471174
2024-11-04 18:14:47,4.20014845073686,0.152,22.672238853203226,4.200135307218802,0.15212000000000003,24.536427874960022
2024-11-04 18:14:47,4.20014845073686,0.152,25.72571420883662,4.200128735459624,0.15208000000000005,24.566080698428323
2024-11-04 18:14:47,4.20014845073686,0.152,24.2430730354219,4.200122163700446,0.15208000000000005,24.551047452561548
2024-11-04 18:14:48,4.20014845073686,0.152,23.469396624933097,4.200122163700447,0.15208000000000005,24.520540678485006
2024-11-04 18:14:48,4.200312744716299,0.152,24.9947353287605,4.200148450737091,0.15208000000000005,24.520540678485
2024-11-04 18:14:48,4.199984156757696,0.152,24.9947353287605,4.200148450737092,0.15208000000000008,24.535573924351773
2024-11-04 18:14:48,4.199819862778808,0.152,24.9947353287605,4.200135307218769,0.15208000000000008,24.55060717021855
2024-11-04 18:14:49,4.199819862778808,0.152,24.9947353287605,4.2001287354596135,0.15208000000000008,24.53598759261702
2024-11-04 18:14:49,4.20014845073686,0.152,24.9947353287605,4.200122163700435,0.15208000000000008,24.566494366693565
2024-11-04 18:14:49,4.199984156757696,0.152,24.9947353287605,4.200109020182091,0.15208000000000008,24.581527612560343
2024-11-04 18:14:49,4.20014845073686,0.152,27.13035904417916,4.200102448422913,0.15208000000000008,24.63927333273549
2024-11-04 18:14:50,4.200477038696013,0.152,25.72571420883662,4.200122163700446,0.15208000000000008,24.625043207901918
2024-11-04 18:14:50,4.20014845073686,0.152,28.465495270963004,4.20010902018208,0.1520800000000001,24.69445840674597
2024-11-04 18:14:50,4.20014845073686,0.152,23.469396624933097,4.200109020182081,0.1520800000000001,24.694458406745966
2024-11-04 18:14:50,4.199655568800195,0.152,24.9947353287605,4.200089304904615,0.1520800000000001,24.72496518082252
2024-11-04 18:14:51,4.199984156757696,0.152,24.9947353287605,4.200076161386271,0.1520800000000001,24.739998426689287
2024-11-04 18:14:51,4.199655568800195,0.152,23.469396624933097,4.200036730831237,0.1520800000000001,24.724524898479512
2024-11-04 18:14:51,4.200312744716299,0.152,23.469396624933097,4.200049874349581,0.1520800000000001,24.69401812440296
2024-11-04 18:14:51,4.20014845073686,0.152,23.469396624933097,4.200056446108748,0.15204000000000006,24.743389933514763
2024-11-04 18:14:52,4.200312744716299,0.152,25.72571420883662,4.200056446108747,0.15200000000000008,24.75800951111629
2024-11-04 18:14:52,4.199984156757696,0.152,24.9947353287605,4.20004987434958,0.15200000000000008,24.729159808681192
2024-11-04 18:14:52,4.199984156757696,0.152,25.72571420883662,4.200049874349579,0.15200000000000008,24.790229315793866
2024-11-04 18:14:52,4.200312744716299,0.152,24.9947353287605,4.200082733145357,0.15200000000000008,24.775609738192347
2024-11-04 18:14:53,4.199655568800195,0.152,25.72571420883662,4.200069589627057,0.15200000000000008,24.820736089870415
2024-11-04 18:14:53,4.200641332676002,0.152,24.9947353287605,4.2000893049046235,0.15200000000000008,24.82073608987042
2024-11-04 18:14:53,4.199984156757696,0.152,24.9947353287605,4.200082733145456,0.15200000000000008,24.791886387435326
2024-11-04 18:14:53,4.200477038696013,0.152,25.72571420883662,4.2000958766638234,0.15200000000000008,24.791886387435316
2024-11-04 18:14:54,4.20014845073686,0.152,24.9947353287605,4.200095876663824,0.15200000000000008,24.80691963330209
2024-11-04 18:14:54,4.20014845073686,0.152,22.672238853203226,4.200095876663824,0.15200000000000008,24.760469703790942
2024-11-04 18:14:54,4.20014845073686,0.152,26.437220450515156,4.2000893049046475,0.15200000000000008,24.804352652092813
2024-11-04 18:14:54,4.20014845073686,0.152,24.9947353287605,4.200095876663815,0.15200000000000008,24.78973307449128
2024-11-04 18:14:55,4.200312744716299,0.152,21.84997632024192,4.200115591941313,0.15200000000000008,24.741871140187687
2024-11-04 18:14:55,4.199819862778808,0.152,24.2430730354219,4.200115591941314,0.15200000000000008,24.712218316719394
2024-11-04 18:14:55,4.199984156757696,0.152,26.437220450515156,4.200109020182147,0.15200000000000008,24.741068019154483
2024-11-04 18:14:55,4.200477038696013,0.152,23.469396624933097,4.20012873545968,0.15200000000000008,24.757011174589085
2024-11-04 18:14:56,4.200312744716299,0.152,23.469396624933097,4.200135307218857,0.15200000000000008,24.726504400512532
2024-11-04 18:14:56,4.199984156757696,0.152,22.672238853203226,4.200115591941324,0.15200000000000008,24.695087716868162
2024-11-04 18:14:56,4.200477038696013,0.152,24.9947353287605,4.20012873545969,0.15200000000000008,24.68046813926664
2024-11-04 18:14:56,4.200312744716299,0.152,24.2430730354219,4.200135307218867,0.15200000000000008,24.695941667476422
2024-11-04 18:14:57,4.20014845073686,0.152,27.13035904417916,4.200155022496333,0.15200000000000008,24.753687387651564
2024-11-04 18:14:57,4.199819862778808,0.151,23.469396624933097,4.200148450737178,0.15196000000000007,24.72318061357501
2024-11-04 18:14:57,4.199655568800195,0.151,24.2430730354219,4.200148450737178,0.15192000000000005,24.723180613575014
2024-11-04 18:14:57,4.200477038696013,0.151,24.2430730354219,4.200155022496368,0.15188000000000004,24.723180613575014
2024-11-04 18:14:58,4.200641332676002,0.152,25.72571420883662,4.200174737773933,0.15188000000000004,24.80069537134691
2024-11-04 18:14:58,4.200312744716299,0.152,23.469396624933097,4.200174737773932,0.15188000000000004,24.741338894835266
2024-11-04 18:14:58,4.199819862778808,0.152,21.84997632024192,4.200168166014778,0.15188000000000004,24.663824137063376
2024-11-04 18:14:58,4.200312744716299,0.152,24.9947353287605,4.200181309533121,0.15188000000000004,24.663824137063372
2024-11-04 18:14:59,4.200477038696013,0.152,25.72571420883662,4.20018788129231,0.15188000000000004,24.69347696053167
2024-11-04 18:14:59,4.200477038696013,0.152,24.2430730354219,4.200220740088143,0.15188000000000004,24.708950488741444
2024-11-04 18:14:59,4.20014845073686,0.152,22.672238853203226,4.200201024810577,0.15188000000000004,24.647880981628777
2024-11-04 18:14:59,4.200477038696013,0.152,24.2430730354219,4.200220740088111,0.15188000000000004,24.679297665273147
2024-11-04 18:15:00,4.199984156757696,0.152,26.437220450515156,4.200201024810578,0.15188000000000007,24.693527790106717
2024-11-04 18:15:00,4.20014845073686,0.152,25.72571420883662,4.200201024810578,0.15188000000000007,24.723180613575003
2024-11-04 18:15:00,4.20014845073686,0.152,24.2430730354219,4.200201024810578,0.15188000000000007,24.738654141784785
2024-11-04 18:15:00,4.200312744716299,0.152,24.2430730354219,4.200207596569755,0.15188000000000004,24.72362089591801
2024-11-04 18:15:01,4.200641332676002,0.152,25.72571420883662,4.200227311847321,0.15188000000000004,24.738240473519536
2024-11-04 18:15:01,4.200312744716299,0.151,25.72571420883662,4.200227311847321,0.15184000000000003,24.75286005112106
2024-11-04 18:15:01,4.20014845073686,0.151,24.9947353287605,4.200240455365643,0.15180000000000002,24.752860051121058
2024-11-04 18:15:02,4.20014845073686,0.151,24.2430730354219,4.200247027124809,0.15176,24.73782680525429
2024-11-04 18:15:02,4.199984156757696,0.151,24.9947353287605,4.200227311847277,0.15172000000000002,24.737826805254286
2024-11-04 18:15:02,4.199819862778808,0.151,26.437220450515156,4.2002075965697765,0.15168000000000004,24.72396403338101
2024-11-04 18:15:02,4.200312744716299,0.152,24.9947353287605,4.2002207400881195,0.15168000000000004,24.709344455779487
2024-11-04 18:15:03,4.199984156757696,0.152,26.437220450515156,4.200201024810587,0.15168000000000004,24.668778959370528
2024-11-04 18:15:03,4.199819862778808,0.151,25.72571420883662,4.200181309533088,0.15164,24.713905311048602
2024-11-04 18:15:03,4.200312744716299,0.151,24.2430730354219,4.2001878812922655,0.15159999999999998,24.698872065181835
2024-11-04 18:15:03,4.200477038696013,0.151,24.9947353287605,4.200214168328954,0.15159999999999998,24.69887206518183
2024-11-04 18:15:04,4.199984156757696,0.151,24.9947353287605,4.200227311847254,0.15159999999999996,24.729378839258384
2024-11-04 18:15:04,4.200477038696013,0.151,22.672238853203226,4.200227311847255,0.15159999999999996,24.713435683823782
2024-11-04 18:15:04,4.200641332676002,0.151,24.2430730354219,4.2002273118472555,0.15155999999999994,24.728909212033553
2024-11-04 18:15:04,4.200312744716299,0.151,22.672238853203226,4.200227311847255,0.15151999999999993,24.667839704920898
2024-11-04 18:15:05,4.200312744716299,0.151,23.469396624933097,4.200247027124753,0.15147999999999992,24.637332930844345
2024-11-04 18:15:05,4.199984156757696,0.151,24.9947353287605,4.20023388360641,0.1514399999999999,24.622713353242826
2024-11-04 18:15:05,4.200805626656267,0.151,25.72571420883662,4.20024702712482,0.15139999999999987,24.63733293084434
2024-11-04 18:15:05,4.199984156757696,0.152,25.72571420883662,4.2002273118472875,0.15139999999999987,24.63733293084434
2024-11-04 18:15:06,4.199819862778808,0.152,23.469396624933097,4.200214168328966,0.1513999999999999,24.606826156767788
2024-11-04 18:15:06,4.200312744716299,0.151,24.9947353287605,4.200207596569776,0.1513599999999999,24.60682615676779
2024-11-04 18:15:06,4.20014845073686,0.151,24.2430730354219,4.200214168328943,0.1513199999999999,24.577173333299502
2024-11-04 18:15:06,4.200312744716299,0.151,24.2430730354219,4.200220740088119,0.15127999999999991,24.562140087432727
2024-11-04 18:15:07,4.200312744716299,0.151,25.72571420883662,4.2002273118472955,0.15123999999999993,24.623209594545386
2024-11-04 18:15:07,4.20014845073686,0.151,25.72571420883662,4.200220740088119,0.1511999999999999,24.608979469711823
2024-11-04 18:15:07,4.20014845073686,0.151,25.72571420883662,4.2002010248105535,0.15115999999999988,24.623599047313338
2024-11-04 18:15:07,4.200641332676002,0.151,24.2430730354219,4.200214168328942,0.15115999999999988,24.671460981616942
2024-11-04 18:15:08,4.200312744716299,0.151,24.9947353287605,4.2002207400881195,0.15115999999999988,24.686494227483717
2024-11-04 18:15:08,4.200477038696013,0.151,24.2430730354219,4.200233883606486,0.15115999999999988,24.64261127918185
2024-11-04 18:15:08,4.20014845073686,0.151,24.2430730354219,4.200240455365653,0.15115999999999988,24.658084807391624
2024-11-04 18:15:08,4.200477038696013,0.151,24.2430730354219,4.200266742402341,0.15115999999999988,24.673558335601406
2024-11-04 18:15:09,4.20014845073686,0.151,21.84997632024192,4.200260170643165,0.1511199999999999,24.657113084942175
2024-11-04 18:15:09,4.20014845073686,0.151,24.9947353287605,4.200266742402332,0.15107999999999988,24.65711308494218
2024-11-04 18:15:09,4.20014845073686,0.151,24.9947353287605,4.200279885920654,0.15107999999999988,24.672146330808957
2024-11-04 18:15:09,4.200312744716299,0.151,24.9947353287605,4.200279885920653,0.15107999999999988,24.629433856500583
2024-11-04 18:15:10,4.199491274821859,0.151,24.9947353287605,4.200240455365688,0.15107999999999988,24.65994063057713
2024-11-04 18:15:10,4.20014845073686,0.151,23.469396624933097,4.200247027124854,0.15107999999999988,24.644467102367354
2024-11-04 18:15:10,4.199984156757696,0.151,24.9947353287605,4.200227311847321,0.15107999999999985,24.659500348234122
2024-11-04 18:15:10,4.20014845073686,0.151,24.2430730354219,4.200207596569755,0.15107999999999985,24.62984752476583
2024-11-04 18:15:11,4.199984156757696,0.151,24.9947353287605,4.200194453051411,0.15107999999999985,24.660354298842375
2024-11-04 18:15:11,4.20014845073686,0.151,23.469396624933097,4.2001878812922335,0.15107999999999985,24.6927427049362
2024-11-04 18:15:11,4.200641332676002,0.151,24.9947353287605,4.200214168328966,0.15107999999999985,24.6927427049362
2024-11-04 18:15:11,4.200477038696013,0.151,23.469396624933097,4.200201024810556,0.15107999999999985,24.64761635325813
2024-11-04 18:15:12,4.199819862778808,0.151,24.2430730354219,4.200194453051401,0.15103999999999987,24.64761635325813
2024-11-04 18:15:12,4.199491274821859,0.151,26.437220450515156,4.200181309533123,0.15099999999999986,24.722915985204374
2024-11-04 18:15:12,4.199655568800195,0.151,24.9947353287605,4.200155022496478,0.15099999999999986,24.737949231071138
2024-11-04 18:15:12,4.200641332676002,0.151,25.72571420883662,4.200174737774045,0.15099999999999986,24.723719106237567
2024-11-04 18:15:13,4.200477038696013,0.151,24.2430730354219,4.200181309533234,0.15099999999999986,24.694066282769278
2024-11-04 18:15:13,4.199984156757696,0.151,25.72571420883662,4.2001681660148895,0.15099999999999986,24.723719106237578
2024-11-04 18:15:13,4.200312744716299,0.151,24.9947353287605,4.200174737774066,0.15099999999999986,24.738752352104353
2024-11-04 18:15:13,4.200477038696013,0.151,24.2430730354219,4.200187881292433,0.15099999999999986,24.709099528636052
2024-11-04 18:15:14,4.200312744716299,0.151,25.72571420883662,4.200174737774043,0.15099999999999986,24.709099528636052
2024-11-04 18:15:14,4.200641332676002,0.151,24.2430730354219,4.2001878812924325,0.15099999999999986,24.694066282769285
2024-11-04 18:15:14,4.200477038696013,0.15,22.672238853203226,4.2001878812924325,0.15095999999999987,24.662649599124908
2024-11-04 18:15:14,4.199984156757696,0.15,24.2430730354219,4.200181309533265,0.1509199999999999,24.64761635325813
2024-11-04 18:15:15,4.200477038696013,0.15,25.72571420883662,4.200181309533266,0.15087999999999993,24.63338622842456
2024-11-04 18:15:15,4.199984156757696,0.15,24.9947353287605,4.200174737774098,0.15083999999999995,24.633386228424566
2024-11-04 18:15:15,4.199984156757696,0.15,24.2430730354219,4.200168166014931,0.15079999999999996,24.5895032801227
2024-11-04 18:15:15,4.200312744716299,0.15,23.469396624933097,4.200174737774109,0.15075999999999998,24.54437692844463
2024-11-04 18:15:16,4.199984156757696,0.15,23.469396624933097,4.200161594255765,0.15072000000000002,24.52890340023485
2024-11-04 18:15:16,4.200312744716299,0.151,24.9947353287605,4.200194453051542,0.15072000000000002,24.528903400234846
2024-11-04 18:15:16,4.200312744716299,0.151,23.469396624933097,4.2002010248107196,0.15072000000000002,24.4983966261583
2024-11-04 18:15:17,4.200641332676002,0.151,25.72571420883662,4.200227311847452,0.15072000000000002,24.559466133270963
2024-11-04 18:15:17,4.200312744716299,0.151,24.9947353287605,4.200233883606629,0.15072000000000002,24.574499379137738
2024-11-04 18:15:17,4.199984156757696,0.151,23.469396624933097,4.200233883606628,0.15072000000000002,24.59044253457234
2024-11-04 18:15:17,4.200805626656267,0.151,24.2430730354219,4.200260170643404,0.15072,24.60591606278211
2024-11-04 18:15:18,4.200312744716299,0.151,23.469396624933097,4.200247027125015,0.15071999999999997,24.575409288705558
2024-11-04 18:15:18,4.199491274821859,0.151,23.469396624933097,4.20020759657005,0.15071999999999997,24.53028293702749
2024-11-04 18:15:18,4.199984156757696,0.15,23.469396624933097,4.200214168329206,0.15067999999999995,24.485156585349422
2024-11-04 18:15:18,4.200312744716299,0.15,24.9947353287605,4.200247027124983,0.15063999999999997,24.515663359425968
2024-11-04 18:15:19,4.20014845073686,0.151,24.9947353287605,4.200266742402451,0.15063999999999994,24.51566335942597
2024-11-04 18:15:19,4.199984156757696,0.151,24.9947353287605,4.200240455365718,0.15063999999999994,24.530696605292743
2024-11-04 18:15:19,4.199819862778808,0.151,25.72571420883662,4.20021416832903,0.15063999999999994,24.560349428761036
2024-11-04 18:15:19,4.20014845073686,0.151,26.437220450515156,4.200220740088198,0.1506399999999999,24.574579553594603
2024-11-04 18:15:20,4.200312744716299,0.151,21.84997632024192,4.200220740088197,0.1506399999999999,24.497064795822713
2024-11-04 18:15:20,4.20014845073686,0.15,25.72571420883662,4.200207596569831,0.15059999999999993,24.49706479582271
2024-11-04 18:15:20,4.200312744716299,0.15,24.9947353287605,4.200207596569831,0.15055999999999994,24.512098041689484
2024-11-04 18:15:20,4.200312744716299,0.15,23.469396624933097,4.2001944530514415,0.15051999999999996,24.481591267612938
2024-11-04 18:15:21,4.200641332676002,0.151,27.13035904417916,4.200201024810641,0.15055999999999994,24.53933698778808
2024-11-04 18:15:21,4.20014845073686,0.151,24.9947353287605,4.2002075965698085,0.15059999999999996,24.554370233654854
2024-11-04 18:15:21,4.199984156757696,0.151,24.2430730354219,4.200187881292276,0.15063999999999994,24.554370233654858
2024-11-04 18:15:21,4.200477038696013,0.151,23.469396624933097,4.2002075965698085,0.15067999999999995,24.586758639748677
2024-11-04 18:15:22,4.199984156757696,0.151,23.469396624933097,4.2002075965698085,0.15071999999999994,24.556251865672124
2024-11-04 18:15:22,4.20014845073686,0.15,24.2430730354219,4.200201024810632,0.15071999999999997,24.54121861980536
2024-11-04 18:15:22,4.200477038696013,0.15,21.84997632024192,4.200220740088166,0.15071999999999997,24.478323439634988
2024-11-04 18:15:22,4.200477038696013,0.151,23.469396624933097,4.200227311847355,0.15071999999999997,24.447816665558438
2024-11-04 18:15:23,4.200641332676002,0.151,24.2430730354219,4.200240455365743,0.15071999999999997,24.463290193768216
2024-11-04 18:15:23,4.200477038696013,0.15,23.469396624933097,4.200233883606545,0.15067999999999995,24.432783419691667
2024-11-04 18:15:23,4.200312744716299,0.15,23.469396624933097,4.200233883606544,0.15063999999999997,24.417309891481885
2024-11-04 18:15:23,4.20014845073686,0.15,26.437220450515156,4.2002404553657104,0.15059999999999998,24.44615959391698
2024-11-04 18:15:24,4.199819862778808,0.15,24.2430730354219,4.200201024810612,0.15056,24.461633122126756
2024-11-04 18:15:24,4.200477038696013,0.15,21.84997632024192,4.2002075965698005,0.15052000000000004,24.398737941956387
2024-11-04 18:15:24,4.200805626656267,0.15,25.72571420883662,4.200260170643177,0.15048000000000006,24.44386429363445
2024-11-04 18:15:24,4.200641332676002,0.15,24.9947353287605,4.200286457679909,0.15048000000000006,24.458897539501226
2024-11-04 18:15:25,4.20014845073686,0.15,25.72571420883662,4.2002798859207315,0.15048000000000006,24.444667414667656
2024-11-04 18:15:25,4.200312744716299,0.15,23.469396624933097,4.2002864576799075,0.15044000000000007,24.414160640591113
2024-11-04 18:15:25,4.20014845073686,0.15,24.2430730354219,4.200293029439074,0.1504000000000001,24.38450781712282
2024-11-04 18:15:25,4.200312744716299,0.15,24.2430730354219,4.200312744716572,0.1503600000000001,24.384507817122817
2024-11-04 18:15:26,4.200312744716299,0.15,24.2430730354219,4.20031931647575,0.15032000000000012,24.354854993654527
2024-11-04 18:15:26,4.20014845073686,0.15,23.469396624933097,4.200312744716572,0.15028000000000014,24.324348219577974
2024-11-04 18:15:26,4.200312744716299,0.15,25.72571420883662,4.200319316475749,0.15028000000000014,24.354001043046274
2024-11-04 18:15:26,4.200805626656267,0.15,24.2430730354219,4.200339031753348,0.15028000000000014,24.324348219577974
2024-11-04 18:15:27,4.200641332676002,0.15,25.72571420883662,4.200352175271736,0.15028000000000014,24.354001043046274
2024-11-04 18:15:27,4.200312744716299,0.15,26.437220450515156,4.200339031753348,0.15024000000000012,24.42930067499251
2024-11-04 18:15:27,4.200969920636808,0.15,24.9947353287605,4.200371890549345,0.15020000000000014,24.444333920859286
2024-11-04 18:15:27,4.200477038696013,0.15,25.72571420883662,4.200391605826879,0.15016000000000015,24.44433392085929
2024-11-04 18:15:28,4.199819862778808,0.15,24.2430730354219,4.200365318790191,0.15012000000000014,24.429300674992515
2024-11-04 18:15:28,4.200477038696013,0.15,24.2430730354219,4.200385034067725,0.15008000000000013,24.42930067499252
2024-11-04 18:15:28,4.200312744716299,0.15,26.437220450515156,4.200391605826902,0.15008000000000013,24.488657151504157
2024-11-04 18:15:28,4.200312744716299,0.15,23.469396624933097,4.200385034067714,0.15008000000000013,24.488657151504153
2024-11-04 18:15:29,4.199655568800195,0.15,24.2430730354219,4.200352175271881,0.15004000000000015,24.47362390563738
2024-11-04 18:15:29,4.200969920636808,0.15,24.9947353287605,4.200365318790313,0.15000000000000013,24.50413067971393
2024-11-04 18:15:29,4.20014845073686,0.15,25.72571420883662,4.200352175271946,0.15000000000000013,24.504130679713935
2024-11-04 18:15:29,4.200312744716299,0.15,23.469396624933097,4.200352175271946,0.15000000000000013,24.473623905637382
2024-11-04 18:15:30,4.20014845073686,0.15,24.9947353287605,4.200352175271946,0.15000000000000013,24.504130679713924
2024-11-04 18:15:30,4.20014845073686,0.15,25.72571420883662,4.2003653187902685,0.15000000000000013,24.53378350318222
2024-11-04 18:15:30,4.199984156757696,0.15,24.2430730354219,4.200345603512735,0.15000000000000013,24.549257031391996
2024-11-04 18:15:30,4.200969920636808,0.15,24.9947353287605,4.200352175271956,0.15000000000000013,24.579763805468538
2024-11-04 18:15:31,4.200477038696013,0.15,24.2430730354219,4.200345603512757,0.15000000000000013,24.59523733367832
2024-11-04 18:15:31,4.20014845073686,0.15,23.469396624933097,4.2003456035127575,0.15000000000000013,24.564730559601767
2024-11-04 18:15:31,4.200477038696013,0.15,24.2430730354219,4.200352175271948,0.15000000000000013,24.549697313735
2024-11-04 18:15:31,4.199984156757696,0.15,23.469396624933097,4.200345603512781,0.15000000000000013,24.519190539658457
2024-11-04 18:15:32,4.200969920636808,0.15,23.469396624933097,4.200371890549601,0.15000000000000013,24.474064187980378
2024-11-04 18:15:32,4.200477038696013,0.15,26.437220450515156,4.20037846230879,0.15000000000000013,24.474064187980385
2024-11-04 18:15:32,4.20014845073686,0.15,24.2430730354219,4.20037846230879,0.15000000000000013,24.52192612228398
2024-11-04 18:15:32,4.200477038696013,0.15,24.2430730354219,4.20038503406798,0.15000000000000013,24.49227329881569
2024-11-04 18:15:33,4.200312744716299,0.15,24.2430730354219,4.20036531879038,0.15000000000000013,24.477240052948915
2024-11-04 18:15:33,4.200312744716299,0.15,21.84997632024192,4.200352175271993,0.15000000000000013,24.444851646855096
2024-11-04 18:15:33,4.200477038696013,0.15,24.9947353287605,4.200358747031181,0.15000000000000013,24.40213917254672
2024-11-04 18:15:33,4.200312744716299,0.15,23.469396624933097,4.2003324599943594,0.15000000000000013,24.371632398470172
2024-11-04 18:15:34,4.200312744716299,0.15,26.437220450515156,4.20032588823517,0.15000000000000013,24.415515346772043
2024-11-04 18:15:34,4.20014845073686,0.15,24.9947353287605,4.200339031753492,0.15000000000000013,24.44602212084859
2024-11-04 18:15:34,4.200641332676002,0.15,22.672238853203226,4.200345603512693,0.15000000000000013,24.430078965413987
2024-11-04 18:15:34,4.200805626656267,0.15,26.437220450515156,4.200365318790291,0.15000000000000013,24.473961913715858
2024-11-04 18:15:35,4.200477038696013,0.15,22.672238853203226,4.200371890549479,0.15000000000000013,24.49040716437508
2024-11-04 18:15:35,4.200477038696013,0.15,24.2430730354219,4.200404749345312,0.15000000000000013,24.50588069258486
2024-11-04 18:15:35,4.200805626656267,0.15,25.72571420883662,4.200398177586091,0.15000000000000013,24.535533516053146
2024-11-04 18:15:35,4.200641332676002,0.15,27.13035904417916,4.2004178928636575,0.15000000000000013,24.608752764438073
2024-11-04 18:15:36,4.200312744716299,0.15,21.84997632024192,4.200417892863657,0.15000000000000013,24.576364358344243
2024-11-04 18:15:36,4.200477038696013,0.15,24.9947353287605,4.200431036382024,0.15000000000000013,24.54751465590915
2024-11-04 18:15:36,4.200312744716299,0.15,25.72571420883662,4.200437608141201,0.15000000000000013,24.57716747937745
2024-11-04 18:15:36,4.200641332676002,0.15,27.13035904417916,4.200463895177934,0.15000000000000013,24.68277513385619
2024-11-04 18:15:37,4.200477038696013,0.15,24.9947353287605,4.200444179900303,0.15000000000000013,24.668155556254668
2024-11-04 18:15:37,4.200805626656267,0.15,21.84997632024192,4.200457323418712,0.15000000000000013,24.605260376084303
2024-11-04 18:15:37,4.200312744716299,0.15,23.469396624933097,4.200463895177888,0.15000000000000013,24.560134024406235
2024-11-04 18:15:37,4.200312744716299,0.15,26.437220450515156,4.2004573234187,0.15000000000000013,24.619490500917863
2024-11-04 18:15:38,4.200477038696013,0.15,25.72571420883662,4.200477038696232,0.15000000000000013,24.64914332438617
2024-11-04 18:15:38,4.200477038696013,0.15,23.469396624933097,4.2004573234186005,0.15000000000000013,24.633669796176388
2024-11-04 18:15:38,4.200312744716299,0.15,22.672238853203226,4.200450751659411,0.15000000000000013,24.602253112532008
2024-11-04 18:15:38,4.200312744716299,0.149,23.469396624933097,4.200457323418588,0.14996000000000012,24.60225311253201
2024-11-04 18:15:39,4.200805626656267,0.149,22.672238853203226,4.2004704669369985,0.1499200000000001,24.541183605419338
2024-11-04 18:15:39,4.200477038696013,0.149,24.9947353287605,4.200477038696187,0.1498800000000001,24.556216851286113
2024-11-04 18:15:39,4.199819862778808,0.149,23.469396624933097,4.2004573234186875,0.14984000000000008,24.511090499608045
2024-11-04 18:15:39,4.200477038696013,0.15,26.437220450515156,4.200457323418688,0.14984000000000008,24.511090499608045
2024-11-04 18:15:40,4.200477038696013,0.15,23.469396624933097,4.200463895177878,0.14984000000000008,24.480583725531492
2024-11-04 18:15:40,4.200312744716299,0.15,24.9947353287605,4.200463895177878,0.14984000000000008,24.46596414792997
2024-11-04 18:15:40,4.200477038696013,0.15,21.84997632024192,4.200477038696244,0.14984000000000008,24.418102213626376
2024-11-04 18:15:40,4.200477038696013,0.15,24.9947353287605,4.200470466937044,0.14984000000000008,24.43313545949314
2024-11-04 18:15:41,4.200312744716299,0.15,22.672238853203226,4.200450751659445,0.14984000000000008,24.3578358275469
2024-11-04 18:15:41,4.20014845073686,0.15,25.72571420883662,4.20043760814108,0.14984000000000008,24.40296217922498
2024-11-04 18:15:41,4.200969920636808,0.15,25.72571420883662,4.2004573234187115,0.14984000000000008,24.432615002693275
2024-11-04 18:15:41,4.200477038696013,0.15,23.469396624933097,4.200444179900301,0.1498400000000001,24.402108228616722
2024-11-04 18:15:42,4.200641332676002,0.15,26.437220450515156,4.200444179900302,0.1498400000000001,24.416338353450282
2024-11-04 18:15:42,4.200969920636808,0.15,26.437220450515156,4.200470466937121,0.14984000000000014,24.47569482996193
2024-11-04 18:15:42,4.200312744716299,0.15,24.9947353287605,4.200463895177932,0.14984000000000017,24.475694829961935
2024-11-04 18:15:42,4.200477038696013,0.15,24.9947353287605,4.200470466937121,0.14984000000000017,24.461075252360406
2024-11-04 18:15:43,4.200312744716299,0.15,25.72571420883662,4.200457323418732,0.14984000000000017,24.490728075828702
2024-11-04 18:15:43,4.200641332676002,0.15,24.9947353287605,4.200463895177932,0.14984000000000014,24.490728075828706
2024-11-04 18:15:43,4.200805626656267,0.15,26.437220450515156,4.200463895177932,0.14984000000000014,24.534611024130573
2024-11-04 18:15:43,4.20014845073686,0.15,24.9947353287605,4.200457323418755,0.14984000000000014,24.565117798207115
2024-11-04 18:15:44,4.200312744716299,0.15,23.469396624933097,4.200457323418755,0.14984000000000014,24.549644269997344
2024-11-04 18:15:44,4.200805626656267,0.15,24.2430730354219,4.200470466937165,0.14984000000000014,24.565117798207115
2024-11-04 18:15:44,4.200641332676002,0.149,25.72571420883662,4.200477038696364,0.14980000000000013,24.610244149885194
2024-11-04 18:15:44,4.200641332676002,0.149,23.469396624933097,4.200490182214753,0.14976000000000012,24.55088767337355
2024-11-04 18:15:45,4.200477038696013,0.149,24.9947353287605,4.200496753973942,0.1497600000000001,24.565920919240327
2024-11-04 18:15:45,4.200641332676002,0.15,24.9947353287605,4.2004901822147325,0.1498000000000001,24.5809541651071
2024-11-04 18:15:45,4.200477038696013,0.15,27.13035904417916,4.2004901822147325,0.14984000000000008,24.63869988528224
2024-11-04 18:15:45,4.200477038696013,0.15,24.9947353287605,4.200516469251421,0.1498800000000001,24.701595065452608
2024-11-04 18:15:46,4.200805626656267,0.15,26.437220450515156,4.200529612769831,0.1498800000000001,24.730444767887704
2024-11-04 18:15:46,4.200641332676002,0.15,25.72571420883662,4.200536184529032,0.1498800000000001,24.775571119565765
2024-11-04 18:15:46,4.20014845073686,0.15,24.9947353287605,4.200529612769854,0.1498800000000001,24.746721417130672
2024-11-04 18:15:46,4.200477038696013,0.15,24.2430730354219,4.200529612769854,0.1498800000000001,24.73168817126391
2024-11-04 18:15:47,4.200641332676002,0.149,24.9947353287605,4.200536184529054,0.14984000000000008,24.778138100775053
2024-11-04 18:15:47,4.200312744716299,0.149,23.469396624933097,4.200536184529053,0.14980000000000007,24.71878162426341
2024-11-04 18:15:47,4.200312744716299,0.149,25.72571420883662,4.20054275628823,0.1497600000000001,24.779851131376073
2024-11-04 18:15:47,4.200641332676002,0.15,22.672238853203226,4.200529612769797,0.1497600000000001,24.7484344477317
2024-11-04 18:15:48,4.200641332676002,0.15,24.9947353287605,4.200536184528997,0.14976000000000012,24.733814870130182
2024-11-04 18:15:48,4.201134214617624,0.149,26.437220450515156,4.200555899806661,0.1497200000000001,24.719952098256908
2024-11-04 18:15:48,4.200477038696013,0.149,24.9947353287605,4.200536184529029,0.1496800000000001,24.782847278427283
2024-11-04 18:15:48,4.200969920636808,0.15,24.9947353287605,4.200562471565848,0.1496800000000001,24.78284727842728
2024-11-04 18:15:49,4.200477038696013,0.15,24.2430730354219,4.200562471565849,0.14968000000000006,24.75319445495898
2024-11-04 18:15:49,4.20014845073686,0.15,24.2430730354219,4.200555899806671,0.14968000000000006,24.69544873478384
2024-11-04 18:15:49,4.200805626656267,0.149,24.9947353287605,4.200562471565881,0.14964000000000005,24.695448734783835
2024-11-04 18:15:49,4.200477038696013,0.149,24.2430730354219,4.200549328047473,0.14960000000000004,24.743310669087432
2024-11-04 18:15:50,4.200477038696013,0.149,22.672238853203226,4.200562471565839,0.14956000000000005,24.72736751365284
2024-11-04 18:15:50,4.200969920636808,0.149,23.469396624933097,4.200588758602659,0.14952000000000004,24.6680110371412
2024-11-04 18:15:50,4.200805626656267,0.149,26.437220450515156,4.200588758602659,0.14948000000000006,24.682241161974773
2024-11-04 18:15:50,4.20014845073686,0.149,24.2430730354219,4.2005690433250935,0.14948000000000003,24.697714690184544
2024-11-04 18:15:51,4.200805626656267,0.149,23.469396624933097,4.200575615084303,0.14948000000000003,24.713657845619146
2024-11-04 18:15:51,4.200805626656267,0.149,27.80614130216054,4.200588758602715,0.14948000000000003,24.80039273916369
2024-11-04 18:15:51,4.200805626656267,0.149,24.2430730354219,4.200595330361924,0.14944000000000002,24.831809422808067
2024-11-04 18:15:51,4.200312744716299,0.149,24.9947353287605,4.200588758602735,0.1494,24.831809422808075
2024-11-04 18:15:52,4.200805626656267,0.149,25.72571420883662,4.200601902121145,0.14936,24.87693577448614
2024-11-04 18:15:52,4.200641332676002,0.149,24.2430730354219,4.200595330361934,0.14931999999999998,24.83305282618427
2024-11-04 18:15:52,4.199819862778808,0.149,25.72571420883662,4.200562471566046,0.14928,24.87817917786235
2024-11-04 18:15:52,4.200641332676002,0.149,23.469396624933097,4.200582186843612,0.14923999999999998,24.847672403785797
2024-11-04 18:15:53,4.200805626656267,0.149,21.84997632024192,4.200595330362023,0.1492,24.8476724037858
2024-11-04 18:15:53,4.200477038696013,0.149,23.469396624933097,4.200588758602823,0.1492,24.817165629709248
2024-11-04 18:15:53,4.200641332676002,0.149,26.437220450515156,4.200601902121212,0.1492,24.892465261655488
2024-11-04 18:15:53,4.200641332676002,0.149,23.469396624933097,4.200615045639601,0.1492,24.84733890997742
2024-11-04 18:15:54,4.200641332676002,0.149,23.469396624933097,4.200615045639601,0.14916000000000001,24.802212558299342
2024-11-04 18:15:54,4.20014845073686,0.149,24.2430730354219,4.200595330362037,0.14912,24.817686086509124
2024-11-04 18:15:54,4.201134214617624,0.149,23.469396624933097,4.200595330362036,0.14912,24.75832960999747
2024-11-04 18:15:54,4.200805626656267,0.149,26.437220450515156,4.200608473880446,0.14912,24.75832960999748
2024-11-04 18:15:55,4.200312744716299,0.149,25.72571420883662,4.200582186843625,0.14908000000000002,24.772949187598996
2024-11-04 18:15:55,4.200477038696013,0.149,24.2430730354219,4.200582186843625,0.14904,24.757915941732232
2024-11-04 18:15:55,4.201134214617624,0.149,26.437220450515156,4.200621617398855,0.149,24.772146066565792
2024-11-04 18:15:55,4.200641332676002,0.149,24.9947353287605,4.200615045639644,0.149,24.772146066565796
2024-11-04 18:15:56,4.201134214617624,0.149,25.72571420883662,4.200641332676508,0.149,24.757915941732225
2024-11-04 18:15:56,4.200805626656267,0.149,24.2430730354219,4.200654476194917,0.149,24.74288269586546
2024-11-04 18:15:56,4.20014845073686,0.149,24.2430730354219,4.2006216173989195,0.149,24.758356224075232
2024-11-04 18:15:56,4.200805626656267,0.149,25.72571420883662,4.2006216173989195,0.149,24.78800904754353
2024-11-04 18:15:57,4.200641332676002,0.149,25.72571420883662,4.2006413326764855,0.149,24.78800904754353
2024-11-04 18:15:57,4.200641332676002,0.149,24.2430730354219,4.200634760917276,0.149,24.8034825757533
2024-11-04 18:15:57,4.201134214617624,0.149,27.13035904417916,4.20064790443573,0.149,24.846195050061677
2024-11-04 18:15:57,4.200477038696013,0.149,24.9947353287605,4.20063476091732,0.149,24.846195050061674
2024-11-04 18:15:58,4.200641332676002,0.149,24.2430730354219,4.2006479044357095,0.149,24.788449329886536
2024-11-04 18:15:58,4.200641332676002,0.148,24.2430730354219,4.200641332676499,0.14895999999999998,24.773416084019757
2024-11-04 18:15:58,4.200805626656267,0.148,25.72571420883662,4.2006479044357095,0.14891999999999997,24.759185959186198
2024-11-04 18:15:58,4.200477038696013,0.149,24.9947353287605,4.200674191472398,0.14891999999999997,24.74456638158467
2024-11-04 18:15:59,4.200312744716299,0.149,24.9947353287605,4.20066104795401,0.14891999999999997,24.744566381584672
2024-11-04 18:15:59,4.200312744716299,0.148,24.9947353287605,4.20064133267641,0.14887999999999996,24.759599627451447
2024-11-04 18:15:59,4.200312744716299,0.148,23.469396624933097,4.200634760917221,0.14883999999999994,24.729092853374894
2024-11-04 18:15:59,4.200805626656267,0.148,24.9947353287605,4.2006413326764305,0.14879999999999993,24.75959962745144
2024-11-04 18:16:00,4.200477038696013,0.148,24.2430730354219,4.200634760917232,0.14875999999999992,24.729946803983147
2024-11-04 18:16:00,4.200641332676002,0.148,24.9947353287605,4.200634760917231,0.1487199999999999,24.7763967334943
2024-11-04 18:16:00,4.200477038696013,0.148,25.72571420883662,4.2006479044355975,0.1486799999999999,24.791016311095817
2024-11-04 18:16:00,4.200477038696013,0.148,22.672238853203226,4.200621617398733,0.14863999999999988,24.715716679149576
2024-11-04 18:16:01,4.200477038696013,0.148,26.437220450515156,4.200608473880323,0.1485999999999999,24.744566381584672
2024-11-04 18:16:01,4.200641332676002,0.148,24.9947353287605,4.2006216173987125,0.1485599999999999,24.74456638158467
2024-11-04 18:16:01,4.200969920636808,0.148,24.9947353287605,4.200641332676343,0.14851999999999987,24.759599627451443
2024-11-04 18:16:01,4.200641332676002,0.148,23.469396624933097,4.20062161739868,0.14847999999999986,24.74412609924166
2024-11-04 18:16:02,4.200969920636808,0.148,25.72571420883662,4.200634760917112,0.14843999999999988,24.758745676843184
2024-11-04 18:16:02,4.200969920636808,0.148,24.9947353287605,4.20062818915788,0.14839999999999987,24.77377892270996
2024-11-04 18:16:02,4.200641332676002,0.148,24.2430730354219,4.200621617398668,0.14835999999999988,24.805195606354335
2024-11-04 18:16:02,4.200641332676002,0.148,25.72571420883662,4.200641332676234,0.1483199999999999,24.8503219580324
2024-11-04 18:16:03,4.200312744716299,0.148,24.9947353287605,4.200621617398634,0.14827999999999986,24.821472255597303
2024-11-04 18:16:03,4.200312744716299,0.148,23.469396624933097,4.200608473880245,0.14823999999999987,24.805998727387532
2024-11-04 18:16:03,4.200805626656267,0.148,21.84997632024192,4.200615045639455,0.1481999999999999,24.773610321293702
2024-11-04 18:16:03,4.200641332676002,0.148,24.2430730354219,4.200595330361791,0.14815999999999988,24.702348955958932
2024-11-04 18:16:04,4.200641332676002,0.149,25.72571420883662,4.200601902120991,0.1481599999999999,24.73200177942723
2024-11-04 18:16:04,4.200805626656267,0.149,26.437220450515156,4.200608473880202,0.1481599999999999,24.76085148186233
2024-11-04 18:16:04,4.200805626656267,0.149,25.72571420883662,4.200615045639413,0.14819999999999992,24.760851481862318
2024-11-04 18:16:04,4.200641332676002,0.149,24.2430730354219,4.2006084738802025,0.14823999999999993,24.760851481862325
2024-11-04 18:16:05,4.200477038696013,0.149,23.469396624933097,4.2006084738802025,0.14823999999999996,24.715725130184254
2024-11-04 18:16:05,4.200969920636808,0.148,24.9947353287605,4.200634760917023,0.14819999999999994,24.7462319042608
2024-11-04 18:16:05,4.200969920636808,0.148,24.9947353287605,4.200661047953844,0.14819999999999994,24.809127084431175
2024-11-04 18:16:05,4.200805626656267,0.148,25.72571420883662,4.200680763231443,0.14819999999999994,24.85425343610924
2024-11-04 18:16:06,4.20014845073686,0.149,23.469396624933097,4.200654476194666,0.14823999999999996,24.794896959597594
2024-11-04 18:16:06,4.200312744716299,0.149,24.9947353287605,4.200647904435476,0.14827999999999997,24.825403733674147
2024-11-04 18:16:06,4.200641332676002,0.149,24.2430730354219,4.200647904435476,0.14831999999999998,24.84087726188392
2024-11-04 18:16:06,4.200477038696013,0.149,23.469396624933097,4.200647904435476,0.14836,24.825403733674147
2024-11-04 18:16:07,4.200312744716299,0.149,25.72571420883662,4.2006413326762875,0.14839999999999998,24.87053008535221
2024-11-04 18:16:07,4.200641332676002,0.148,25.72571420883662,4.2006479044354865,0.14839999999999998,24.856299960518637
2024-11-04 18:16:07,4.200969920636808,0.148,24.2430730354219,4.2006610479539175,0.14839999999999995,24.826647137050344
2024-11-04 18:16:07,4.200641332676002,0.148,24.9947353287605,4.200647904435487,0.14839999999999992,24.84168038291712
2024-11-04 18:16:08,4.200641332676002,0.148,24.9947353287605,4.200647904435488,0.14839999999999992,24.812830680482033
2024-11-04 18:16:08,4.200641332676002,0.148,24.9947353287605,4.2006347609170565,0.14839999999999992,24.81283068048203
2024-11-04 18:16:08,4.200969920636808,0.148,24.2430730354219,4.2006347609170565,0.14839999999999992,24.78317785701373
2024-11-04 18:16:08,4.200969920636808,0.148,23.469396624933097,4.200647904435488,0.14839999999999992,24.76770432880396
2024-11-04 18:16:09,4.200477038696013,0.148,24.2430730354219,4.200641332676289,0.14839999999999992,24.767704328803962
2024-11-04 18:16:09,4.200805626656267,0.148,24.9947353287605,4.200661047953887,0.14839999999999992,24.753084751202437
2024-11-04 18:16:09,4.200477038696013,0.148,22.672238853203226,4.200667619713077,0.1483999999999999,24.69201524408977
2024-11-04 18:16:09,4.200805626656267,0.148,24.2430730354219,4.200667619713077,0.14839999999999987,24.69201524408977
2024-11-04 18:16:10,4.200477038696013,0.148,23.469396624933097,4.2006610479538775,0.14839999999999987,24.61879599570485
2024-11-04 18:16:10,4.200312744716299,0.148,22.672238853203226,4.200647904435488,0.14835999999999985,24.572346066193703
2024-11-04 18:16:10,4.200641332676002,0.148,26.437220450515156,4.200641332676278,0.14831999999999987,24.616229014495573
2024-11-04 18:16:10,4.200805626656267,0.148,25.72571420883662,4.200641332676277,0.14827999999999986,24.645881837963863
2024-11-04 18:16:11,4.201134214617624,0.148,26.437220450515156,4.2006610479539415,0.14823999999999987,24.660111962797437
2024-11-04 18:16:11,4.200969920636808,0.148,25.72571420883662,4.200680763231573,0.1481999999999999,24.674731540398962
2024-11-04 18:16:11,4.200477038696013,0.148,27.13035904417916,4.2006610479539415,0.1481999999999999,24.71744401470733
2024-11-04 18:16:11,4.200641332676002,0.148,24.9947353287605,4.2006479044355105,0.1481999999999999,24.717444014707336
2024-11-04 18:16:12,4.200312744716299,0.148,23.469396624933097,4.20062818915791,0.1481999999999999,24.71744401470733
2024-11-04 18:16:12,4.200805626656267,0.148,21.000806169342923,4.2006544761946865,0.14815999999999988,24.637565431518983
2024-11-04 18:16:12,4.201134214617624,0.148,26.437220450515156,4.200687334990738,0.14811999999999986,24.68144837982084
2024-11-04 18:16:13,4.200641332676002,0.148,24.2430730354219,4.200687334990739,0.14807999999999988,24.666415133954075
2024-11-04 18:16:13,4.200969920636808,0.148,24.9947353287605,4.20070705026837,0.14803999999999987,24.651795556352553
2024-11-04 18:16:13,4.200641332676002,0.148,24.9947353287605,4.2007201937867595,0.14799999999999988,24.698245485863705
2024-11-04 18:16:13,4.200641332676002,0.148,24.9947353287605,4.20072019378676,0.14799999999999988,24.66939578342861
2024-11-04 18:16:14,4.200805626656267,0.148,24.9947353287605,4.200713622027539,0.14799999999999988,24.669395783428605
2024-11-04 18:16:14,4.200805626656267,0.148,25.72571420883662,4.200720193786749,0.14799999999999988,24.684015361030134
2024-11-04 18:16:14,4.200641332676002,0.148,21.84997632024192,4.20072019378675,0.14799999999999988,24.651626954936305
2024-11-04 18:16:14,4.200805626656267,0.148,24.9947353287605,4.200726765545961,0.14799999999999988,24.637007377334786
2024-11-04 18:16:15,4.200969920636808,0.147,24.9947353287605,4.20072676554596,0.1479599999999999,24.63700737733478
2024-11-04 18:16:15,4.200641332676002,0.147,25.72571420883662,4.2007136220275285,0.14791999999999994,24.666660200803072
2024-11-04 18:16:15,4.200312744716299,0.148,23.469396624933097,4.200707050268339,0.14791999999999994,24.621533849125004
2024-11-04 18:16:15,4.201298508598716,0.148,25.72571420883662,4.200726765546038,0.14791999999999994,24.636153426726533
2024-11-04 18:16:16,4.20014845073686,0.148,24.9947353287605,4.200713622027671,0.14791999999999994,24.666660200803076
2024-11-04 18:16:16,4.200805626656267,0.148,23.469396624933097,4.200713622027671,0.14791999999999994,24.699048606896906
2024-11-04 18:16:16,4.200805626656267,0.148,24.9947353287605,4.20072676554608,0.14791999999999994,24.71408185276367
2024-11-04 18:16:16,4.200641332676002,0.148,23.469396624933097,4.200739909064469,0.14791999999999994,24.668955501085602
2024-11-04 18:16:17,4.200641332676002,0.148,27.80614130216054,4.200739909064469,0.14791999999999994,24.69633391811851
2024-11-04 18:16:17,4.200641332676002,0.148,23.469396624933097,4.20073333730526,0.14791999999999994,24.65120756644043
2024-11-04 18:16:17,4.200969920636808,0.148,24.2430730354219,4.200726765546026,0.14791999999999994,24.651207566440434
2024-11-04 18:16:17,4.200641332676002,0.148,24.9947353287605,4.200713622027593,0.1479199999999999,24.68171434051698
2024-11-04 18:16:18,4.200969920636808,0.148,24.9947353287605,4.200733337305226,0.14791999999999988,24.681714340516987
2024-11-04 18:16:18,4.200641332676002,0.148,23.469396624933097,4.200733337305227,0.14791999999999986,24.65120756644043
2024-11-04 18:16:18,4.200805626656267,0.148,27.13035904417916,4.200753052582826,0.14791999999999986,24.67930046314729
2024-11-04 18:16:18,4.200805626656267,0.148,24.9947353287605,4.200753052582826,0.14791999999999986,24.709807237223835
2024-11-04 18:16:19,4.200477038696013,0.148,24.9947353287605,4.200726765545961,0.14791999999999986,24.70980723722383
2024-11-04 18:16:19,4.200641332676002,0.148,25.72571420883662,4.200726765545961,0.14791999999999986,24.739460060692128
2024-11-04 18:16:19,4.200641332676002,0.148,23.469396624933097,4.2007136220275285,0.14791999999999988,24.73946006069212
2024-11-04 18:16:19,4.199819862778808,0.147,24.2430730354219,4.200680763231641,0.1478799999999999,24.70980723722383
2024-11-04 18:16:20,4.200805626656267,0.147,24.2430730354219,4.200687334990851,0.14783999999999994,24.68015441375554
2024-11-04 18:16:20,4.200641332676002,0.148,24.2430730354219,4.200680763231642,0.14783999999999994,24.680154413755545
2024-11-04 18:16:20,4.200477038696013,0.148,24.2430730354219,4.200667619713232,0.14783999999999994,24.66512116788877
2024-11-04 18:16:20,4.200969920636808,0.148,25.72571420883662,4.200680763231663,0.14783999999999994,24.6797407454903
2024-11-04 18:16:21,4.200477038696013,0.148,24.2430730354219,4.200667619713254,0.14783999999999994,24.664707499623525
2024-11-04 18:16:21,4.200641332676002,0.148,22.672238853203226,4.2006544761948215,0.14787999999999993,24.63329081597915
2024-11-04 18:16:21,4.200805626656267,0.147,23.469396624933097,4.200661047954031,0.14787999999999996,24.633290815979148
2024-11-04 18:16:21,4.200969920636808,0.147,25.72571420883662,4.2006873349908505,0.14783999999999997,24.66294363944744
2024-11-04 18:16:22,4.200477038696013,0.148,24.9947353287605,4.200654476194743,0.14783999999999997,24.662943639447445
2024-11-04 18:16:22,4.200969920636808,0.148,25.72571420883662,4.20068733499074,0.14783999999999997,24.72401314656011
2024-11-04 18:16:22,4.200969920636808,0.148,23.469396624933097,4.200693906749962,0.14783999999999994,24.708539618350336
2024-11-04 18:16:22,4.200805626656267,0.148,24.9947353287605,4.200693906749961,0.14783999999999992,24.739046392426882
2024-11-04 18:16:23,4.200805626656267,0.148,24.9947353287605,4.200700478509171,0.1478399999999999,24.78549632193803
2024-11-04 18:16:23,4.200641332676002,0.148,25.72571420883662,4.200700478509173,0.1478399999999999,24.77126619710446
2024-11-04 18:16:23,4.201134214617624,0.148,25.72571420883662,4.200720193786837,0.1478399999999999,24.77126619710446
2024-11-04 18:16:23,4.200805626656267,0.148,23.469396624933097,4.200713622027614,0.1478399999999999,24.711909720592818
2024-11-04 18:16:24,4.200969920636808,0.148,24.9947353287605,4.200726765546046,0.1478399999999999,24.69729014299129
2024-11-04 18:16:24,4.200805626656267,0.147,23.469396624933097,4.200720193786824,0.1477999999999999,24.62407089460637
2024-11-04 18:16:24,4.200641332676002,0.147,25.72571420883662,4.200720193786824,0.14775999999999992,24.63869047220789
2024-11-04 18:16:24,4.200969920636808,0.147,22.672238853203226,4.2007267655460465,0.14771999999999993,24.6227473167733
2024-11-04 18:16:25,4.200477038696013,0.147,24.9947353287605,4.200713622027637,0.14767999999999995,24.70262589996165
2024-11-04 18:16:25,4.201298508598716,0.147,24.9947353287605,4.200746480823746,0.14763999999999997,24.673776197526553
2024-11-04 18:16:25,4.200805626656267,0.147,24.2430730354219,4.2007530525829555,0.1476,24.67377619752655
2024-11-04 18:16:25,4.201627096561725,0.147,25.72571420883662,4.200792483138384,0.14756000000000002,24.688395775128075
2024-11-04 18:16:26,4.200641332676002,0.147,24.2430730354219,4.200825341934274,0.14756000000000005,24.673362529261297
2024-11-04 18:16:26,4.200477038696013,0.147,22.672238853203226,4.200812198415864,0.14756000000000008,24.626912599750156
2024-11-04 18:16:26,4.200805626656267,0.147,24.2430730354219,4.200818770175075,0.14752000000000012,24.611879353883392
2024-11-04 18:16:26,4.200805626656267,0.147,25.72571420883662,4.200831913693484,0.14748000000000014,24.611879353883396
2024-11-04 18:16:27,4.200805626656267,0.147,24.2430730354219,4.200825341934262,0.14744000000000013,24.659741288186993
2024-11-04 18:16:27,4.200805626656267,0.147,24.9947353287605,4.200838485452673,0.14740000000000011,24.659741288186996
2024-11-04 18:16:27,4.200641332676002,0.147,24.2430730354219,4.200838485452673,0.1473600000000001,24.64470804232021
2024-11-04 18:16:27,4.200641332676002,0.147,24.9947353287605,4.200831913693463,0.14736000000000007,24.630088464718693
2024-11-04 18:16:28,4.200969920636808,0.147,22.672238853203226,4.200831913693462,0.14736000000000007,24.61414530928409
2024-11-04 18:16:28,4.200641332676002,0.147,22.672238853203226,4.200838485452661,0.14732000000000006,24.553075802171424
2024-11-04 18:16:28,4.200969920636808,0.147,26.437220450515156,4.200838485452661,0.14728000000000005,24.581925504606524
2024-11-04 18:16:28,4.200312744716299,0.147,26.437220450515156,4.20081219841584,0.14724000000000004,24.641281981118162
2024-11-04 18:16:29,4.201134214617624,0.148,24.2430730354219,4.200825341934294,0.14724,24.626248735251387
2024-11-04 18:16:29,4.200477038696013,0.148,25.72571420883662,4.200812198415885,0.14724,24.671375086929466
2024-11-04 18:16:29,4.200805626656267,0.147,26.437220450515156,4.200818770175094,0.1472,24.64399666989656
2024-11-04 18:16:29,4.200805626656267,0.147,25.72571420883662,4.20080562665664,0.14716,24.689123021574623
2024-11-04 18:16:30,4.200805626656267,0.147,24.9947353287605,4.200805626656639,0.14712000000000003,24.704156267441398
2024-11-04 18:16:30,4.201134214617624,0.147,24.2430730354219,4.200812198415871,0.14708,24.689123021574623
2024-11-04 18:16:30,4.200969920636808,0.147,24.2430730354219,4.200818770175093,0.14708,24.674089775707856
2024-11-04 18:16:30,4.200969920636808,0.147,23.469396624933097,4.200831913693524,0.14708,24.674089775707852
2024-11-04 18:16:31,4.200641332676002,0.147,21.84997632024192,4.200818770175093,0.14708,24.568482121229103
2024-11-04 18:16:31,4.200641332676002,0.147,24.9947353287605,4.200825341934294,0.14708,24.56848212122911
2024-11-04 18:16:31,4.200969920636808,0.147,23.469396624933097,4.200812198415819,0.14708,24.537975347152557
2024-11-04 18:16:31,4.200312744716299,0.147,25.72571420883662,4.200792483138218,0.14708000000000004,24.53797534715256
2024-11-04 18:16:32,4.200969920636808,0.147,25.72571420883662,4.200766196101222,0.14708000000000007,24.583101698830625
2024-11-04 18:16:32,4.201462802580083,0.147,26.437220450515156,4.200799054897385,0.14708000000000007,24.626984647132495
2024-11-04 18:16:32,4.200969920636808,0.147,25.72571420883662,4.200818770175016,0.14708000000000007,24.65663747060078
2024-11-04 18:16:32,4.200969920636808,0.147,24.9947353287605,4.200825341934238,0.14708000000000007,24.671670716467556
2024-11-04 18:16:33,4.200805626656267,0.147,24.2430730354219,4.200825341934238,0.14708000000000007,24.67167071646756
2024-11-04 18:16:33,4.200641332676002,0.147,22.672238853203226,4.200818770175029,0.14708000000000007,24.610601209354886
2024-11-04 18:16:33,4.200477038696013,0.147,25.72571420883662,4.200805626656619,0.14708000000000007,24.640254032823186
2024-11-04 18:16:33,4.200805626656267,0.147,22.672238853203226,4.200812198415829,0.14708000000000004,24.640254032823183
2024-11-04 18:16:34,4.200641332676002,0.147,26.437220450515156,4.2008121984158295,0.14708000000000004,24.699610509334825
2024-11-04 18:16:34,4.200805626656267,0.147,23.469396624933097,4.200805626656608,0.14708000000000004,24.654484157656757
2024-11-04 18:16:34,4.200641332676002,0.147,23.469396624933097,4.20080562665661,0.14708000000000004,24.623977383580204
2024-11-04 18:16:34,4.200477038696013,0.147,24.9947353287605,4.200785911378977,0.14708000000000004,24.609357805978686
2024-11-04 18:16:35,4.200969920636808,0.147,23.469396624933097,4.2008121984157984,0.14708000000000004,24.60935780597868
2024-11-04 18:16:35,4.200477038696013,0.147,23.469396624933097,4.200785911378935,0.14704000000000006,24.578851031902136
2024-11-04 18:16:35,4.200805626656267,0.147,23.469396624933097,4.200799054897344,0.14700000000000005,24.548344257825583
2024-11-04 18:16:35,4.200312744716299,0.147,24.9947353287605,4.2007793396197455,0.14700000000000005,24.533724680224065
2024-11-04 18:16:36,4.200312744716299,0.147,22.672238853203226,4.200759624342145,0.14700000000000005,24.4726551731114
2024-11-04 18:16:36,4.200969920636808,0.147,23.469396624933097,4.200766196101366,0.14700000000000005,24.4726551731114
2024-11-04 18:16:36,4.200805626656267,0.147,25.72571420883662,4.200753052582911,0.14700000000000005,24.487274750712924
2024-11-04 18:16:36,4.200641332676002,0.147,24.9947353287605,4.200739909064478,0.14700000000000005,24.517781524789466
2024-11-04 18:16:37,4.201134214617624,0.147,24.9947353287605,4.20074648082371,0.14700000000000005,24.503161947187944
2024-11-04 18:16:37,4.200477038696013,0.147,23.469396624933097,4.200739909064512,0.14700000000000005,24.519105102622547
2024-11-04 18:16:37,4.200477038696013,0.147,25.72571420883662,4.200733337305312,0.14700000000000005,24.53372468022407
2024-11-04 18:16:37,4.200969920636808,0.147,21.84997632024192,4.200733337305312,0.14700000000000005,24.470829500053693
2024-11-04 18:16:38,4.200477038696013,0.147,21.84997632024192,4.2007399090645015,0.14700000000000005,24.422967565750096
2024-11-04 18:16:38,4.200477038696013,0.147,25.72571420883662,4.200720193786871,0.14700000000000005,24.422967565750096
2024-11-04 18:16:38,4.201134214617624,0.147,21.84997632024192,4.200707050268372,0.14700000000000005,24.37510563144649
2024-11-04 18:16:38,4.200969920636808,0.147,25.72571420883662,4.200707050268372,0.14700000000000005,24.436175138559157
2024-11-04 18:16:39,4.200312744716299,0.147,24.2430730354219,4.200680763231551,0.14700000000000005,24.43617513855916
2024-11-04 18:16:39,4.200805626656267,0.146,24.9947353287605,4.200680763231551,0.14696000000000004,24.42155556095764
2024-11-04 18:16:39,4.200805626656267,0.146,24.2430730354219,4.200687334990762,0.14692000000000002,24.421555560957646
2024-11-04 18:16:39,4.201134214617624,0.147,24.2430730354219,4.200713622027625,0.14692000000000002,24.406522315090868
2024-11-04 18:16:40,4.200969920636808,0.147,24.9947353287605,4.200720193786846,0.14692000000000002,24.421555560957646
2024-11-04 18:16:40,4.200477038696013,0.147,23.469396624933097,4.200713622027647,0.14692000000000002,24.391048786881093
2024-11-04 18:16:40,4.200805626656267,0.147,25.72571420883662,4.200713622027646,0.14692000000000002,24.452118293993763
2024-11-04 18:16:40,4.200641332676002,0.147,25.72571420883662,4.200713622027647,0.14692000000000002,24.513187801106422
2024-11-04 18:16:41,4.200477038696013,0.146,25.72571420883662,4.200713622027648,0.14688,24.49895767627286
2024-11-04 18:16:41,4.200312744716299,0.146,23.469396624933097,4.2006873349908265,0.14684,24.439601199761213
2024-11-04 18:16:41,4.200969920636808,0.146,24.2430730354219,4.20070705026846,0.14679999999999999,24.439601199761217
2024-11-04 18:16:41,4.200641332676002,0.146,22.672238853203226,4.2007004785092485,0.14675999999999997,24.378531692648544
2024-11-04 18:16:42,4.200641332676002,0.147,23.469396624933097,4.200713622027638,0.14675999999999997,24.31917521613691
2024-11-04 18:16:42,4.200477038696013,0.147,24.9947353287605,4.200720193786827,0.14676,24.30455563853538
2024-11-04 18:16:42,4.200477038696013,0.147,24.9947353287605,4.200700478509196,0.14676,24.304555638535383
2024-11-04 18:16:42,4.201134214617624,0.147,24.9947353287605,4.20071362202765,0.14676,24.31958888440216
2024-11-04 18:16:43,4.201298508598716,0.147,24.9947353287605,4.200739909064558,0.14676,24.33462213026893
2024-11-04 18:16:43,4.201298508598716,0.147,25.72571420883662,4.200746480823801,0.14676,24.379748481947
2024-11-04 18:16:43,4.200805626656267,0.147,24.2430730354219,4.2007596243422105,0.14676,24.427610416250605
2024-11-04 18:16:43,4.200641332676002,0.147,26.437220450515156,4.200766196101411,0.14676000000000003,24.45646011868569
2024-11-04 18:16:44,4.201298508598716,0.147,24.2430730354219,4.200779339619888,0.14676000000000003,24.471933646895465
2024-11-04 18:16:44,4.200805626656267,0.147,23.469396624933097,4.200792483138297,0.14676000000000003,24.426807295217394
2024-11-04 18:16:44,4.200312744716299,0.146,25.72571420883662,4.200785911379108,0.14672000000000007,24.426807295217394
2024-11-04 18:16:44,4.200312744716299,0.146,23.469396624933097,4.200753052583054,0.14668000000000003,24.367450818705752
2024-11-04 18:16:45,4.199984156757696,0.146,23.469396624933097,4.200713622027889,0.14664000000000002,24.322324467027684
2024-11-04 18:16:45,4.200805626656267,0.146,24.9947353287605,4.200733337305488,0.1466,24.32232446702768
2024-11-04 18:16:45,4.200969920636808,0.146,27.13035904417916,4.200739909064709,0.1466,24.38007018720283
2024-11-04 18:16:45,4.200969920636808,0.147,27.13035904417916,4.2007464808239305,0.14664,24.46923259102235
2024-11-04 18:16:46,4.201134214617624,0.147,25.72571420883662,4.20074648082393,0.14664,24.469232591022347
2024-11-04 18:16:46,4.201298508598716,0.147,24.2430730354219,4.200759624342407,0.14664,24.500649274666724
2024-11-04 18:16:46,4.200641332676002,0.147,25.72571420883662,4.200766196101606,0.14664,24.486419149833146
2024-11-04 18:16:46,4.200969920636808,0.147,22.672238853203226,4.200772767860827,0.14664,24.47047599439855
2024-11-04 18:16:47,4.200805626656267,0.147,24.2430730354219,4.200779339620039,0.14664,24.485949522608326
2024-11-04 18:16:47,4.200641332676002,0.147,24.9947353287605,4.200785911379239,0.14668,24.48594952260833
2024-11-04 18:16:47,4.200805626656267,0.147,24.2430730354219,4.200805626656838,0.14672000000000002,24.50142305081811
2024-11-04 18:16:47,4.201134214617624,0.147,25.72571420883662,4.200812198416071,0.14676000000000003,24.546549402496176
2024-11-04 18:16:48,4.201462802580083,0.147,24.9947353287605,4.200845057212235,0.14680000000000004,24.57705617657273
2024-11-04 18:16:48,4.200969920636808,0.147,24.2430730354219,4.200858200730668,0.14680000000000007,24.562022930705954
2024-11-04 18:16:48,4.200969920636808,0.146,24.9947353287605,4.2008779160083,0.14676000000000006,24.608472860217102
2024-11-04 18:16:48,4.200641332676002,0.146,21.000806169342923,4.2008844877675,0.14672000000000004,24.559101051105305
2024-11-04 18:16:49,4.200641332676002,0.146,25.72571420883662,4.200864772489834,0.14668000000000003,24.559101051105298
2024-11-04 18:16:49,4.200969920636808,0.147,24.9947353287605,4.200851628971358,0.14668000000000003,24.559101051105294
2024-11-04 18:16:49,4.201134214617624,0.147,24.2430730354219,4.200845057212113,0.14668,24.544067805238527
2024-11-04 18:16:49,4.200805626656267,0.146,23.469396624933097,4.200845057212113,0.14664,24.544067805238523
2024-11-04 18:16:50,4.200969920636808,0.146,24.9947353287605,4.200858200730545,0.14659999999999998,24.529448227637005
2024-11-04 18:16:50,4.200641332676002,0.146,24.2430730354219,4.200831913693637,0.14655999999999997,24.5773101619406
2024-11-04 18:16:50,4.200477038696013,0.146,24.2430730354219,4.2008187701752275,0.14651999999999996,24.625172096244206
2024-11-04 18:16:50,4.201134214617624,0.146,24.2430730354219,4.2008516289712805,0.14651999999999993,24.595519272775906
2024-11-04 18:16:51,4.201462802580083,0.146,24.2430730354219,4.200897631285833,0.14651999999999993,24.64338120707951
2024-11-04 18:16:51,4.201134214617624,0.146,24.9947353287605,4.200943633600229,0.14651999999999993,24.628761629477985
2024-11-04 18:16:51,4.201134214617624,0.146,23.469396624933097,4.200956777118682,0.14651999999999993,24.613288101268207
2024-11-04 18:16:51,4.200641332676002,0.146,25.72571420883662,4.200943633600251,0.14651999999999993,24.627907678869732
2024-11-04 18:16:52,4.200805626656267,0.146,24.2430730354219,4.20093706184103,0.14647999999999992,24.62790767886973
2024-11-04 18:16:52,4.201134214617624,0.146,24.2430730354219,4.20093706184103,0.1464399999999999,24.627907678869732
2024-11-04 18:16:52,4.201134214617624,0.146,24.9947353287605,4.200930490081785,0.14639999999999992,24.62790767886973
2024-11-04 18:16:52,4.200641332676002,0.146,24.9947353287605,4.200930490081785,0.14635999999999993,24.658414452946282
2024-11-04 18:16:53,4.200805626656267,0.146,24.9947353287605,4.200923918322562,0.14631999999999992,24.64379487534476
2024-11-04 18:16:53,4.200969920636808,0.146,23.469396624933097,4.2009304900817845,0.14627999999999994,24.598668523666692
2024-11-04 18:16:53,4.200805626656267,0.146,24.2430730354219,4.200937061840994,0.14623999999999993,24.569015700198392
2024-11-04 18:16:53,4.200805626656267,0.146,22.672238853203226,4.200937061840994,0.1461999999999999,24.5530725447638
2024-11-04 18:16:54,4.201134214617624,0.146,23.469396624933097,4.200937061840994,0.14615999999999993,24.537599016554022
2024-11-04 18:16:54,4.201298508598716,0.146,24.9947353287605,4.20093049008174,0.14611999999999992,24.584048946065163
2024-11-04 18:16:54,4.200805626656267,0.146,25.72571420883662,4.200923918322518,0.14607999999999993,24.62917529774323
2024-11-04 18:16:54,4.201134214617624,0.146,23.469396624933097,4.200930490081751,0.14607999999999993,24.59866852366669
2024-11-04 18:16:55,4.200641332676002,0.146,24.2430730354219,4.200930490081752,0.14607999999999993,24.58363527779992
2024-11-04 18:16:55,4.201462802580083,0.146,24.9947353287605,4.200963348877915,0.14607999999999993,24.583635277799917
2024-11-04 18:16:55,4.200641332676002,0.146,27.13035904417916,4.200950205359484,0.14603999999999992,24.626347752108295
2024-11-04 18:16:55,4.200805626656267,0.146,23.469396624933097,4.200937061841029,0.14599999999999994,24.581221400430216
2024-11-04 18:16:56,4.200969920636808,0.146,22.672238853203226,4.200943633600251,0.14599999999999994,24.549804716785847
2024-11-04 18:16:56,4.200969920636808,0.146,23.469396624933097,4.20094363360025,0.14599999999999994,24.490448240274205
2024-11-04 18:16:57,4.201134214617624,0.146,24.2430730354219,4.200963348877915,0.14599999999999994,24.49044824027421
2024-11-04 18:16:57,4.201134214617624,0.146,26.437220450515156,4.200989635914779,0.14599999999999994,24.549804716785847
2024-11-04 18:16:57,4.201134214617624,0.146,24.2430730354219,4.2009896359147785,0.14599999999999994,24.520151893317557
2024-11-04 18:16:57,4.201462802580083,0.146,24.9947353287605,4.200989635914779,0.14599999999999994,24.5506586673941
2024-11-04 18:16:58,4.200969920636808,0.146,24.9947353287605,4.200983064155546,0.14599999999999994,24.581165441470645
2024-11-04 18:16:58,4.200969920636808,0.146,23.469396624933097,4.200976492396312,0.14599999999999994,24.5506586673941
2024-11-04 18:16:58,4.200477038696013,0.146,24.2430730354219,4.200969920637114,0.14599999999999994,24.49291294721895
2024-11-04 18:16:59,4.201298508598716,0.146,23.469396624933097,4.200989635914811,0.14599999999999994,24.419693698834035
2024-11-04 18:16:59,4.201134214617624,0.146,27.80614130216054,4.200989635914811,0.14599999999999994,24.461302240700505
2024-11-04 18:16:59,4.200805626656267,0.146,25.72571420883662,4.200976492396357,0.14599999999999994,24.4909550641688
2024-11-04 18:16:59,4.201462802580083,0.146,24.2430730354219,4.201009351192522,0.14599999999999994,24.461302240700512
2024-11-04 18:17:00,4.201134214617624,0.146,24.2430730354219,4.201022494710976,0.14599999999999994,24.49271892434488
2024-11-04 18:17:00,4.200805626656267,0.146,24.9947353287605,4.201015922951755,0.14599999999999994,24.507752170211656
2024-11-04 18:17:00,4.201134214617624,0.146,24.9947353287605,4.201029066470207,0.14599999999999994,24.507752170211653
2024-11-04 18:17:00,4.200969920636808,0.146,24.9947353287605,4.20103563822943,0.14599999999999994,24.522785416078428
2024-11-04 18:17:01,4.201298508598716,0.146,25.72571420883662,4.201042209988674,0.14599999999999994,24.52278541607843
2024-11-04 18:17:01,4.201791390543644,0.146,27.13035904417916,4.20106192526647,0.14599999999999994,24.5654978903868
2024-11-04 18:17:01,4.200805626656267,0.146,23.469396624933097,4.20106192526647,0.14599999999999994,24.550024362177027
2024-11-04 18:17:01,4.200969920636808,0.146,22.672238853203226,4.201055353507237,0.14599999999999994,24.50357443266588
2024-11-04 18:17:02,4.201462802580083,0.146,23.469396624933097,4.2010882123034,0.14599999999999994,24.552946241777683
2024-11-04 18:17:02,4.200969920636808,0.146,25.72571420883662,4.20106849702567,0.14599999999999994,24.552946241777683
2024-11-04 18:17:02,4.201134214617624,0.146,22.672238853203226,4.2010882123033335,0.14599999999999994,24.50649631226653
2024-11-04 18:17:03,4.200805626656267,0.145,24.9947353287605,4.2010882123033335,0.14595999999999992,24.521529558133306
2024-11-04 18:17:03,4.200805626656267,0.145,24.9947353287605,4.201081640544113,0.1459199999999999,24.552036332209852
2024-11-04 18:17:03,4.200641332676002,0.146,23.469396624933097,4.201068497025682,0.1459199999999999,24.521529558133306
2024-11-04 18:17:03,4.200969920636808,0.146,23.469396624933097,4.201061925266448,0.1459199999999999,24.506056029923524
2024-11-04 18:17:04,4.200477038696013,0.146,24.2430730354219,4.201035638229586,0.1459199999999999,24.506056029923528
2024-11-04 18:17:04,4.201134214617624,0.146,24.9947353287605,4.201035638229585,0.1459199999999999,24.521089275790306
2024-11-04 18:17:04,4.201627096561725,0.146,25.72571420883662,4.201042209988851,0.1459199999999999,24.550742099258596
2024-11-04 18:17:04,4.200969920636808,0.145,25.72571420883662,4.2010422099888505,0.1458799999999999,24.56536167686012
2024-11-04 18:17:05,4.201134214617624,0.145,23.469396624933097,4.201048781748082,0.14583999999999986,24.565361676860118
2024-11-04 18:17:05,4.200969920636808,0.145,24.2430730354219,4.201068497025715,0.14579999999999985,24.535708853391824
2024-11-04 18:17:05,4.201134214617624,0.145,25.72571420883662,4.201061925266471,0.14575999999999983,24.56536167686012
2024-11-04 18:17:05,4.201298508598716,0.145,24.9947353287605,4.201068497025713,0.14571999999999985,24.580394922726885
2024-11-04 18:17:05,4.200805626656267,0.145,24.9947353287605,4.201068497025713,0.14567999999999987,24.580394922726892
2024-11-04 18:17:06,4.201134214617624,0.145,24.2430730354219,4.201055353507216,0.14563999999999985,24.565361676860118
2024-11-04 18:17:06,4.201134214617624,0.145,23.469396624933097,4.201055353507214,0.14559999999999984,24.53485490278357
2024-11-04 18:17:06,4.200641332676002,0.145,24.9947353287605,4.201048781748004,0.1455599999999998,24.565361676860125
2024-11-04 18:17:06,4.200477038696013,0.146,24.9947353287605,4.20102249471114,0.1455599999999998,24.580394922726892
2024-11-04 18:17:07,4.200805626656267,0.146,24.9947353287605,4.201015922951918,0.1455599999999998,24.62684485223804
2024-11-04 18:17:07,4.200805626656267,0.145,22.672238853203226,4.200996207674222,0.1455199999999998,24.610901696803438
2024-11-04 18:17:07,4.200969920636808,0.145,22.672238853203226,4.200963348877948,0.1454799999999998,24.564451767292294
2024-11-04 18:17:08,4.200969920636808,0.145,25.72571420883662,4.200969920637169,0.14543999999999982,24.564451767292294
2024-11-04 18:17:08,4.200805626656267,0.145,23.469396624933097,4.200963348877948,0.1453999999999998,24.56445176729229
2024-11-04 18:17:08,4.200805626656267,0.145,27.13035904417916,4.200937061840996,0.14535999999999982,24.62219748746744
2024-11-04 18:17:08,4.201462802580083,0.146,24.9947353287605,4.200956777118728,0.14535999999999982,24.62219748746743
2024-11-04 18:17:08,4.201298508598716,0.146,24.2430730354219,4.200963348877971,0.14535999999999985,24.564451767292294
2024-11-04 18:17:09,4.201298508598716,0.145,22.672238853203226,4.200983064155668,0.14535999999999985,24.54850861185769
2024-11-04 18:17:09,4.200969920636808,0.145,26.437220450515156,4.200989635914889,0.14535999999999985,24.623808243803932
2024-11-04 18:17:09,4.200969920636808,0.145,22.672238853203226,4.201002779433321,0.14531999999999987,24.60786508836934
2024-11-04 18:17:09,4.200805626656267,0.145,23.469396624933097,4.200996207674098,0.14527999999999985,24.59239156015956
2024-11-04 18:17:10,4.201298508598716,0.145,26.437220450515156,4.201029066470207,0.14523999999999984,24.592391560159566
2024-11-04 18:17:10,4.201298508598716,0.145,24.2430730354219,4.201035638229452,0.14519999999999983,24.592391560159562
2024-11-04 18:17:10,4.201462802580083,0.145,23.469396624933097,4.201029066470187,0.14515999999999982,24.56188478608302
2024-11-04 18:17:10,4.200969920636808,0.145,24.9947353287605,4.201029066470186,0.14515999999999982,24.561884786083013
2024-11-04 18:17:11,4.200969920636808,0.145,24.2430730354219,4.201022494710952,0.14515999999999982,24.577358314292788
2024-11-04 18:17:11,4.201298508598716,0.145,24.2430730354219,4.2010356382294285,0.14515999999999982,24.57735831429279
2024-11-04 18:17:11,4.201462802580083,0.145,25.72571420883662,4.201048781747928,0.14515999999999982,24.62248466597086
2024-11-04 18:17:11,4.200805626656267,0.145,24.9947353287605,4.20102906647023,0.1451599999999998,24.566256546502867
2024-11-04 18:17:12,4.201134214617624,0.145,25.72571420883662,4.201042209988685,0.14515999999999982,24.566256546502864
2024-11-04 18:17:12,4.201134214617624,0.145,21.84997632024192,4.201042209988684,0.14515999999999982,24.51839461219926
2024-11-04 18:17:12,4.201462802580083,0.145,22.672238853203226,4.201055353507184,0.14515999999999982,24.48697792855489
2024-11-04 18:17:12,4.200805626656267,0.145,24.9947353287605,4.201061925266393,0.14515999999999982,24.486977928554893
2024-11-04 18:17:13,4.200805626656267,0.145,26.437220450515156,4.201075068784803,0.1451199999999998,24.51582763098998
2024-11-04 18:17:13,4.200805626656267,0.145,24.9947353287605,4.201075068784804,0.14507999999999982,24.515827630989985
2024-11-04 18:17:13,4.201134214617624,0.145,23.469396624933097,4.201088212303258,0.1450799999999998,24.470701279311907
2024-11-04 18:17:13,4.201134214617624,0.145,24.9947353287605,4.20109478406249,0.14507999999999982,24.42798880500353
2024-11-04 18:17:14,4.200805626656267,0.145,24.2430730354219,4.201088212303268,0.14507999999999982,24.44346233321331
2024-11-04 18:17:14,4.200969920636808,0.145,24.9947353287605,4.20109478406249,0.14507999999999982,24.48991226272446
2024-11-04 18:17:14,4.200969920636808,0.145,23.469396624933097,4.201101355821711,0.14507999999999982,24.489912262724456
2024-11-04 18:17:14,4.200969920636808,0.145,26.437220450515156,4.20108164054398,0.1450399999999998,24.50414238755803
2024-11-04 18:17:15,4.200969920636808,0.145,21.84997632024192,4.201068497025504,0.1449999999999998,24.48769713689881
2024-11-04 18:17:15,4.200969920636808,0.145,24.9947353287605,4.201055353507026,0.1449999999999998,24.487697136898806
2024-11-04 18:17:15,4.200805626656267,0.145,24.9947353287605,4.201048781747804,0.1449999999999998,24.48769713689881
2024-11-04 18:17:15,4.200969920636808,0.145,24.9947353287605,4.201048781747804,0.1449999999999998,24.518203910975352
2024-11-04 18:17:16,4.201134214617624,0.145,24.9947353287605,4.201061925266258,0.1449999999999998,24.548710685051898
2024-11-04 18:17:16,4.201298508598716,0.145,24.9947353287605,4.201061925266259,0.1449999999999998,24.563743930918672
2024-11-04 18:17:16,4.201134214617624,0.145,23.469396624933097,4.201055353507014,0.1449999999999998,24.53323715684212
2024-11-04 18:17:17,4.200969920636808,0.145,24.2430730354219,4.201035638229283,0.1449999999999998,24.50358433337383
2024-11-04 18:17:17,4.201134214617624,0.145,24.2430730354219,4.201042209988516,0.1449999999999998,24.473931509905533
2024-11-04 18:17:17,4.201462802580083,0.145,26.437220450515156,4.201061925266249,0.1449999999999998,24.53328798641717
2024-11-04 18:17:17,4.200969920636808,0.145,25.72571420883662,4.201048781747772,0.1449999999999998,24.56294080988547
2024-11-04 18:17:18,4.200805626656267,0.145,26.437220450515156,4.20102249471082,0.1449999999999998,24.577170934719042
2024-11-04 18:17:18,4.200805626656267,0.145,26.437220450515156,4.20102249471082,0.1449999999999998,24.606020637154142
2024-11-04 18:17:18,4.200969920636808,0.145,27.13035904417916,4.201015922951587,0.1449999999999998,24.6487331114625
2024-11-04 18:17:18,4.201627096561725,0.145,24.2430730354219,4.201035638229353,0.1449999999999998,24.648733111462516
2024-11-04 18:17:18,4.201134214617624,0.145,24.2430730354219,4.2010224947108545,0.1449999999999998,24.664206639672287
2024-11-04 18:17:19,4.201298508598716,0.145,24.9947353287605,4.201042209988552,0.1449999999999998,24.664206639672283
2024-11-04 18:17:19,4.200641332676002,0.145,23.469396624933097,4.201035638229342,0.1449999999999998,24.63369986559574
2024-11-04 18:17:19,4.200969920636808,0.145,24.2430730354219,4.201042209988564,0.1449999999999998,24.618666619728966
2024-11-04 18:17:19,4.200477038696013,0.145,24.9947353287605,4.2010159229517,0.1449999999999998,24.665116549240114
2024-11-04 18:17:20,4.201134214617624,0.145,23.469396624933097,4.2010159229517,0.1449999999999998,24.68105970467471
2024-11-04 18:17:20,4.201462802580083,0.145,24.9947353287605,4.201042209988653,0.1449999999999998,24.666440127073184
2024-11-04 18:17:20,4.200805626656267,0.145,23.469396624933097,4.201035638229431,0.1449999999999998,24.666440127073184
2024-11-04 18:17:20,4.201134214617624,0.145,25.72571420883662,4.201042209988664,0.1449999999999998,24.638347230366335
2024-11-04 18:17:21,4.200805626656267,0.145,26.437220450515156,4.201035638229441,0.1449999999999998,24.667196932801424
2024-11-04 18:17:21,4.200969920636808,0.145,24.2430730354219,4.201035638229441,0.1449999999999998,24.66719693280143
2024-11-04 18:17:21,4.201298508598716,0.145,24.9947353287605,4.201048781747918,0.1449999999999998,24.71364686231258
2024-11-04 18:17:21,4.201298508598716,0.145,23.469396624933097,4.201068497025615,0.1449999999999998,24.654290385800937
2024-11-04 18:17:22,4.201134214617624,0.145,25.72571420883662,4.2010750687848475,0.1449999999999998,24.715359892913604
2024-11-04 18:17:22,4.201462802580083,0.145,24.2430730354219,4.201088212303346,0.1449999999999998,24.730833421123386
2024-11-04 18:17:22,4.200969920636808,0.145,24.2430730354219,4.201075068784871,0.1449999999999998,24.68695047282152
2024-11-04 18:17:22,4.201462802580083,0.145,25.72571420883662,4.201088212303368,0.1449999999999998,24.716603296289815
2024-11-04 18:17:23,4.201462802580083,0.145,24.9947353287605,4.201107927581099,0.1449999999999998,24.747110070366357
2024-11-04 18:17:23,4.201134214617624,0.145,23.469396624933097,4.2011079275811,0.1449999999999998,24.716603296289804
2024-11-04 18:17:23,4.201462802580083,0.145,24.2430730354219,4.2011079275811,0.1449999999999998,24.716603296289808
2024-11-04 18:17:23,4.201462802580083,0.145,24.2430730354219,4.2011276428588324,0.1449999999999998,24.716603296289815
2024-11-04 18:17:24,4.201298508598716,0.145,26.437220450515156,4.201147358136531,0.1449999999999998,24.73083342112338
2024-11-04 18:17:24,4.200641332676002,0.145,24.9947353287605,4.20114078637732,0.1449999999999998,24.730833421123386
2024-11-04 18:17:24,4.201627096561725,0.145,26.437220450515156,4.201167073414318,0.1449999999999998,24.745063545956945
2024-11-04 18:17:24,4.201462802580083,0.145,25.72571420883662,4.201160501655052,0.1449999999999998,24.822578303728843
2024-11-04 18:17:25,4.201791390543644,0.145,25.72571420883662,4.201186788692093,0.1449999999999998,24.883647810841502
2024-11-04 18:17:25,4.200969920636808,0.145,26.437220450515156,4.201173645173616,0.1449999999999998,24.912497513276602
2024-11-04 18:17:25,4.200969920636808,0.145,24.2430730354219,4.201186788692048,0.1449999999999998,24.868614564974738
2024-11-04 18:17:25,4.201298508598716,0.145,23.469396624933097,4.201199932210524,0.1449999999999998,24.838107790898185
2024-11-04 18:17:26,4.201298508598716,0.144,24.9947353287605,4.201232791006633,0.14495999999999984,24.868614564974727
2024-11-04 18:17:26,4.201462802580083,0.144,25.72571420883662,4.20124593452513,0.14491999999999985,24.883234142576256
2024-11-04 18:17:26,4.201134214617624,0.145,27.80614130216054,4.201232791006631,0.14491999999999985,24.954495507911034
2024-11-04 18:17:26,4.201134214617624,0.145,24.9947353287605,4.201245934525084,0.14491999999999985,24.95449550791103
2024-11-04 18:17:27,4.200969920636808,0.145,23.469396624933097,4.20123936276585,0.14491999999999985,24.954495507911034
2024-11-04 18:17:27,4.201298508598716,0.145,25.72571420883662,4.201259078043548,0.14491999999999985,24.94026538307746
2024-11-04 18:17:27,4.201627096561725,0.145,25.72571420883662,4.201285365080546,0.14491999999999985,25.017780140849354
2024-11-04 18:17:27,4.200969920636808,0.145,24.9947353287605,4.2012722215620695,0.14491999999999985,25.01778014084935
2024-11-04 18:17:28,4.201462802580083,0.145,24.2430730354219,4.2012787933213245,0.14491999999999985,25.002746894982575
2024-11-04 18:17:28,4.201462802580083,0.145,25.72571420883662,4.201291936839824,0.14491999999999985,25.0173664725841
2024-11-04 18:17:28,4.200641332676002,0.145,24.9947353287605,4.201259078043661,0.14491999999999985,25.017366472584094
2024-11-04 18:17:28,4.201298508598716,0.145,24.9947353287605,4.201272221562138,0.14491999999999983,25.0173664725841
2024-11-04 18:17:29,4.201298508598716,0.145,25.72571420883662,4.201265649802883,0.14491999999999983,25.062492824262172
2024-11-04 18:17:29,4.201298508598716,0.145,25.72571420883662,4.201259078043628,0.14491999999999983,25.092145647730458
2024-11-04 18:17:29,4.201627096561725,0.145,26.437220450515156,4.201278793321394,0.14491999999999983,25.13602859603233
2024-11-04 18:17:29,4.201627096561725,0.145,24.9947353287605,4.201285365080659,0.14491999999999983,25.107178893597233
2024-11-04 18:17:30,4.201955684525837,0.145,26.437220450515156,4.201305080358489,0.14491999999999983,25.121409018430803
2024-11-04 18:17:30,4.201134214617624,0.145,25.72571420883662,4.201298508599246,0.14491999999999983,25.10717889359723
2024-11-04 18:17:30,4.201298508598716,0.145,23.469396624933097,4.201324795636154,0.14491999999999983,25.047822417085595
2024-11-04 18:17:30,4.201134214617624,0.145,24.2430730354219,4.201305080358388,0.14491999999999983,24.990076696910446
2024-11-04 18:17:31,4.201298508598716,0.145,24.9947353287605,4.201298508599134,0.1449199999999998,25.00510994277722
2024-11-04 18:17:31,4.200969920636808,0.145,24.9947353287605,4.20126564980286,0.14491999999999983,25.020143188643996
2024-11-04 18:17:31,4.200805626656267,0.145,25.72571420883662,4.201259078043638,0.14491999999999983,25.034762766245514
2024-11-04 18:17:31,4.201462802580083,0.145,24.2430730354219,4.201278793321369,0.14491999999999983,25.050236294455296
2024-11-04 18:17:32,4.201462802580083,0.145,26.437220450515156,4.201285365080625,0.14491999999999983,25.094119242757152
2024-11-04 18:17:32,4.201298508598716,0.145,24.9947353287605,4.201285365080623,0.1449599999999998,25.094119242757156
2024-11-04 18:17:32,4.200805626656267,0.145,24.2430730354219,4.201259078043671,0.1449999999999998,25.109592770966938
2024-11-04 18:17:32,4.201298508598716,0.144,21.84997632024192,4.201265649802915,0.14495999999999984,25.046697590796562
2024-11-04 18:17:33,4.201462802580083,0.144,24.2430730354219,4.201278793321413,0.14491999999999985,25.062171119006344
2024-11-04 18:17:33,4.200969920636808,0.144,23.469396624933097,4.201278793321414,0.14487999999999987,25.017044767328276
2024-11-04 18:17:33,4.201134214617624,0.144,23.469396624933097,4.201272221562171,0.14483999999999989,24.95768829081663
2024-11-04 18:17:33,4.201462802580083,0.144,24.2430730354219,4.201265649802906,0.14479999999999993,24.957688290816638
2024-11-04 18:17:34,4.201134214617624,0.144,24.2430730354219,4.201272221562138,0.14475999999999994,24.94265504494986
2024-11-04 18:17:34,4.201627096561725,0.144,24.9947353287605,4.2012787933214035,0.14471999999999996,24.973161819026412
2024-11-04 18:17:34,4.201134214617624,0.145,27.13035904417916,4.201265649802903,0.14471999999999996,25.00125471573326
2024-11-04 18:17:35,4.201134214617624,0.145,24.9947353287605,4.201285365080568,0.14471999999999996,25.016287961600028
2024-11-04 18:17:35,4.201791390543644,0.145,24.9947353287605,4.201305080358364,0.14471999999999996,25.031321207466803
2024-11-04 18:17:35,4.200969920636808,0.145,24.9947353287605,4.201291936839888,0.14471999999999996,25.016701629865278
2024-11-04 18:17:35,4.201134214617624,0.145,25.72571420883662,4.201285365080643,0.14471999999999993,25.0313212074668
2024-11-04 18:17:35,4.201134214617624,0.144,24.2430730354219,4.20126564980288,0.14467999999999995,25.04679473567658
2024-11-04 18:17:36,4.201627096561725,0.144,24.9947353287605,4.201265649802881,0.14463999999999996,25.061827981543345
2024-11-04 18:17:36,4.201298508598716,0.144,24.2430730354219,4.2012393627657945,0.14459999999999995,25.061827981543352
2024-11-04 18:17:36,4.201134214617624,0.144,25.72571420883662,4.2012393627657945,0.14455999999999997,25.047597856709782
2024-11-04 18:17:36,4.201462802580083,0.144,23.469396624933097,4.20124593452505,0.14451999999999995,25.017091082633236
2024-11-04 18:17:37,4.200805626656267,0.144,24.2430730354219,4.201232791006596,0.14447999999999997,24.973208134331372
2024-11-04 18:17:37,4.200805626656267,0.144,24.9947353287605,4.201213075728899,0.14443999999999999,24.95858855672985
2024-11-04 18:17:37,4.200641332676002,0.144,23.469396624933097,4.201199932210468,0.1444,24.913462205051772
2024-11-04 18:17:37,4.201462802580083,0.144,25.72571420883662,4.20122621924742,0.14436000000000002,24.899232080218198
2024-11-04 18:17:38,4.200641332676002,0.144,24.9947353287605,4.201193360451259,0.14432000000000003,24.914265326084973
2024-11-04 18:17:38,4.201298508598716,0.144,24.9947353287605,4.201186788692004,0.14428000000000007,24.94477210016152
2024-11-04 18:17:38,4.200805626656267,0.144,24.9947353287605,4.201167073414306,0.14424000000000003,24.944772100161522
2024-11-04 18:17:38,4.200969920636808,0.144,25.72571420883662,4.201173645173527,0.14420000000000005,24.944772100161526
2024-11-04 18:17:39,4.200969920636808,0.144,25.72571420883662,4.201160501655051,0.14420000000000005,24.903163558295045
2024-11-04 18:17:39,4.200969920636808,0.144,26.437220450515156,4.2011407863773185,0.14420000000000008,24.932013260730137
2024-11-04 18:17:39,4.200969920636808,0.144,25.72571420883662,4.2011407863773185,0.14420000000000008,24.97713961240821
2024-11-04 18:17:40,4.200969920636808,0.144,27.13035904417916,4.201134214618085,0.14420000000000008,25.005232509115054
2024-11-04 18:17:40,4.200805626656267,0.144,24.9947353287605,4.201107927581131,0.14420000000000008,24.99061293151353
2024-11-04 18:17:40,4.201627096561725,0.144,24.2430730354219,4.2011276428588955,0.14420000000000008,24.975579685646768
2024-11-04 18:17:40,4.201134214617624,0.144,22.672238853203226,4.2011079275811305,0.14420000000000008,24.944163002002387
2024-11-04 18:17:41,4.200805626656267,0.144,23.469396624933097,4.2010947840626764,0.14416000000000007,24.89903665032432
2024-11-04 18:17:41,4.201298508598716,0.144,26.437220450515156,4.20110135582192,0.14412000000000008,24.927886352759405
2024-11-04 18:17:41,4.200969920636808,0.144,24.2430730354219,4.201068497025647,0.1440800000000001,24.91285310689264
2024-11-04 18:17:41,4.201298508598716,0.144,23.469396624933097,4.201081640544123,0.14404000000000006,24.867726755214573
2024-11-04 18:17:42,4.201462802580083,0.144,23.469396624933097,4.201094784062622,0.14400000000000007,24.8226004035365
2024-11-04 18:17:42,4.201462802580083,0.144,26.437220450515156,4.2011079275811225,0.14400000000000007,24.822600403536498
2024-11-04 18:17:42,4.201134214617624,0.144,24.2430730354219,4.201088212303358,0.14400000000000007,24.807567157669723
2024-11-04 18:17:42,4.201298508598716,0.144,25.72571420883662,4.201088212303358,0.14400000000000007,24.793337032836153
2024-11-04 18:17:43,4.201134214617624,0.144,23.469396624933097,4.2010882123033575,0.14400000000000007,24.748210681158085
2024-11-04 18:17:43,4.201134214617624,0.144,24.2430730354219,4.201075068784859,0.14400000000000007,24.763684209367867
2024-11-04 18:17:43,4.201462802580083,0.144,25.72571420883662,4.201101355821812,0.14400000000000007,24.793337032836153
2024-11-04 18:17:43,4.201134214617624,0.144,24.9947353287605,4.2011144993402665,0.14400000000000007,24.793337032836156
2024-11-04 18:17:44,4.201627096561725,0.144,23.469396624933097,4.201153929895695,0.14400000000000007,24.762830258759603
2024-11-04 18:17:44,4.201298508598716,0.144,25.72571420883662,4.201147358136441,0.14400000000000007,24.762830258759603
2024-11-04 18:17:44,4.201298508598716,0.144,25.72571420883662,4.201173645173348,0.14400000000000007,24.79248308222789
2024-11-04 18:17:44,4.201134214617624,0.144,23.469396624933097,4.201167073414104,0.14400000000000007,24.733126605716247
2024-11-04 18:17:45,4.201134214617624,0.144,24.2430730354219,4.201180216932559,0.14400000000000007,24.71809335984948
2024-11-04 18:17:45,4.201462802580083,0.144,22.672238853203226,4.20119993221029,0.14400000000000007,24.68667667620511
2024-11-04 18:17:45,4.200969920636808,0.144,26.437220450515156,4.20119993221029,0.14400000000000007,24.778421558810567
2024-11-04 18:17:45,4.201462802580083,0.144,24.2430730354219,4.201219647488022,0.14400000000000007,24.778421558810575
2024-11-04 18:17:46,4.201298508598716,0.144,27.13035904417916,4.201232791006499,0.14400000000000007,24.85164080719549
2024-11-04 18:17:46,4.201134214617624,0.144,22.672238853203226,4.2012393627657305,0.14400000000000007,24.835697651760896
2024-11-04 18:17:46,4.201627096561725,0.143,24.2430730354219,4.20127222156195,0.14396000000000006,24.835697651760903
2024-11-04 18:17:46,4.201298508598716,0.143,24.9947353287605,4.201259078043429,0.14392000000000005,24.850730897627678
2024-11-04 18:17:47,4.200969920636808,0.144,26.437220450515156,4.201252506284196,0.14392000000000005,24.879580600062763
2024-11-04 18:17:47,4.201134214617624,0.144,25.72571420883662,4.20126564980265,0.14392000000000005,24.851487703355915
2024-11-04 18:17:47,4.201627096561725,0.144,24.2430730354219,4.201278793321171,0.14392000000000005,24.83645445748914
2024-11-04 18:17:47,4.201462802580083,0.143,24.9947353287605,4.201298508598902,0.14388000000000004,24.836454457489143
2024-11-04 18:17:48,4.201134214617624,0.143,24.2430730354219,4.201291936839658,0.14384000000000002,24.82142121162237
2024-11-04 18:17:48,4.201462802580083,0.144,22.672238853203226,4.2012919368396595,0.14384000000000002,24.760351704509702
2024-11-04 18:17:48,4.201298508598716,0.144,23.469396624933097,4.201285365080404,0.14384000000000002,24.74487817629993
2024-11-04 18:17:48,4.201298508598716,0.143,24.9947353287605,4.201291936839648,0.1438,24.744878176299927
2024-11-04 18:17:49,4.201134214617624,0.143,24.2430730354219,4.201285365080404,0.14376,24.74487817629993
2024-11-04 18:17:49,4.200805626656267,0.143,26.437220450515156,4.201272221561949,0.14372,24.7591083011335
2024-11-04 18:17:49,4.201462802580083,0.144,24.2430730354219,4.201285365080448,0.14372,24.774581829343283
2024-11-04 18:17:49,4.200805626656267,0.144,24.9947353287605,4.2012590780434955,0.14372,24.78961507521005
2024-11-04 18:17:50,4.201134214617624,0.143,24.2430730354219,4.201259078043495,0.14367999999999997,24.774581829343283
2024-11-04 18:17:50,4.201462802580083,0.143,23.469396624933097,4.201252506284229,0.14363999999999996,24.77458182934328
2024-11-04 18:17:50,4.201791390543644,0.143,24.2430730354219,4.201272221562026,0.14359999999999995,24.744929005874987
2024-11-04 18:17:50,4.200805626656267,0.143,23.469396624933097,4.2012525062843284,0.14355999999999994,24.714422231798444
2024-11-04 18:17:51,4.201134214617624,0.143,26.437220450515156,4.201252506284328,0.14351999999999993,24.743271934233533
2024-11-04 18:17:51,4.201134214617624,0.144,23.469396624933097,4.201252506284327,0.14351999999999995,24.71276516015699
2024-11-04 18:17:51,4.201298508598716,0.144,24.9947353287605,4.201245934525073,0.14351999999999998,24.698145582555462
2024-11-04 18:17:51,4.201134214617624,0.144,22.672238853203226,4.2012525062843045,0.14351999999999995,24.637076075442796
2024-11-04 18:17:52,4.201298508598716,0.143,22.672238853203226,4.2012459345250495,0.14347999999999994,24.561776443496555
2024-11-04 18:17:52,4.201134214617624,0.143,24.9947353287605,4.201239362765805,0.14343999999999993,24.547156865895037
2024-11-04 18:17:52,4.201627096561725,0.143,26.437220450515156,4.20125907804357,0.14339999999999992,24.53329409402175
2024-11-04 18:17:52,4.201134214617624,0.143,24.9947353287605,4.201239362765805,0.14339999999999992,24.533294094021752
2024-11-04 18:17:53,4.201462802580083,0.143,24.2430730354219,4.201245934525061,0.14339999999999992,24.53329409402175
2024-11-04 18:17:53,4.200969920636808,0.143,24.2430730354219,4.201245934525061,0.1433599999999999,24.56471077766613
2024-11-04 18:17:53,4.201298508598716,0.143,24.2430730354219,4.201252506284305,0.14331999999999992,24.5801843058759
2024-11-04 18:17:53,4.201462802580083,0.143,25.72571420883662,4.201245934525041,0.14327999999999994,24.565954181042333
2024-11-04 18:17:54,4.201462802580083,0.143,24.9947353287605,4.201245934525042,0.1432799999999999,24.5809874269091
2024-11-04 18:17:54,4.201462802580083,0.143,24.2430730354219,4.201259078043542,0.14327999999999988,24.596460955118882
2024-11-04 18:17:54,4.201462802580083,0.143,24.9947353287605,4.201259078043542,0.14323999999999987,24.626967729195435
2024-11-04 18:17:54,4.201298508598716,0.143,24.9947353287605,4.201259078043542,0.14319999999999988,24.59811802676034
2024-11-04 18:17:55,4.201627096561725,0.143,25.72571420883662,4.201272221562062,0.14319999999999988,24.627770850228625
2024-11-04 18:17:55,4.201462802580083,0.143,23.469396624933097,4.201285365080562,0.14319999999999988,24.582644498550557
2024-11-04 18:17:55,4.201134214617624,0.143,23.469396624933097,4.201298508599015,0.14319999999999988,24.582644498550554
2024-11-04 18:17:55,4.201134214617624,0.143,24.2430730354219,4.201285365080516,0.14315999999999987,24.582644498550557
2024-11-04 18:17:56,4.201298508598716,0.143,23.469396624933097,4.201305080358214,0.14311999999999986,24.53751814687249
2024-11-04 18:17:56,4.201298508598716,0.143,24.2430730354219,4.201311652117457,0.14311999999999986,24.522484901005715
2024-11-04 18:17:56,4.201791390543644,0.143,26.437220450515156,4.2013247956359985,0.14311999999999986,24.581841377517357
2024-11-04 18:17:56,4.201134214617624,0.143,24.2430730354219,4.201298508598956,0.14311999999999986,24.552188554049067
2024-11-04 18:17:57,4.201462802580083,0.143,24.2430730354219,4.20132479563591,0.14311999999999986,24.522535730580767
2024-11-04 18:17:57,4.201627096561725,0.143,22.672238853203226,4.201344510913674,0.14311999999999986,24.506592575146172
2024-11-04 18:17:57,4.201462802580083,0.143,24.2430730354219,4.201357654432171,0.14307999999999985,24.50659257514617
2024-11-04 18:17:57,4.201462802580083,0.143,25.72571420883662,4.201364226191427,0.14303999999999986,24.56766208225884
2024-11-04 18:17:58,4.201134214617624,0.143,24.2430730354219,4.201364226191427,0.14299999999999985,24.523779133956975
2024-11-04 18:17:58,4.201134214617624,0.143,25.72571420883662,4.201357654432184,0.14299999999999985,24.553431957425264
2024-11-04 18:17:58,4.201134214617624,0.143,25.72571420883662,4.201357654432183,0.14299999999999985,24.525339060718416
2024-11-04 18:17:58,4.201955684525837,0.143,27.13035904417916,4.201370797950748,0.14299999999999985,24.61450146453793
2024-11-04 18:17:59,4.200805626656267,0.143,24.2430730354219,4.201357654432294,0.14299999999999985,24.614501464537934
2024-11-04 18:17:59,4.201462802580083,0.143,24.9947353287605,4.201357654432295,0.14299999999999985,24.614501464537938
2024-11-04 18:17:59,4.201627096561725,0.143,24.2430730354219,4.201383941469292,0.14299999999999985,24.570618516236074
2024-11-04 18:18:00,4.200969920636808,0.143,23.469396624933097,4.201370797950814,0.14299999999999985,24.525492164558003
2024-11-04 18:18:00,4.201462802580083,0.143,22.672238853203226,4.201370797950814,0.14299999999999985,24.494075480913626
2024-11-04 18:18:00,4.201462802580083,0.143,24.9947353287605,4.201370797950815,0.14299999999999985,24.494075480913622
2024-11-04 18:18:00,4.201462802580083,0.143,20.12271823298272,4.201370797950816,0.14299999999999985,24.411668384864843
2024-11-04 18:18:01,4.200969920636808,0.143,25.72571420883662,4.201351082673085,0.14299999999999985,24.472737891977502
2024-11-04 18:18:01,4.201627096561725,0.143,24.9947353287605,4.201364226191606,0.14299999999999985,24.503244666054055
2024-11-04 18:18:01,4.201462802580083,0.143,23.469396624933097,4.201357654432342,0.14299999999999985,24.472737891977502
2024-11-04 18:18:01,4.201462802580083,0.143,25.72571420883662,4.201357654432342,0.14299999999999985,24.5023907154458
2024-11-04 18:18:02,4.201791390543644,0.143,24.2430730354219,4.201383941469381,0.14299999999999985,24.45850776714393
2024-11-04 18:18:02,4.201462802580083,0.143,21.84997632024192,4.20139708498788,0.14299999999999985,24.410645832840338
2024-11-04 18:18:02,4.201298508598716,0.143,24.2430730354219,4.20139708498788,0.14299999999999985,24.395612586973563
2024-11-04 18:18:02,4.201462802580083,0.143,24.2430730354219,4.201403656747135,0.14299999999999985,24.395612586973566
2024-11-04 18:18:03,4.200805626656267,0.143,24.2430730354219,4.2013642261916395,0.14299999999999985,24.41108611518335
2024-11-04 18:18:03,4.201462802580083,0.143,24.9947353287605,4.201377369710137,0.14299999999999985,24.426119361050123
2024-11-04 18:18:03,4.200641332676002,0.143,24.2430730354219,4.201344510913975,0.14299999999999985,24.441592889259894
2024-11-04 18:18:03,4.201298508598716,0.143,23.469396624933097,4.201331367395453,0.14299999999999985,24.382236412748252
2024-11-04 18:18:04,4.201955684525837,0.143,26.437220450515156,4.201351082673283,0.14299999999999985,24.44159288925989
2024-11-04 18:18:04,4.201955684525837,0.143,24.9947353287605,4.201370797951113,0.14299999999999985,24.441592889259894
2024-11-04 18:18:04,4.201462802580083,0.143,24.9947353287605,4.201383941469612,0.14299999999999985,24.488042818771035
2024-11-04 18:18:04,4.201134214617624,0.143,24.9947353287605,4.2013839414696115,0.14299999999999985,24.534492748282187
2024-11-04 18:18:05,4.200969920636808,0.143,24.2430730354219,4.201377369710379,0.14299999999999985,24.519459502415412
2024-11-04 18:18:05,4.201462802580083,0.143,23.469396624933097,4.201357654432549,0.14299999999999985,24.460103025903777
2024-11-04 18:18:05,4.201462802580083,0.143,23.469396624933097,4.201383941469502,0.14299999999999985,24.429596251827224
2024-11-04 18:18:05,4.201462802580083,0.143,25.72571420883662,4.201383941469502,0.14299999999999985,24.45924907529551
2024-11-04 18:18:06,4.201462802580083,0.143,24.9947353287605,4.201377369710237,0.14299999999999985,24.474282321162285
2024-11-04 18:18:06,4.201134214617624,0.143,24.2430730354219,4.201383941469468,0.14299999999999985,24.474282321162292
2024-11-04 18:18:06,4.201627096561725,0.143,24.2430730354219,4.201390513228734,0.14299999999999985,24.44462949769399
2024-11-04 18:18:06,4.201298508598716,0.143,24.9947353287605,4.201383941469479,0.14299999999999985,24.444629497693995
2024-11-04 18:18:07,4.201462802580083,0.143,24.9947353287605,4.20138394146948,0.14299999999999985,24.45966274356077
2024-11-04 18:18:07,4.201462802580083,0.143,24.9947353287605,4.201403656747212,0.14299999999999985,24.459662743560767
2024-11-04 18:18:07,4.201627096561725,0.143,26.437220450515156,4.201403656747213,0.14299999999999985,24.488512445995866
2024-11-04 18:18:07,4.202119978508306,0.143,26.437220450515156,4.2014299437843405,0.14299999999999985,24.502742570829433
2024-11-04 18:18:08,4.201462802580083,0.143,24.9947353287605,4.201429943784341,0.14299999999999985,24.533249344905975
2024-11-04 18:18:08,4.201134214617624,0.143,24.2430730354219,4.201403656747299,0.14299999999999985,24.548722873115757
2024-11-04 18:18:08,4.201627096561725,0.143,24.9947353287605,4.201410228506565,0.14299999999999985,24.563756118982525
2024-11-04 18:18:08,4.201462802580083,0.143,25.72571420883662,4.201416800265821,0.14299999999999985,24.6088824706606
2024-11-04 18:18:09,4.201627096561725,0.143,22.672238853203226,4.201423372025086,0.14299999999999985,24.57746578701623
2024-11-04 18:18:09,4.201627096561725,0.143,23.469396624933097,4.201456230821305,0.14299999999999985,24.518109310504588
2024-11-04 18:18:09,4.201298508598716,0.143,25.72571420883662,4.201449659062049,0.14299999999999985,24.547762133972874
2024-11-04 18:18:09,4.202119978508306,0.142,25.72571420883662,4.201508804895341,0.14295999999999986,24.57741495744116
2024-11-04 18:18:10,4.200969920636808,0.142,23.469396624933097,4.201495661376864,0.14291999999999988,24.593358112875762
2024-11-04 18:18:10,4.201791390543644,0.143,26.437220450515156,4.201489089617576,0.14291999999999988,24.63724106117762
2024-11-04 18:18:10,4.201462802580083,0.143,23.469396624933097,4.201469374339746,0.14291999999999988,24.59211470949955
2024-11-04 18:18:10,4.201298508598716,0.143,24.2430730354219,4.201462802580491,0.14291999999999988,24.592114709499555
2024-11-04 18:18:11,4.201627096561725,0.143,24.2430730354219,4.201482517858255,0.14291999999999988,24.562461886031265
2024-11-04 18:18:11,4.201627096561725,0.143,21.000806169342923,4.201508804895252,0.14291999999999988,24.467963725241383
2024-11-04 18:18:11,4.201134214617624,0.143,24.2430730354219,4.201495661376753,0.14291999999999988,24.410218005066245
2024-11-04 18:18:11,4.201791390543644,0.143,24.9947353287605,4.201508804895294,0.14291999999999988,24.42525125093302
2024-11-04 18:18:12,4.201791390543644,0.142,24.9947353287605,4.201521948413836,0.14287999999999992,24.425251250933023
2024-11-04 18:18:12,4.201627096561725,0.142,21.84997632024192,4.2015285201731025,0.14283999999999994,24.377389316629422
2024-11-04 18:18:12,4.201462802580083,0.142,26.437220450515156,4.201541663691602,0.14279999999999993,24.436745793141064
2024-11-04 18:18:12,4.201627096561725,0.142,24.2430730354219,4.201541663691603,0.14275999999999994,24.46816247678544
2024-11-04 18:18:13,4.201134214617624,0.142,24.9947353287605,4.201535091932358,0.14271999999999996,24.468162476785437
2024-11-04 18:18:13,4.201298508598716,0.142,25.72571420883662,4.2015285201731025,0.14268,24.580222396302517
2024-11-04 18:18:13,4.201627096561725,0.142,23.469396624933097,4.201535091932368,0.14264000000000002,24.535096044624446
2024-11-04 18:18:13,4.201298508598716,0.142,24.2430730354219,4.201521948413848,0.14260000000000003,24.52006279875767
2024-11-04 18:18:14,4.201462802580083,0.142,23.469396624933097,4.20149566137672,0.14256000000000005,24.520062798757667
2024-11-04 18:18:14,4.201298508598716,0.142,26.437220450515156,4.201489089617466,0.1425200000000001,24.534292923591238
2024-11-04 18:18:14,4.201298508598716,0.142,24.2430730354219,4.20149566137671,0.14248000000000008,24.53429292359124
2024-11-04 18:18:14,4.201134214617624,0.142,22.672238853203226,4.201475946098944,0.1424400000000001,24.550738174250466
2024-11-04 18:18:15,4.201791390543644,0.142,23.469396624933097,4.201489089617486,0.14240000000000008,24.53526464604069
2024-11-04 18:18:15,4.201462802580083,0.142,23.469396624933097,4.201482517858221,0.14236000000000013,24.51979111783092
2024-11-04 18:18:15,4.201627096561725,0.142,25.72571420883662,4.201482517858222,0.1423200000000001,24.549443941299213
2024-11-04 18:18:15,4.201627096561725,0.142,23.469396624933097,4.201495661376742,0.14228000000000013,24.51893716722266
2024-11-04 18:18:16,4.201627096561725,0.142,24.9947353287605,4.201475946098879,0.14228000000000013,24.533970413089428
2024-11-04 18:18:16,4.201462802580083,0.142,25.72571420883662,4.201495661376611,0.14228000000000013,24.5790967647675
2024-11-04 18:18:16,4.200969920636808,0.142,24.2430730354219,4.201462802580337,0.14224000000000012,24.535213816465635
2024-11-04 18:18:16,4.200805626656267,0.142,24.9947353287605,4.201436515543383,0.1422000000000001,24.535213816465628
2024-11-04 18:18:17,4.201955684525837,0.142,24.9947353287605,4.201462802580469,0.14216000000000012,24.535213816465635
2024-11-04 18:18:17,4.201627096561725,0.142,22.672238853203226,4.20146280258047,0.1421200000000001,24.488763886954484
2024-11-04 18:18:17,4.201134214617624,0.142,24.9947353287605,4.201443087302706,0.1420800000000001,24.50379713282126
2024-11-04 18:18:17,4.201791390543644,0.142,25.72571420883662,4.201469374339746,0.1420400000000001,24.548923484499337
2024-11-04 18:18:18,4.201791390543644,0.142,24.9947353287605,4.201469374339744,0.14200000000000013,24.57943025857588
2024-11-04 18:18:18,4.201462802580083,0.142,21.84997632024192,4.2014562308212025,0.14200000000000013,24.50191550080399
2024-11-04 18:18:18,4.201134214617624,0.142,24.9947353287605,4.2014365155434374,0.14200000000000013,24.501915500803985
2024-11-04 18:18:18,4.201298508598716,0.142,24.9947353287605,4.201429943784182,0.14200000000000013,24.51694874667076
2024-11-04 18:18:19,4.201627096561725,0.142,24.9947353287605,4.201429943784183,0.14200000000000013,24.531981992537524
2024-11-04 18:18:19,4.201462802580083,0.142,24.2430730354219,4.201443087302682,0.14200000000000013,24.51694874667076
2024-11-04 18:18:19,4.201462802580083,0.142,23.469396624933097,4.201449659061937,0.14200000000000013,24.486441972594207
2024-11-04 18:18:19,4.201462802580083,0.142,24.2430730354219,4.201443087302671,0.14200000000000013,24.47140872672744
2024-11-04 18:18:20,4.201298508598716,0.142,24.9947353287605,4.201443087302672,0.14200000000000013,24.44255902429235
2024-11-04 18:18:20,4.201462802580083,0.142,24.2430730354219,4.201443087302673,0.14200000000000013,24.398676075990483
2024-11-04 18:18:20,4.201298508598716,0.142,24.9947353287605,4.201443087302673,0.14200000000000013,24.398676075990483
2024-11-04 18:18:20,4.201955684525837,0.142,24.9947353287605,4.201469374339758,0.14200000000000013,24.413709321857258
2024-11-04 18:18:21,4.201955684525837,0.142,24.2430730354219,4.201502233136088,0.14200000000000013,24.398676075990487
2024-11-04 18:18:21,4.201791390543644,0.142,25.72571420883662,4.201502233136087,0.14200000000000013,24.398676075990487
2024-11-04 18:18:21,4.201627096561725,0.142,25.72571420883662,4.201508804895353,0.14200000000000013,24.45974558310315
2024-11-04 18:18:21,4.200969920636808,0.142,23.469396624933097,4.201482517858355,0.14200000000000013,24.459745583103146
2024-11-04 18:18:22,4.200969920636808,0.142,25.72571420883662,4.201456230821357,0.14200000000000013,24.45974558310315
2024-11-04 18:18:22,4.201462802580083,0.142,24.2430730354219,4.201449659062091,0.14200000000000013,24.43009275963486
2024-11-04 18:18:22,4.201462802580083,0.142,24.9947353287605,4.201449659062092,0.14200000000000013,24.460599533711402
2024-11-04 18:18:22,4.201627096561725,0.142,24.2430730354219,4.201475946099089,0.14200000000000013,24.416716585409546
2024-11-04 18:18:23,4.201462802580083,0.142,23.469396624933097,4.2015022331360425,0.14200000000000013,24.41671658540954
2024-11-04 18:18:23,4.201462802580083,0.142,27.13035904417916,4.201482517858213,0.14200000000000013,24.474462305584687
2024-11-04 18:18:23,4.201298508598716,0.142,25.72571420883662,4.201469374339691,0.14200000000000013,24.50411512905298
2024-11-04 18:18:23,4.201134214617624,0.142,24.2430730354219,4.201469374339691,0.14200000000000013,24.56896046637456
2024-11-04 18:18:24,4.201627096561725,0.142,24.2430730354219,4.201462802580414,0.14200000000000013,24.568960466374566
2024-11-04 18:18:24,4.201627096561725,0.142,22.672238853203226,4.201456230821139,0.14200000000000013,24.522510536863415
2024-11-04 18:18:24,4.201134214617624,0.142,24.2430730354219,4.201443087302641,0.14200000000000013,24.507477290996647
2024-11-04 18:18:24,4.201627096561725,0.142,24.2430730354219,4.201462802580405,0.14200000000000013,24.555339225300244
2024-11-04 18:18:25,4.201791390543644,0.142,24.9947353287605,4.201482517858201,0.14200000000000013,24.52648952286515
2024-11-04 18:18:25,4.201134214617624,0.142,24.2430730354219,4.201462802580435,0.14200000000000013,24.526489522865155
2024-11-04 18:18:25,4.201627096561725,0.142,23.469396624933097,4.201469374339701,0.14200000000000013,24.49598274878861
2024-11-04 18:18:25,4.201955684525837,0.142,24.9947353287605,4.201489089617531,0.14200000000000013,24.48136317118708
2024-11-04 18:18:26,4.201298508598716,0.142,23.469396624933097,4.201482517858276,0.14200000000000013,24.48136317118708
2024-11-04 18:18:26,4.201627096561725,0.142,23.469396624933097,4.201495661376797,0.14200000000000013,24.465889642977302
2024-11-04 18:18:26,4.201298508598716,0.142,25.72571420883662,4.201489089617541,0.14200000000000013,24.511015994655374
2024-11-04 18:18:26,4.201134214617624,0.142,24.9947353287605,4.201482517858298,0.14200000000000013,24.482166292220278
2024-11-04 18:18:27,4.201462802580083,0.142,24.9947353287605,4.201462802580468,0.14200000000000013,24.497199538087052
2024-11-04 18:18:27,4.201134214617624,0.142,23.469396624933097,4.201429943784138,0.14200000000000013,24.513142693521655
2024-11-04 18:18:27,4.201298508598716,0.142,23.469396624933097,4.201410228506342,0.14200000000000013,24.51314269352165
2024-11-04 18:18:27,4.201627096561725,0.142,24.2430730354219,4.201410228506343,0.14200000000000013,24.528616221731422
2024-11-04 18:18:28,4.201134214617624,0.142,23.469396624933097,4.201416800265574,0.14200000000000013,24.483489870053354
2024-11-04 18:18:28,4.201627096561725,0.142,25.72571420883662,4.201443087302572,0.14200000000000013,24.528616221731426
2024-11-04 18:18:28,4.201462802580083,0.141,25.72571420883662,4.2014430873025725,0.1419600000000001,24.543235799332944
2024-11-04 18:18:28,4.201627096561725,0.141,24.9947353287605,4.201449659061838,0.1419200000000001,24.528616221731422
2024-11-04 18:18:29,4.201627096561725,0.141,24.2430730354219,4.201449659061839,0.1418800000000001,24.528616221731426
2024-11-04 18:18:29,4.201298508598716,0.142,24.9947353287605,4.201443087302584,0.1418800000000001,24.528616221731433
2024-11-04 18:18:29,4.201627096561725,0.142,24.2430730354219,4.20144965906185,0.1418800000000001,24.513582975864654
2024-11-04 18:18:29,4.201627096561725,0.141,24.9947353287605,4.201462802580371,0.14184000000000008,24.560032905375795
2024-11-04 18:18:30,4.201298508598716,0.141,21.84997632024192,4.201469374339615,0.14180000000000004,24.49713772520543
2024-11-04 18:18:30,4.201462802580083,0.142,26.437220450515156,4.201462802580349,0.14180000000000004,24.511367850038997
2024-11-04 18:18:30,4.200969920636808,0.142,24.2430730354219,4.201436515543353,0.14180000000000004,24.49633460417223
2024-11-04 18:18:30,4.201462802580083,0.142,25.72571420883662,4.2014496590618515,0.14180000000000004,24.57384936194412
2024-11-04 18:18:31,4.201955684525837,0.142,25.72571420883662,4.201462802580416,0.14180000000000004,24.588468939545645
2024-11-04 18:18:31,4.201627096561725,0.142,24.9947353287605,4.2014562308211385,0.14180000000000006,24.588468939545642
2024-11-04 18:18:31,4.202119978508306,0.142,27.13035904417916,4.201495661376765,0.1418000000000001,24.63118141385402
2024-11-04 18:18:31,4.202284272491052,0.142,26.437220450515156,4.201521948413939,0.1418000000000001,24.67506436215588
2024-11-04 18:18:32,4.201134214617624,0.142,24.2430730354219,4.201489089617609,0.1418000000000001,24.69053789036566
2024-11-04 18:18:32,4.201627096561725,0.142,25.72571420883662,4.20150223313613,0.1418000000000001,24.720190713833954
2024-11-04 18:18:32,4.201955684525837,0.142,24.2430730354219,4.201515376654694,0.14180000000000012,24.70515746796718
2024-11-04 18:18:32,4.201298508598716,0.142,24.2430730354219,4.201515376654694,0.14180000000000012,24.705157467967183
2024-11-04 18:18:33,4.201627096561725,0.142,24.2430730354219,4.201535091932458,0.14180000000000012,24.69012422210041
2024-11-04 18:18:33,4.201955684525837,0.141,25.72571420883662,4.201554807210288,0.1417600000000001,24.704743799701937
2024-11-04 18:18:33,4.201462802580083,0.141,23.469396624933097,4.201567950728787,0.14172000000000012,24.689270271492155
2024-11-04 18:18:33,4.201791390543644,0.141,24.9947353287605,4.201587666006583,0.14168000000000008,24.674650693890634
2024-11-04 18:18:34,4.201462802580083,0.141,25.72571420883662,4.201581094247318,0.14164000000000007,24.674650693890634
2024-11-04 18:18:34,4.201627096561725,0.141,24.2430730354219,4.201600809525083,0.14160000000000006,24.69012422210041
2024-11-04 18:18:34,4.201627096561725,0.141,24.2430730354219,4.201600809525084,0.14156000000000005,24.660471398632108
2024-11-04 18:18:34,4.201462802580083,0.141,24.2430730354219,4.201600809525084,0.14156000000000002,24.66047139863211
2024-11-04 18:18:35,4.201955684525837,0.141,24.9947353287605,4.201613953043649,0.14156000000000002,24.660471398632108
2024-11-04 18:18:35,4.201791390543644,0.141,26.437220450515156,4.201620524802925,0.14156,24.70435434693398
2024-11-04 18:18:35,4.201462802580083,0.141,24.2430730354219,4.20162709656218,0.14151999999999998,24.71982787514376
2024-11-04 18:18:35,4.201462802580083,0.141,24.2430730354219,4.201620524802914,0.14147999999999997,24.662082154968612
2024-11-04 18:18:36,4.201791390543644,0.141,24.2430730354219,4.2016270965621905,0.14147999999999997,24.63242933150032
2024-11-04 18:18:36,4.201627096561725,0.142,24.9947353287605,4.201640240080711,0.14151999999999998,24.647462577367087
2024-11-04 18:18:36,4.201627096561725,0.142,24.2430730354219,4.201646811839977,0.14152,24.64746257736709
2024-11-04 18:18:36,4.201462802580083,0.141,23.469396624933097,4.201666527117708,0.14148000000000002,24.663405732801685
2024-11-04 18:18:37,4.201791390543644,0.141,23.469396624933097,4.201679670636249,0.14144,24.64793220459191
2024-11-04 18:18:37,4.201627096561725,0.141,24.9947353287605,4.201666527117685,0.14140000000000003,24.662965450458685
2024-11-04 18:18:37,4.202119978508306,0.141,26.437220450515156,4.2016862423955486,0.14136,24.691815152893778
2024-11-04 18:18:38,4.201627096561725,0.141,24.9947353287605,4.201666527117686,0.14132,24.706848398760545
2024-11-04 18:18:38,4.201627096561725,0.141,22.672238853203226,4.201640240080512,0.14128000000000002,24.69090524332595
2024-11-04 18:18:38,4.201791390543644,0.141,26.437220450515156,4.201666527117553,0.14124000000000003,24.719754945761043
2024-11-04 18:18:38,4.201627096561725,0.141,24.2430730354219,4.2016665271175535,0.14120000000000002,24.735228473970825
2024-11-04 18:18:38,4.201627096561725,0.141,24.9947353287605,4.201653383598989,0.14116000000000004,24.765735248047367
2024-11-04 18:18:39,4.201462802580083,0.141,24.2430730354219,4.201659955358243,0.14112000000000002,24.736082424579077
2024-11-04 18:18:39,4.201134214617624,0.141,24.2430730354219,4.201640240080478,0.14107999999999998,24.72104917871231
2024-11-04 18:18:39,4.201462802580083,0.14,23.469396624933097,4.201620524802649,0.14103999999999997,24.690542404635757
2024-11-04 18:18:40,4.202119978508306,0.14,24.9947353287605,4.201646811839777,0.14099999999999996,24.721049178712303
2024-11-04 18:18:40,4.201791390543644,0.14,26.437220450515156,4.201646811839777,0.14095999999999995,24.780405655223948
2024-11-04 18:18:40,4.201462802580083,0.141,24.9947353287605,4.201646811839777,0.14095999999999995,24.795438901090716
2024-11-04 18:18:40,4.201955684525837,0.141,23.469396624933097,4.201659955358341,0.14095999999999997,24.795438901090712
2024-11-04 18:18:41,4.201462802580083,0.141,26.437220450515156,4.201653383599076,0.14095999999999997,24.809669025924286
2024-11-04 18:18:41,4.201462802580083,0.141,24.9947353287605,4.201653383599076,0.14095999999999995,24.795049448322764
2024-11-04 18:18:41,4.201462802580083,0.141,24.9947353287605,4.2016336683212465,0.14095999999999995,24.79504944832277
2024-11-04 18:18:41,4.201627096561725,0.141,23.469396624933097,4.201627096561969,0.14095999999999997,24.77957592011299
2024-11-04 18:18:42,4.201955684525837,0.141,24.2430730354219,4.201646811839801,0.14095999999999997,24.764542674246215
2024-11-04 18:18:42,4.201627096561725,0.141,25.72571420883662,4.201653383599067,0.14095999999999997,24.794195497714508
2024-11-04 18:18:42,4.201627096561725,0.141,22.672238853203226,4.20164681183979,0.14095999999999997,24.74774556820336
2024-11-04 18:18:42,4.201791390543644,0.141,23.469396624933097,4.201653383599067,0.14092000000000002,24.780133974297186
2024-11-04 18:18:43,4.201462802580083,0.141,24.2430730354219,4.201646811839801,0.14088,24.73625102599532
2024-11-04 18:18:43,4.201627096561725,0.141,24.2430730354219,4.2016533835990675,0.14088,24.736251025995326
2024-11-04 18:18:43,4.202284272491052,0.141,24.2430730354219,4.201673098876963,0.14088,24.706598202527026
2024-11-04 18:18:43,4.201462802580083,0.141,24.9947353287605,4.201666527117697,0.14088,24.691978624925504
2024-11-04 18:18:44,4.201462802580083,0.141,24.9947353287605,4.201640240080568,0.14088,24.69197862492551
2024-11-04 18:18:44,4.201627096561725,0.141,25.72571420883662,4.201640240080568,0.14088,24.663885728218656
2024-11-04 18:18:44,4.201627096561725,0.141,24.2430730354219,4.201640240080569,0.14088,24.62000277991679
2024-11-04 18:18:44,4.201627096561725,0.141,25.72571420883662,4.201633668321292,0.14088,24.64965560338509
2024-11-04 18:18:45,4.201791390543644,0.141,23.469396624933097,4.201640240080568,0.14088,24.604529251707014
2024-11-04 18:18:45,4.201627096561725,0.141,23.469396624933097,4.201640240080568,0.14088,24.58905572349724
2024-11-04 18:18:45,4.201955684525837,0.141,24.9947353287605,4.201659955358398,0.14088,24.604088969364007
2024-11-04 18:18:45,4.201627096561725,0.141,24.2430730354219,4.201679670636162,0.14088,24.60408896936401
2024-11-04 18:18:46,4.201462802580083,0.141,24.9947353287605,4.201679670636163,0.14092000000000002,24.589469391762492
2024-11-04 18:18:46,4.202448566474072,0.141,24.2430730354219,4.201692814154793,0.14096,24.604942919972263
2024-11-04 18:18:46,4.201791390543644,0.141,24.9947353287605,4.201692814154791,0.141,24.60494291997226
2024-11-04 18:18:46,4.201462802580083,0.141,22.672238853203226,4.201692814154791,0.141,24.543873412859593
2024-11-04 18:18:47,4.201791390543644,0.141,22.672238853203226,4.201686242395502,0.141,24.51245672921522
2024-11-04 18:18:47,4.201462802580083,0.141,24.2430730354219,4.201686242395503,0.141,24.51245672921522
2024-11-04 18:18:47,4.201791390543644,0.14,23.469396624933097,4.201699385914045,0.14095999999999997,24.496983201005442
2024-11-04 18:18:47,4.201627096561725,0.14,24.9947353287605,4.201705957673311,0.14091999999999996,24.49698320100544
2024-11-04 18:18:48,4.202119978508306,0.14,24.9947353287605,4.201725672951174,0.14087999999999995,24.468133498570346
2024-11-04 18:18:48,4.201627096561725,0.141,24.9947353287605,4.201712529432609,0.14087999999999995,24.483166744437117
2024-11-04 18:18:48,4.202119978508306,0.141,24.9947353287605,4.201732244710473,0.14087999999999995,24.498199990303892
2024-11-04 18:18:48,4.201627096561725,0.14,24.9947353287605,4.201732244710474,0.14083999999999994,24.513233236170663
2024-11-04 18:18:49,4.201791390543644,0.14,24.9947353287605,4.201732244710474,0.14079999999999993,24.513233236170663
2024-11-04 18:18:49,4.201627096561725,0.141,23.469396624933097,4.20173881646974,0.14079999999999993,24.497759707960885
2024-11-04 18:18:49,4.201791390543644,0.141,24.2430730354219,4.201745388229017,0.14079999999999993,24.513233236170663
2024-11-04 18:18:49,4.202119978508306,0.141,21.000806169342923,4.201738816469706,0.14079999999999993,24.46386142705886
2024-11-04 18:18:50,4.201955684525837,0.141,25.72571420883662,4.2017585317475366,0.14079999999999995,24.47848100466038
2024-11-04 18:18:50,4.201134214617624,0.141,24.2430730354219,4.201745388229037,0.14079999999999995,24.434598056358524
2024-11-04 18:18:50,4.202284272491052,0.141,25.72571420883662,4.20177167526621,0.14079999999999998,24.449217633960043
2024-11-04 18:18:50,4.201791390543644,0.141,23.469396624933097,4.201778247025486,0.14079999999999998,24.465160789394634
2024-11-04 18:18:51,4.202284272491052,0.141,23.469396624933097,4.201804534062659,0.14079999999999998,24.405804312883003
2024-11-04 18:18:51,4.201791390543644,0.141,24.9947353287605,4.201804534062659,0.1408,24.420837558749767
2024-11-04 18:18:51,4.201627096561725,0.141,24.9947353287605,4.201804534062659,0.1408,24.42083755874977
2024-11-04 18:18:51,4.201791390543644,0.14,24.2430730354219,4.201797962303371,0.14076,24.420837558749778
2024-11-04 18:18:52,4.201955684525837,0.14,25.72571420883662,4.201811105821935,0.14071999999999998,24.450490382218067
2024-11-04 18:18:52,4.201791390543644,0.14,25.72571420883662,4.201824249340478,0.14067999999999997,24.49561673389613
2024-11-04 18:18:52,4.202119978508306,0.14,26.437220450515156,4.2018111058218475,0.14063999999999996,24.52446643633123
2024-11-04 18:18:52,4.201791390543644,0.141,25.72571420883662,4.2018111058218475,0.14063999999999996,24.510236311497657
2024-11-04 18:18:53,4.201627096561725,0.141,24.9947353287605,4.201817677581114,0.14063999999999996,24.51023631149765
2024-11-04 18:18:53,4.201627096561725,0.141,23.469396624933097,4.201811105821838,0.14063999999999996,24.510236311497646
2024-11-04 18:18:53,4.201627096561725,0.14,24.9947353287605,4.201817677581104,0.14059999999999995,24.48138660906256
2024-11-04 18:18:53,4.201791390543644,0.14,25.72571420883662,4.201817677581104,0.14059999999999995,24.49600618666408
2024-11-04 18:18:54,4.201955684525837,0.14,23.469396624933097,4.201830821099668,0.14059999999999992,24.465499412587537
2024-11-04 18:18:54,4.201298508598716,0.14,22.672238853203226,4.201797962303285,0.14059999999999992,24.449556257152935
2024-11-04 18:18:54,4.201955684525837,0.14,24.2430730354219,4.20181110582185,0.1405599999999999,24.44955625715294
2024-11-04 18:18:54,4.201627096561725,0.14,25.72571420883662,4.201791390543987,0.14051999999999992,24.449556257152935
2024-11-04 18:18:55,4.201627096561725,0.14,24.2430730354219,4.201791390543987,0.14051999999999992,24.480972940797315
2024-11-04 18:18:55,4.202119978508306,0.14,27.13035904417916,4.201804534062574,0.1405199999999999,24.55419218918223
2024-11-04 18:18:55,4.201627096561725,0.14,23.469396624933097,4.201804534062574,0.14047999999999988,24.53871866097246
2024-11-04 18:18:55,4.201462802580083,0.14,25.72571420883662,4.201791390544032,0.14043999999999987,24.56837148444076
2024-11-04 18:18:56,4.201627096561725,0.14,23.469396624933097,4.201771675266169,0.14039999999999989,24.55289795623098
2024-11-04 18:18:56,4.201627096561725,0.14,23.469396624933097,4.201758531747604,0.1403599999999999,24.522391182154433
2024-11-04 18:18:56,4.201791390543644,0.14,23.469396624933097,4.201784818784645,0.1403199999999999,24.49188440807788
2024-11-04 18:18:56,4.201955684525837,0.14,25.72571420883662,4.201771675266037,0.1402799999999999,24.491884408077876
2024-11-04 18:18:57,4.201627096561725,0.14,25.72571420883662,4.2017651035067605,0.1402399999999999,24.521537231546173
2024-11-04 18:18:57,4.201955684525837,0.14,23.469396624933097,4.201751959988151,0.1401999999999999,24.476410879868094
2024-11-04 18:18:57,4.201627096561725,0.141,24.9947353287605,4.201745388228875,0.1401999999999999,24.506917653944647
2024-11-04 18:18:57,4.202284272491052,0.141,24.2430730354219,4.2017716752660474,0.14019999999999994,24.52239118215443
2024-11-04 18:18:58,4.201791390543644,0.14,24.2430730354219,4.201771675266047,0.14019999999999994,24.507357936287654
2024-11-04 18:18:58,4.201627096561725,0.14,24.2430730354219,4.2017585317474815,0.14019999999999994,24.507357936287658
2024-11-04 18:18:58,4.201955684525837,0.14,24.2430730354219,4.201765103506769,0.14019999999999994,24.492324690420883
2024-11-04 18:18:58,4.201627096561725,0.14,23.469396624933097,4.201745388228906,0.14019999999999994,24.47685116221111
2024-11-04 18:18:59,4.201955684525837,0.14,24.2430730354219,4.2017519599881945,0.14015999999999995,24.461817916344334
2024-11-04 18:18:59,4.202284272491052,0.14,26.437220450515156,4.201778247025368,0.14011999999999994,24.53711754829057
2024-11-04 18:18:59,4.201955684525837,0.14,22.672238853203226,4.2017913905439315,0.14007999999999993,24.537117548290574
2024-11-04 18:18:59,4.201627096561725,0.14,24.2430730354219,4.201791390543932,0.14007999999999993,24.53711754829058
2024-11-04 18:19:00,4.201955684525837,0.14,24.9947353287605,4.20179796230322,0.14007999999999993,24.567624322367124
2024-11-04 18:19:00,4.201462802580083,0.14,25.72571420883662,4.20177824702539,0.14007999999999993,24.582243899968645
2024-11-04 18:19:00,4.201791390543644,0.14,25.72571420883662,4.201797962303187,0.1400799999999999,24.596863477570167
2024-11-04 18:19:00,4.202119978508306,0.14,25.72571420883662,4.201804534062486,0.1400799999999999,24.611483055171686
2024-11-04 18:19:01,4.202448566474072,0.14,24.9947353287605,4.201837392858979,0.1400799999999999,24.61148305517169
2024-11-04 18:19:01,4.201462802580083,0.14,25.72571420883662,4.201830821099713,0.1400799999999999,24.626102632773218
2024-11-04 18:19:01,4.201955684525837,0.14,24.9947353287605,4.201824249340414,0.1400799999999999,24.626102632773215
2024-11-04 18:19:01,4.201791390543644,0.14,24.2430730354219,4.201830821099691,0.1400799999999999,24.641576160982986
2024-11-04 18:19:02,4.201955684525837,0.14,24.2430730354219,4.201850536377521,0.1400799999999999,24.64157616098299
2024-11-04 18:19:02,4.201627096561725,0.14,24.9947353287605,4.2018505363775205,0.1400799999999999,24.721454744171343
2024-11-04 18:19:02,4.201955684525837,0.14,24.9947353287605,4.201863679896086,0.1400799999999999,24.70683516656982
2024-11-04 18:19:02,4.202448566474072,0.14,25.72571420883662,4.201889966933302,0.1400799999999999,24.73648799003812
2024-11-04 18:19:03,4.201462802580083,0.14,24.9947353287605,4.201870251655473,0.14007999999999993,24.721868412436592
2024-11-04 18:19:03,4.201627096561725,0.14,23.469396624933097,4.201870251655473,0.14007999999999993,24.721868412436596
2024-11-04 18:19:03,4.201627096561725,0.14,24.9947353287605,4.201857108136909,0.14007999999999993,24.75237518651314
2024-11-04 18:19:03,4.201627096561725,0.14,24.9947353287605,4.201857108136909,0.14003999999999991,24.752375186513145
2024-11-04 18:19:04,4.201791390543644,0.14,21.84997632024192,4.201837392859012,0.1399999999999999,24.68948000634277
2024-11-04 18:19:04,4.201955684525837,0.14,26.437220450515156,4.2018439646183,0.1399999999999999,24.733362954644637
2024-11-04 18:19:04,4.201627096561725,0.14,26.437220450515156,4.201843964618301,0.1399999999999999,24.7475930794782
2024-11-04 18:19:04,4.201627096561725,0.14,25.72571420883662,4.201830821099736,0.1399999999999999,24.7475930794782
2024-11-04 18:19:05,4.201462802580083,0.14,24.9947353287605,4.201824249340472,0.1399999999999999,24.718743377043115
2024-11-04 18:19:05,4.201462802580083,0.14,22.672238853203226,4.201804534062642,0.1399999999999999,24.65767386993044
2024-11-04 18:19:05,4.202119978508306,0.14,25.72571420883662,4.201797962303332,0.1399999999999999,24.672293447531967
2024-11-04 18:19:05,4.201627096561725,0.14,25.72571420883662,4.201784818784767,0.1399999999999999,24.717419799210028
2024-11-04 18:19:06,4.201791390543644,0.14,23.469396624933097,4.2017913905440425,0.1399999999999999,24.686913025133485
2024-11-04 18:19:06,4.201955684525837,0.14,24.2430730354219,4.2017913905440425,0.1399999999999999,24.657260201665185
2024-11-04 18:19:06,4.201791390543644,0.14,24.2430730354219,4.2018045340625845,0.1399999999999999,24.672733729874967
2024-11-04 18:19:06,4.201791390543644,0.14,24.9947353287605,4.201804534062584,0.1399999999999999,24.71918365938612
2024-11-04 18:19:07,4.201955684525837,0.14,24.9947353287605,4.201797962303285,0.1399999999999999,24.734216905252882
2024-11-04 18:19:07,4.202284272491052,0.14,24.2430730354219,4.2017913905439634,0.1399999999999999,24.704564081784593
2024-11-04 18:19:07,4.201462802580083,0.14,23.469396624933097,4.2017913905439634,0.1399999999999999,24.68909055357481
2024-11-04 18:19:07,4.201462802580083,0.14,24.2430730354219,4.201771675266134,0.1399999999999999,24.63134483339967
2024-11-04 18:19:08,4.201791390543644,0.139,24.2430730354219,4.201771675266133,0.13995999999999995,24.646818361609448
2024-11-04 18:19:08,4.201627096561725,0.139,24.2430730354219,4.2017585317475685,0.13991999999999996,24.61716553814116
2024-11-04 18:19:08,4.202119978508306,0.139,24.2430730354219,4.201778247025432,0.13987999999999998,24.632639066350933
2024-11-04 18:19:08,4.201791390543644,0.14,24.2430730354219,4.201771675266144,0.13987999999999998,24.64811259456071
2024-11-04 18:19:09,4.201791390543644,0.14,24.9947353287605,4.201745388228927,0.13987999999999998,24.67861936863726
2024-11-04 18:19:09,4.201791390543644,0.14,24.9947353287605,4.20175853174747,0.13987999999999998,24.663999791035735
2024-11-04 18:19:09,4.201627096561725,0.139,24.9947353287605,4.20175853174747,0.13984,24.64938021343421
2024-11-04 18:19:09,4.202119978508306,0.139,23.469396624933097,4.2017782470253335,0.13980000000000004,24.64938021343421
2024-11-04 18:19:10,4.201627096561725,0.14,23.469396624933097,4.2017782470253335,0.13980000000000004,24.618873439357664
2024-11-04 18:19:10,4.201955684525837,0.14,24.2430730354219,4.2017848187846205,0.13980000000000004,24.618873439357664
2024-11-04 18:19:10,4.201791390543644,0.14,24.2430730354219,4.2017782470253335,0.13980000000000004,24.618873439357667
2024-11-04 18:19:10,4.201955684525837,0.139,24.9947353287605,4.201791390543897,0.13976000000000002,24.63390668522444
2024-11-04 18:19:11,4.201955684525837,0.139,24.9947353287605,4.201804534062462,0.13972000000000004,24.64893993109121
2024-11-04 18:19:11,4.201462802580083,0.139,24.9947353287605,4.201804534062463,0.13968000000000003,24.679446705167756
2024-11-04 18:19:11,4.201462802580083,0.139,23.469396624933097,4.201804534062464,0.13964000000000007,24.663973176957985
2024-11-04 18:19:11,4.201791390543644,0.139,26.437220450515156,4.201791390543877,0.13960000000000009,24.66397317695798
2024-11-04 18:19:12,4.201791390543644,0.139,24.9947353287605,4.201797962303153,0.1395600000000001,24.71042310646913
2024-11-04 18:19:12,4.201791390543644,0.14,25.72571420883662,4.201797962303152,0.13956000000000007,24.74007592993742
2024-11-04 18:19:12,4.202284272491052,0.14,23.469396624933097,4.20181110582176,0.13956000000000005,24.709569155860876
2024-11-04 18:19:12,4.201627096561725,0.139,24.9947353287605,4.201804534062484,0.13952000000000006,24.694949578259358
2024-11-04 18:19:13,4.201791390543644,0.139,24.9947353287605,4.201804534062484,0.13948000000000008,24.68033000065783
2024-11-04 18:19:13,4.201955684525837,0.139,24.2430730354219,4.201804534062484,0.1394400000000001,24.650677177189536
2024-11-04 18:19:13,4.202119978508306,0.139,22.672238853203226,4.201797962303175,0.1394000000000001,24.604227247678395
2024-11-04 18:19:13,4.202284272491052,0.139,24.9947353287605,4.201830821099613,0.13936000000000012,24.589607670076866
2024-11-04 18:19:14,4.201627096561725,0.139,23.469396624933097,4.201837392858879,0.1393200000000001,24.559100896000313
2024-11-04 18:19:14,4.201791390543644,0.139,24.2430730354219,4.201837392858879,0.1393200000000001,24.559100896000317
2024-11-04 18:19:14,4.201791390543644,0.139,27.13035904417916,4.201843964618155,0.1393200000000001,24.61684661617546
2024-11-04 18:19:14,4.201627096561725,0.139,23.469396624933097,4.2018242493402935,0.13932000000000014,24.586339842098916
2024-11-04 18:19:15,4.202119978508306,0.139,25.72571420883662,4.201837392858879,0.13928000000000015,24.600959419700438
2024-11-04 18:19:15,4.202284272491052,0.139,22.672238853203226,4.2018571081367755,0.13924000000000017,24.539889912587764
2024-11-04 18:19:15,4.201298508598716,0.14,24.2430730354219,4.2018373928589785,0.13924000000000014,24.524856666720996
2024-11-04 18:19:15,4.202119978508306,0.14,25.72571420883662,4.201857108136841,0.13928000000000013,24.56998301839906
2024-11-04 18:19:16,4.201627096561725,0.14,24.2430730354219,4.2018373928589785,0.13932000000000008,24.554949772532286
2024-11-04 18:19:16,4.201955684525837,0.14,25.72571420883662,4.201850536377544,0.13932000000000008,24.569569350133815
2024-11-04 18:19:16,4.201627096561725,0.14,24.2430730354219,4.201837392858979,0.13932000000000003,24.617431284437412
2024-11-04 18:19:16,4.201627096561725,0.14,24.2430730354219,4.201830821099703,0.13932000000000003,24.573548336135556
2024-11-04 18:19:17,4.201791390543644,0.14,25.72571420883662,4.201824249340415,0.13936,24.559318211301978
2024-11-04 18:19:17,4.201627096561725,0.139,22.672238853203226,4.20181110582185,0.13936,24.498248704189315
2024-11-04 18:19:17,4.202119978508306,0.139,24.2430730354219,4.201837392858979,0.13936,24.483215458322537
2024-11-04 18:19:17,4.202448566474072,0.139,24.2430730354219,4.201876823414739,0.13936,24.51463214196691
2024-11-04 18:19:18,4.201791390543644,0.139,23.469396624933097,4.201876823414738,0.13936,24.46950579028884
2024-11-04 18:19:18,4.201298508598716,0.139,24.2430730354219,4.20185710813694,0.13936000000000004,24.43985296682054
2024-11-04 18:19:18,4.201462802580083,0.139,24.9947353287605,4.201843964618398,0.13932000000000003,24.47035974089709
2024-11-04 18:19:18,4.201955684525837,0.139,24.9947353287605,4.201830821099789,0.13928000000000007,24.48539298676387
2024-11-04 18:19:19,4.201627096561725,0.139,24.9947353287605,4.201830821099789,0.13928000000000007,24.500426232630634
2024-11-04 18:19:19,4.201627096561725,0.139,23.469396624933097,4.201824249340513,0.1392800000000001,24.469919458554088
2024-11-04 18:19:19,4.201298508598716,0.139,22.672238853203226,4.201797962303428,0.13928000000000013,24.42346952904294
2024-11-04 18:19:19,4.202448566474072,0.139,25.72571420883662,4.201811105822057,0.13928000000000013,24.453122352511237
2024-11-04 18:19:20,4.201955684525837,0.139,23.469396624933097,4.201797962303449,0.13928000000000015,24.453122352511233
2024-11-04 18:19:20,4.202119978508306,0.139,24.9947353287605,4.201817677581314,0.13928000000000015,24.468155598378008
2024-11-04 18:19:20,4.201955684525837,0.139,24.2430730354219,4.201824249340602,0.13928000000000018,24.468155598378004
2024-11-04 18:19:20,4.201955684525837,0.139,27.13035904417916,4.20183082109989,0.13928000000000018,24.525901318553153
2024-11-04 18:19:21,4.201791390543644,0.139,24.9947353287605,4.201837392859165,0.13928000000000018,24.540934564419928
2024-11-04 18:19:21,4.202119978508306,0.139,24.9947353287605,4.201837392859165,0.13928000000000018,24.555967810286692
2024-11-04 18:19:21,4.201791390543644,0.139,25.72571420883662,4.201817677581268,0.13928000000000018,24.570587387888217
2024-11-04 18:19:21,4.202284272491052,0.139,26.437220450515156,4.201857108136961,0.13924000000000017,24.59943709032331
2024-11-04 18:19:22,4.201627096561725,0.139,24.2430730354219,4.201837392859098,0.13920000000000018,24.584403844456542
2024-11-04 18:19:22,4.201791390543644,0.139,22.672238853203226,4.201843964618376,0.13916000000000017,24.56846068902194
2024-11-04 18:19:22,4.202284272491052,0.139,24.9947353287605,4.201857108136984,0.13912000000000016,24.598967463098493
2024-11-04 18:19:22,4.201462802580083,0.139,23.469396624933097,4.2018505363777185,0.13908000000000018,24.583493934888722
2024-11-04 18:19:23,4.201791390543644,0.139,24.9947353287605,4.201857108136995,0.13904000000000016,24.598527180755486
2024-11-04 18:19:23,4.202284272491052,0.139,24.2430730354219,4.201876823414891,0.13900000000000015,24.583493934888722
2024-11-04 18:19:23,4.201955684525837,0.139,21.000806169342923,4.201889966933456,0.13900000000000015,24.503615351700365
2024-11-04 18:19:23,4.202284272491052,0.139,24.9947353287605,4.201896538692767,0.13900000000000015,24.503615351700365
2024-11-04 18:19:24,4.201955684525837,0.139,23.469396624933097,4.201876823414838,0.13900000000000015,24.503615351700365
2024-11-04 18:19:24,4.201791390543644,0.139,24.9947353287605,4.201876823414838,0.13900000000000015,24.474765649265272
2024-11-04 18:19:24,4.201791390543644,0.139,25.72571420883662,4.201896538692634,0.13900000000000015,24.489385226866798
2024-11-04 18:19:24,4.202284272491052,0.139,24.2430730354219,4.201929397489073,0.13900000000000015,24.459732403398498
2024-11-04 18:19:25,4.202284272491052,0.139,24.9947353287605,4.201942541007681,0.13900000000000015,24.49023917747505
2024-11-04 18:19:25,4.202119978508306,0.139,23.469396624933097,4.201962256285544,0.13900000000000015,24.459732403398498
2024-11-04 18:19:25,4.202119978508306,0.139,23.469396624933097,4.2019819715634075,0.13900000000000015,24.429225629321955
2024-11-04 18:19:25,4.201298508598716,0.139,24.9947353287605,4.2019819715634075,0.13900000000000015,24.44425887518872
2024-11-04 18:19:26,4.202119978508306,0.139,24.2430730354219,4.201968828044777,0.13900000000000015,24.4756755588331
2024-11-04 18:19:26,4.201791390543644,0.139,25.72571420883662,4.201962256285489,0.13900000000000015,24.490295136434614
2024-11-04 18:19:26,4.201627096561725,0.139,23.469396624933097,4.201942541007626,0.13900000000000015,24.49029513643462
2024-11-04 18:19:26,4.202119978508306,0.139,22.672238853203226,4.201949112766925,0.13900000000000015,24.45887845279024
2024-11-04 18:19:27,4.201791390543644,0.139,24.2430730354219,4.201942541007637,0.13900000000000015,24.4011327326151
2024-11-04 18:19:27,4.202119978508306,0.138,24.2430730354219,4.201955684526224,0.13896000000000014,24.41660626082488
2024-11-04 18:19:27,4.201791390543644,0.138,24.2430730354219,4.201942541007637,0.13892000000000013,24.38695343735658
2024-11-04 18:19:27,4.201627096561725,0.139,25.72571420883662,4.20193596924836,0.13892000000000013,24.44802294446926
2024-11-04 18:19:28,4.202119978508306,0.139,24.9947353287605,4.20192939748905,0.13892000000000013,24.463056190336022
2024-11-04 18:19:28,4.202284272491052,0.139,24.9947353287605,4.201955684526223,0.13892000000000013,24.448436612734504
2024-11-04 18:19:28,4.201462802580083,0.139,24.2430730354219,4.201942541007681,0.13892000000000013,24.4484366127345
2024-11-04 18:19:28,4.202777154440939,0.139,25.72571420883662,4.201962256285678,0.13892000000000013,24.448436612734504
2024-11-04 18:19:29,4.201791390543644,0.139,21.84997632024192,4.201975399804219,0.13892000000000013,24.400574678430907
2024-11-04 18:19:29,4.202119978508306,0.139,26.437220450515156,4.2019885433228055,0.13892000000000013,24.444457626732763
2024-11-04 18:19:29,4.201791390543644,0.139,27.13035904417916,4.201968828044909,0.13892000000000013,24.47255052343962
2024-11-04 18:19:29,4.201462802580083,0.139,25.72571420883662,4.201949112767079,0.13892000000000013,24.533620030552285
2024-11-04 18:19:30,4.202119978508306,0.139,22.672238853203226,4.20194254100777,0.13892000000000013,24.502203346907905
2024-11-04 18:19:30,4.201955684525837,0.139,27.13035904417916,4.20194254100777,0.13892000000000013,24.55994906708306
2024-11-04 18:19:30,4.202119978508306,0.139,24.2430730354219,4.201955684526356,0.13892000000000013,24.575422595292835
2024-11-04 18:19:30,4.201955684525837,0.139,23.469396624933097,4.201962256285644,0.13892000000000013,24.559949067083053
2024-11-04 18:19:31,4.201955684525837,0.139,22.672238853203226,4.201949112767036,0.13892000000000013,24.513499137571912
2024-11-04 18:19:31,4.202284272491052,0.139,26.437220450515156,4.201949112767036,0.13892000000000013,24.542348840006998
2024-11-04 18:19:31,4.201627096561725,0.139,25.72571420883662,4.201929397489173,0.13892000000000013,24.556968417608523
2024-11-04 18:19:31,4.201791390543644,0.139,24.9947353287605,4.201916253970586,0.13892000000000015,24.587475191685066
2024-11-04 18:19:32,4.201791390543644,0.139,25.72571420883662,4.2019359692483835,0.13892000000000015,24.648544698797743
2024-11-04 18:19:32,4.201627096561725,0.139,25.72571420883662,4.20191625397052,0.13892000000000015,24.648544698797732
2024-11-04 18:19:32,4.201462802580083,0.138,24.9947353287605,4.201903110451977,0.13888000000000017,24.679051472874285
2024-11-04 18:19:32,4.201627096561725,0.138,24.2430730354219,4.201903110451978,0.13884000000000016,24.66401822700751
2024-11-04 18:19:33,4.201627096561725,0.138,24.2430730354219,4.201883395174115,0.13880000000000015,24.664018227007514
2024-11-04 18:19:33,4.201627096561725,0.138,24.2430730354219,4.201876823414839,0.1387600000000001,24.606272506832376
2024-11-04 18:19:33,4.201955684525837,0.138,24.9947353287605,4.20187025165554,0.1387600000000001,24.60627250683237
2024-11-04 18:19:33,4.201462802580083,0.138,25.72571420883662,4.201857108136998,0.13876000000000008,24.620892084433898
2024-11-04 18:19:34,4.202119978508306,0.138,22.672238853203226,4.201876823414861,0.13872000000000007,24.559822577321224
2024-11-04 18:19:34,4.201462802580083,0.139,24.2430730354219,4.201850536377734,0.13872000000000007,24.515939629019357
2024-11-04 18:19:34,4.202119978508306,0.139,24.9947353287605,4.201843964618424,0.13872000000000007,24.53097287488613
2024-11-04 18:19:34,4.201955684525837,0.139,21.84997632024192,4.201863679896253,0.13872000000000007,24.51452762422691
2024-11-04 18:19:35,4.202284272491052,0.138,24.2430730354219,4.2018439646182575,0.13868000000000005,24.499494378360136
2024-11-04 18:19:35,4.201955684525837,0.138,24.2430730354219,4.2018505363775445,0.13864000000000004,24.514967906569918
2024-11-04 18:19:35,4.202119978508306,0.138,23.469396624933097,4.201850536377544,0.13860000000000003,24.484461132493365
2024-11-04 18:19:35,4.202448566474072,0.138,25.72571420883662,4.20187682341476,0.13856000000000002,24.514113955961665
2024-11-04 18:19:36,4.202119978508306,0.139,26.437220450515156,4.201903110451889,0.13856000000000002,24.622842241585104
2024-11-04 18:19:36,4.202119978508306,0.139,24.2430730354219,4.201903110451888,0.13856000000000002,24.607808995718337
2024-11-04 18:19:36,4.202284272491052,0.139,25.72571420883662,4.201916253970497,0.13856000000000002,24.652935347396404
2024-11-04 18:19:36,4.202119978508306,0.138,26.437220450515156,4.201916253970497,0.13852,24.681785049831504
2024-11-04 18:19:37,4.201791390543644,0.138,25.72571420883662,4.201909682211208,0.13848000000000002,24.681785049831504
2024-11-04 18:19:37,4.201627096561725,0.138,23.469396624933097,4.201896538692644,0.13844,24.666311521621722
2024-11-04 18:19:37,4.202119978508306,0.138,27.80614130216054,4.201889966933335,0.1384,24.72253964108973
2024-11-04 18:19:37,4.201791390543644,0.138,22.672238853203226,4.201896538692611,0.13836,24.706596485655126
2024-11-04 18:19:38,4.202777154440939,0.138,24.2430730354219,4.201935969248503,0.13832,24.7220700138649
2024-11-04 18:19:38,4.202119978508306,0.138,24.2430730354219,4.201949112767091,0.13828,24.707036767998133
2024-11-04 18:19:38,4.201791390543644,0.138,22.672238853203226,4.201955684526367,0.13824,24.675620084353753
2024-11-04 18:19:38,4.201791390543644,0.138,24.9947353287605,4.201968828044909,0.13823999999999997,24.661000506752234
2024-11-04 18:19:39,4.202284272491052,0.138,24.9947353287605,4.201995115082082,0.13823999999999997,24.691507280828787
2024-11-04 18:19:39,4.202119978508306,0.138,23.469396624933097,4.202014830359945,0.13823999999999997,24.707450436263375
2024-11-04 18:19:39,4.201791390543644,0.138,24.9947353287605,4.202021402119222,0.13823999999999997,24.72248368213015
2024-11-04 18:19:39,4.201955684525837,0.138,21.84997632024192,4.202021402119221,0.13823999999999997,24.67462174782655
2024-11-04 18:19:40,4.201955684525837,0.138,24.2430730354219,4.2020411173970516,0.13823999999999997,24.67462174782655
2024-11-04 18:19:40,4.201462802580083,0.138,25.72571420883662,4.202014830359923,0.13823999999999997,24.67462174782655
2024-11-04 18:19:40,4.202119978508306,0.138,26.437220450515156,4.2020411173970516,0.13819999999999996,24.70347145026164
2024-11-04 18:19:40,4.201791390543644,0.138,25.72571420883662,4.202027973878465,0.13815999999999995,24.718091027863167
2024-11-04 18:19:41,4.202448566474072,0.138,24.2430730354219,4.2020476891563945,0.13811999999999994,24.71809102786317
2024-11-04 18:19:41,4.201791390543644,0.138,24.9947353287605,4.202027973878498,0.13811999999999994,24.70347145026164
2024-11-04 18:19:41,4.201955684525837,0.138,24.2430730354219,4.202027973878498,0.1381199999999999,24.751333384565246
2024-11-04 18:19:41,4.201955684525837,0.138,25.72571420883662,4.2020214021192,0.1381199999999999,24.737103259731676
2024-11-04 18:19:42,4.201791390543644,0.138,24.2430730354219,4.201995115081982,0.1381199999999999,24.679357539556534
2024-11-04 18:19:42,4.201955684525837,0.138,24.9947353287605,4.201988543322684,0.13807999999999993,24.664737961955005
2024-11-04 18:19:42,4.202448566474072,0.138,25.72571420883662,4.202001686841315,0.13803999999999994,24.725807469067675
2024-11-04 18:19:42,4.202284272491052,0.138,25.72571420883662,4.202001686841315,0.13799999999999993,24.69771457236082
2024-11-04 18:19:43,4.202284272491052,0.138,25.72571420883662,4.202008258600625,0.13799999999999993,24.727367395829106
2024-11-04 18:19:43,4.201955684525837,0.138,24.9947353287605,4.2020148303599125,0.13799999999999993,24.75787416990566
2024-11-04 18:19:43,4.202612860457368,0.138,24.9947353287605,4.202054260915739,0.13799999999999993,24.8043240994168
2024-11-04 18:19:43,4.202612860457368,0.138,24.2430730354219,4.202073976193702,0.13799999999999993,24.760441151114943
2024-11-04 18:19:44,4.201955684525837,0.138,25.72571420883662,4.202080547952989,0.13799999999999993,24.760441151114936
2024-11-04 18:19:44,4.201955684525837,0.138,24.9947353287605,4.202047689156386,0.13799999999999993,24.760441151114943
2024-11-04 18:19:45,4.202284272491052,0.138,24.9947353287605,4.202054260915697,0.13799999999999993,24.74582157351342
2024-11-04 18:19:45,4.201791390543644,0.138,25.72571420883662,4.202054260915696,0.13799999999999993,24.74582157351342
2024-11-04 18:19:45,4.201791390543644,0.138,24.2430730354219,4.202054260915696,0.13799999999999993,24.730788327646646
2024-11-04 18:19:45,4.201955684525837,0.138,25.72571420883662,4.202041117397087,0.13799999999999993,24.760441151114936
2024-11-04 18:19:46,4.202119978508306,0.138,23.469396624933097,4.202041117397088,0.13799999999999993,24.744967622905165
2024-11-04 18:19:46,4.202448566474072,0.138,23.469396624933097,4.202067404434303,0.13799999999999993,24.729494094695383
2024-11-04 18:19:46,4.202119978508306,0.138,24.9947353287605,4.202073976193602,0.13799999999999993,24.729494094695387
2024-11-04 18:19:46,4.202119978508306,0.138,24.2430730354219,4.2020805479528995,0.13799999999999993,24.699841271227097
2024-11-04 18:19:47,4.202119978508306,0.138,27.13035904417916,4.202106834990028,0.13799999999999993,24.78900367504661
2024-11-04 18:19:47,4.201955684525837,0.138,24.2430730354219,4.202100263230729,0.13799999999999993,24.789003675046615
2024-11-04 18:19:47,4.202119978508306,0.138,24.9947353287605,4.202113406749317,0.13799999999999993,24.78900367504661
2024-11-04 18:19:47,4.202284272491052,0.138,25.72571420883662,4.202106834989996,0.13799999999999993,24.866518432818513
2024-11-04 18:19:48,4.202284272491052,0.138,23.469396624933097,4.202126550267892,0.13799999999999993,24.85104490460873
2024-11-04 18:19:48,4.201955684525837,0.138,24.9947353287605,4.202126550267892,0.13799999999999993,24.866078150475506
2024-11-04 18:19:48,4.201955684525837,0.138,22.672238853203226,4.202126550267893,0.13799999999999993,24.850134995040904
2024-11-04 18:19:48,4.201791390543644,0.138,24.9947353287605,4.202126550267893,0.13799999999999993,24.83551541743938
2024-11-04 18:19:49,4.201791390543644,0.138,24.9947353287605,4.2021199785086045,0.13799999999999993,24.806665715004286
2024-11-04 18:19:49,4.201955684525837,0.138,26.437220450515156,4.202100263230675,0.13799999999999993,24.850548663306153
2024-11-04 18:19:49,4.201627096561725,0.138,25.72571420883662,4.202073976193502,0.13799999999999993,24.850548663306153
2024-11-04 18:19:49,4.202284272491052,0.138,24.2430730354219,4.202073976193502,0.13799999999999993,24.806665715004286
2024-11-04 18:19:50,4.202448566474072,0.138,24.2430730354219,4.202093691471432,0.13799999999999993,24.777012891535996
2024-11-04 18:19:50,4.201791390543644,0.138,23.469396624933097,4.202060832674882,0.13799999999999993,24.777012891535993
2024-11-04 18:19:50,4.202448566474072,0.138,24.2430730354219,4.20205426091555,0.13799999999999993,24.70575152620123
2024-11-04 18:19:50,4.201955684525837,0.138,23.469396624933097,4.20205426091555,0.13799999999999993,24.72169468163582
2024-11-04 18:19:51,4.201955684525837,0.138,24.9947353287605,4.202054260915551,0.13799999999999993,24.7367279275026
2024-11-04 18:19:51,4.202119978508306,0.138,24.2430730354219,4.202047689156242,0.13799999999999993,24.736727927502592
2024-11-04 18:19:51,4.201627096561725,0.137,23.469396624933097,4.2020411173969645,0.13795999999999992,24.752671082937194
2024-11-04 18:19:52,4.202284272491052,0.137,24.9947353287605,4.202060832674861,0.13791999999999993,24.75267108293719
2024-11-04 18:19:52,4.202284272491052,0.138,26.437220450515156,4.20207397619347,0.13791999999999993,24.781520785372287
2024-11-04 18:19:52,4.202284272491052,0.138,22.672238853203226,4.20208054795278,0.13791999999999993,24.765577629937685
2024-11-04 18:19:52,4.202448566474072,0.138,24.9947353287605,4.202080547952779,0.13791999999999993,24.765577629937688
2024-11-04 18:19:53,4.201955684525837,0.138,27.13035904417916,4.202073976193481,0.13791999999999993,24.871185284416427
2024-11-04 18:19:53,4.201627096561725,0.138,24.2430730354219,4.202054260915618,0.13791999999999993,24.871185284416434
2024-11-04 18:19:53,4.202119978508306,0.138,24.9947353287605,4.202054260915619,0.13791999999999993,24.856565706814912
2024-11-04 18:19:53,4.202284272491052,0.138,22.672238853203226,4.202067404434228,0.13791999999999993,24.78126607486867
2024-11-04 18:19:54,4.202284272491052,0.138,24.9947353287605,4.202073976193537,0.13791999999999993,24.766646497267153
2024-11-04 18:19:54,4.202119978508306,0.138,23.469396624933097,4.202067404434226,0.13791999999999993,24.75117296905737
2024-11-04 18:19:54,4.202119978508306,0.138,25.72571420883662,4.202060832674916,0.13791999999999993,24.765792546658894
2024-11-04 18:19:54,4.201955684525837,0.138,24.9947353287605,4.202060832674917,0.13791999999999993,24.78082579252566
2024-11-04 18:19:55,4.202119978508306,0.138,24.2430730354219,4.202067404434216,0.13791999999999993,24.75117296905738
2024-11-04 18:19:55,4.202119978508306,0.138,24.2430730354219,4.202080547952803,0.13791999999999993,24.751172969057375
2024-11-04 18:19:55,4.202448566474072,0.138,22.672238853203226,4.202106834990019,0.13791999999999993,24.704723039546224
2024-11-04 18:19:55,4.202119978508306,0.138,22.672238853203226,4.202113406749317,0.13791999999999993,24.64365353243356
2024-11-04 18:19:56,4.202119978508306,0.138,23.469396624933097,4.20213312202718,0.13791999999999993,24.59852718075549
2024-11-04 18:19:56,4.202119978508306,0.137,24.9947353287605,4.20212655026787,0.13787999999999992,24.58390760315397
2024-11-04 18:19:56,4.202284272491052,0.137,21.84997632024192,4.2021199785085495,0.13783999999999996,24.521012422983596
2024-11-04 18:19:56,4.201955684525837,0.137,22.672238853203226,4.202126550267837,0.13779999999999998,24.474562493472447
2024-11-04 18:19:57,4.202448566474072,0.137,25.72571420883662,4.202126550267837,0.13776,24.504215316940744
2024-11-04 18:19:57,4.202119978508306,0.137,24.2430730354219,4.202133122027136,0.13772,24.474562493472444
2024-11-04 18:19:57,4.202284272491052,0.137,24.9947353287605,4.202146265545744,0.13768000000000005,24.474562493472447
2024-11-04 18:19:57,4.202284272491052,0.138,21.84997632024192,4.2021528373050545,0.13768000000000005,24.411667313302072
2024-11-04 18:19:58,4.202284272491052,0.138,23.469396624933097,4.202179124342228,0.13772000000000006,24.366540961624004
2024-11-04 18:19:58,4.202119978508306,0.138,23.469396624933097,4.202172552582918,0.13776000000000002,24.351067433414233
2024-11-04 18:19:58,4.202119978508306,0.138,24.9947353287605,4.202165980823608,0.13776000000000002,24.336447855812704
2024-11-04 18:19:58,4.202119978508306,0.138,24.9947353287605,4.202159409064298,0.13776000000000002,24.366954629889257
2024-11-04 18:19:59,4.202284272491052,0.138,25.72571420883662,4.202152837304977,0.13776,24.412080981567325
2024-11-04 18:19:59,4.201955684525837,0.137,23.469396624933097,4.202152837304978,0.13772,24.38157420749077
2024-11-04 18:19:59,4.202284272491052,0.137,23.469396624933097,4.202179124342151,0.13768,24.366100679280997
2024-11-04 18:20:00,4.202119978508306,0.137,24.2430730354219,4.202179124342151,0.13764000000000004,24.30835495910586
2024-11-04 18:20:00,4.202284272491052,0.137,23.469396624933097,4.202179124342152,0.13760000000000003,24.292881430896077
2024-11-04 18:20:00,4.201955684525837,0.137,24.2430730354219,4.202165980823543,0.13756000000000004,24.27784818502931
2024-11-04 18:20:00,4.202284272491052,0.137,23.469396624933097,4.202172552582853,0.13752000000000006,24.232721833351235
2024-11-04 18:20:01,4.202119978508306,0.137,24.9947353287605,4.202172552582853,0.13748000000000007,24.263228607427788
2024-11-04 18:20:01,4.201955684525837,0.137,23.469396624933097,4.202172552582852,0.13744000000000012,24.23272183335124
2024-11-04 18:20:01,4.201791390543644,0.137,26.437220450515156,4.202159409064266,0.13740000000000013,24.30802146529748
2024-11-04 18:20:01,4.202119978508306,0.137,27.13035904417916,4.202159409064266,0.13736000000000015,24.35073393960585
2024-11-04 18:20:02,4.202119978508306,0.137,24.2430730354219,4.202146265545635,0.13732000000000016,24.33570069373908
2024-11-04 18:20:02,4.202119978508306,0.137,24.9947353287605,4.202146265545635,0.13728000000000015,24.306850991303985
2024-11-04 18:20:02,4.202119978508306,0.137,24.9947353287605,4.202146265545634,0.13724000000000014,24.292231413702456
2024-11-04 18:20:02,4.202284272491052,0.137,22.672238853203226,4.202152837304944,0.13724000000000014,24.260814730058087
2024-11-04 18:20:03,4.202284272491052,0.137,23.469396624933097,4.202152837304945,0.13724000000000014,24.245341201848316
2024-11-04 18:20:03,4.202119978508306,0.137,24.9947353287605,4.202159409064244,0.13724000000000017,24.275847975924858
2024-11-04 18:20:03,4.201791390543644,0.137,24.2430730354219,4.202133122027026,0.13724000000000017,24.275847975924858
2024-11-04 18:20:03,4.201627096561725,0.137,24.9947353287605,4.202113406749163,0.13724000000000017,24.306354750001404
2024-11-04 18:20:04,4.201627096561725,0.137,24.2430730354219,4.202087119711991,0.13724000000000017,24.291321504134636
2024-11-04 18:20:04,4.202284272491052,0.137,25.72571420883662,4.202087119711991,0.13720000000000016,24.320974327602936
2024-11-04 18:20:04,4.201955684525837,0.136,25.72571420883662,4.2020739761933825,0.1371200000000002,24.366100679280997
2024-11-04 18:20:04,4.202448566474072,0.136,23.469396624933097,4.202087119712012,0.13704000000000016,24.335593905204455
2024-11-04 18:20:05,4.202284272491052,0.136,23.469396624933097,4.202093691471322,0.13696000000000016,24.276237428692813
2024-11-04 18:20:05,4.201955684525837,0.137,23.469396624933097,4.202087119712023,0.13692000000000015,24.292180584127404
2024-11-04 18:20:05,4.202119978508306,0.137,23.469396624933097,4.202080547952713,0.13688000000000014,24.261673810050862
2024-11-04 18:20:05,4.202284272491052,0.137,21.84997632024192,4.2020936914713225,0.13688000000000014,24.156066155572113
2024-11-04 18:20:06,4.201627096561725,0.137,24.9947353287605,4.20206740443415,0.13688000000000014,24.171099401438887
2024-11-04 18:20:06,4.202284272491052,0.137,22.672238853203226,4.20207397619346,0.13688000000000014,24.124649471927746
2024-11-04 18:20:06,4.201955684525837,0.137,24.2430730354219,4.202060832674851,0.13688000000000014,24.15606615557212
2024-11-04 18:20:06,4.202119978508306,0.137,24.9947353287605,4.20206740443415,0.13688000000000014,24.15606615557212
2024-11-04 18:20:07,4.202448566474072,0.137,24.9947353287605,4.20207397619347,0.13688000000000017,24.186572929648666
2024-11-04 18:20:07,4.202119978508306,0.137,24.2430730354219,4.20207397619347,0.13688000000000017,24.156920106180372
2024-11-04 18:20:07,4.202448566474072,0.137,24.2430730354219,4.202093691471399,0.1368800000000002,24.1418868603136
2024-11-04 18:20:07,4.202448566474072,0.137,24.2430730354219,4.202119978508615,0.1368800000000002,24.1418868603136
2024-11-04 18:20:08,4.201955684525837,0.137,26.437220450515156,4.202113406749317,0.1368800000000002,24.18576980861547
2024-11-04 18:20:08,4.202284272491052,0.137,24.9947353287605,4.202119978508627,0.1368800000000002,24.23221973812661
2024-11-04 18:20:08,4.202284272491052,0.137,24.9947353287605,4.202126550267936,0.1368800000000002,24.27866966763776
2024-11-04 18:20:09,4.201462802580083,0.137,23.469396624933097,4.2021002632308075,0.1368800000000002,24.278669667637764
2024-11-04 18:20:09,4.202119978508306,0.136,24.9947353287605,4.2020936914714975,0.13684000000000018,24.27866966763776
2024-11-04 18:20:09,4.201462802580083,0.136,24.2430730354219,4.20206083267506,0.13680000000000017,24.326531601941355
2024-11-04 18:20:10,4.201955684525837,0.137,24.2430730354219,4.202054260915761,0.13680000000000017,24.357948285585735
2024-11-04 18:20:10,4.202119978508306,0.137,24.2430730354219,4.202067404434348,0.13680000000000017,24.328295462117445
2024-11-04 18:20:10,4.202119978508306,0.137,24.9947353287605,4.202087119712211,0.13680000000000017,24.343328707984213
2024-11-04 18:20:10,4.202284272491052,0.137,21.000806169342923,4.202113406749385,0.13680000000000017,24.263450124795863
2024-11-04 18:20:11,4.202119978508306,0.137,26.437220450515156,4.202106834990075,0.13680000000000017,24.355195007401324
2024-11-04 18:20:11,4.201955684525837,0.137,26.437220450515156,4.202106834990075,0.13684000000000016,24.414551483912966
2024-11-04 18:20:11,4.202448566474072,0.137,24.2430730354219,4.202106834990075,0.13688000000000017,24.430025012122748
2024-11-04 18:20:11,4.201791390543644,0.136,24.9947353287605,4.202087119712178,0.13688000000000014,24.43002501212274
2024-11-04 18:20:12,4.201955684525837,0.136,24.2430730354219,4.202087119712178,0.13684000000000016,24.414991766255966
2024-11-04 18:20:12,4.202284272491052,0.136,24.2430730354219,4.202093691471487,0.13680000000000014,24.385338942787676
2024-11-04 18:20:12,4.202448566474072,0.136,23.469396624933097,4.2021002632308075,0.13676000000000013,24.38533894278768
2024-11-04 18:20:12,4.202119978508306,0.136,23.469396624933097,4.20211997850867,0.13672000000000012,24.385338942787676
2024-11-04 18:20:13,4.201627096561725,0.136,24.2430730354219,4.2020936914714975,0.1366800000000001,24.385338942787676
2024-11-04 18:20:13,4.202612860457368,0.136,24.9947353287605,4.202119978508759,0.1366400000000001,24.415845716864222
2024-11-04 18:20:13,4.202284272491052,0.136,23.469396624933097,4.202126550268069,0.13660000000000008,24.40037218865445
2024-11-04 18:20:13,4.202119978508306,0.136,23.469396624933097,4.202113406749438,0.13656000000000007,24.40037218865445
2024-11-04 18:20:14,4.201627096561725,0.136,24.2430730354219,4.2020936914715765,0.13652000000000006,24.385338942787676
2024-11-04 18:20:14,4.201627096561725,0.136,24.2430730354219,4.202060832675083,0.13648000000000007,24.40081247099745
2024-11-04 18:20:14,4.202119978508306,0.137,25.72571420883662,4.202047689156452,0.13648000000000007,24.386582346163888
2024-11-04 18:20:14,4.201791390543644,0.137,24.9947353287605,4.202041117397164,0.13648000000000007,24.34386987185551
2024-11-04 18:20:15,4.202119978508306,0.137,25.72571420883662,4.202034545637855,0.1364800000000001,24.37352269532381
2024-11-04 18:20:15,4.202119978508306,0.136,24.2430730354219,4.202027973878545,0.1364400000000001,24.358489449457032
2024-11-04 18:20:15,4.202119978508306,0.136,21.84997632024192,4.202054260915673,0.1364000000000001,24.295594269286667
2024-11-04 18:20:15,4.202448566474072,0.136,24.2430730354219,4.2020674044343025,0.1364000000000001,24.327010952931037
2024-11-04 18:20:16,4.202284272491052,0.136,24.2430730354219,4.202100263230742,0.1364000000000001,24.34248448114082
2024-11-04 18:20:16,4.202284272491052,0.137,24.2430730354219,4.20211340674935,0.13640000000000016,24.327451235274044
2024-11-04 18:20:16,4.202119978508306,0.137,23.469396624933097,4.2021134067493495,0.13640000000000016,24.311977707064262
2024-11-04 18:20:16,4.202284272491052,0.137,23.469396624933097,4.202119978508659,0.1364000000000002,24.281470932987716
2024-11-04 18:20:17,4.202284272491052,0.136,24.2430730354219,4.202119978508659,0.13636000000000018,24.281470932987716
2024-11-04 18:20:17,4.202119978508306,0.136,24.2430730354219,4.20211997850866,0.13632000000000016,24.251818109519423
2024-11-04 18:20:17,4.202119978508306,0.136,24.9947353287605,4.202126550267958,0.1362800000000001,24.2371985319179
2024-11-04 18:20:17,4.202777154440939,0.137,24.9947353287605,4.202139693786633,0.13628000000000015,24.26770530599445
2024-11-04 18:20:18,4.202284272491052,0.137,22.672238853203226,4.20215940906453,0.13632000000000016,24.25176215055985
2024-11-04 18:20:18,4.202284272491052,0.136,26.437220450515156,4.202172552583139,0.13632000000000016,24.31111862707149
2024-11-04 18:20:18,4.201955684525837,0.136,25.72571420883662,4.202159409064532,0.13632000000000016,24.356244978749565
2024-11-04 18:20:18,4.202284272491052,0.136,23.469396624933097,4.20215283730521,0.1363200000000001,24.388633384843384
2024-11-04 18:20:19,4.201791390543644,0.136,22.672238853203226,4.2021396937866236,0.1363200000000001,24.342183455332233
2024-11-04 18:20:19,4.201955684525837,0.136,24.9947353287605,4.202152837305189,0.13632000000000008,24.388633384843384
2024-11-04 18:20:19,4.201955684525837,0.136,24.2430730354219,4.202126550267927,0.13632000000000008,24.388633384843377
2024-11-04 18:20:19,4.202284272491052,0.136,24.2430730354219,4.202126550267927,0.13632000000000008,24.373600138976613
2024-11-04 18:20:20,4.202448566474072,0.136,21.84997632024192,4.202139693786558,0.13632000000000008,24.310704958806237
2024-11-04 18:20:20,4.202612860457368,0.136,23.469396624933097,4.202179124342383,0.13632000000000008,24.295231430596463
2024-11-04 18:20:20,4.202284272491052,0.136,24.2430730354219,4.2022054113795555,0.13632000000000008,24.295231430596463
2024-11-04 18:20:20,4.202777154440939,0.136,24.9947353287605,4.2022316984168615,0.13628000000000007,24.310264676463238
2024-11-04 18:20:21,4.202119978508306,0.136,27.13035904417916,4.202244841935448,0.13624000000000008,24.324127448336515
2024-11-04 18:20:21,4.202119978508306,0.136,24.9947353287605,4.202244841935448,0.13620000000000007,24.324127448336515
2024-11-04 18:20:21,4.202448566474072,0.136,25.72571420883662,4.202257985454079,0.13620000000000007,24.338747025938037
2024-11-04 18:20:21,4.202941448424786,0.136,26.437220450515156,4.202290844250737,0.13620000000000007,24.398103502449676
2024-11-04 18:20:22,4.202612860457368,0.136,24.9947353287605,4.20229741601007,0.13620000000000007,24.39810350244968
2024-11-04 18:20:22,4.202119978508306,0.136,24.2430730354219,4.20229084425076,0.13620000000000007,24.398103502449686
2024-11-04 18:20:22,4.202284272491052,0.136,23.469396624933097,4.20229084425076,0.1361600000000001,24.382629974239904
2024-11-04 18:20:22,4.202941448424786,0.136,25.72571420883662,4.202323703047418,0.1361200000000001,24.412282797708205
2024-11-04 18:20:23,4.202119978508306,0.136,24.2430730354219,4.202317131288108,0.1360800000000001,24.397249551841426
2024-11-04 18:20:23,4.202284272491052,0.136,24.9947353287605,4.202317131288108,0.1360800000000001,24.47712813502978
2024-11-04 18:20:23,4.202284272491052,0.136,22.672238853203226,4.202323703047417,0.1360800000000001,24.40182850308354
2024-11-04 18:20:23,4.202284272491052,0.136,22.672238853203226,4.2023302748067275,0.1360800000000001,24.3265288711373
2024-11-04 18:20:24,4.202448566474072,0.136,24.2430730354219,4.202317131288052,0.1360400000000001,24.326528871137292
2024-11-04 18:20:24,4.201298508598716,0.136,24.9947353287605,4.202277700732359,0.1360000000000001,24.3265288711373
2024-11-04 18:20:24,4.202448566474072,0.135,24.2430730354219,4.202284272491679,0.13596000000000008,24.326528871137292
2024-11-04 18:20:24,4.202612860457368,0.135,25.72571420883662,4.20231055952894,0.13592000000000007,24.356181694605592
2024-11-04 18:20:25,4.202612860457368,0.135,26.437220450515156,4.202323703047593,0.13588000000000006,24.415538171117234
2024-11-04 18:20:25,4.201955684525837,0.135,23.469396624933097,4.202330274806881,0.13584000000000004,24.415538171117227
2024-11-04 18:20:25,4.202119978508306,0.135,23.469396624933097,4.202336846566181,0.13580000000000003,24.400064642907456
2024-11-04 18:20:25,4.202119978508306,0.136,24.2430730354219,4.202343418325479,0.13580000000000003,24.385031397040688
2024-11-04 18:20:26,4.202777154440939,0.136,25.72571420883662,4.202363133603475,0.13580000000000003,24.430157748718756
2024-11-04 18:20:26,4.202284272491052,0.136,24.9947353287605,4.202356561844155,0.13580000000000003,24.46066452279531
2024-11-04 18:20:26,4.201955684525837,0.136,24.9947353287605,4.2023302748068945,0.13580000000000003,24.475697768662076
2024-11-04 18:20:26,4.201955684525837,0.136,23.469396624933097,4.202317131288286,0.13580000000000003,24.460224240452302
2024-11-04 18:20:27,4.202119978508306,0.136,24.2430730354219,4.202290844250981,0.13580000000000003,24.430571416984
2024-11-04 18:20:27,4.202284272491052,0.136,23.469396624933097,4.202297416010291,0.13580000000000003,24.400064642907452
2024-11-04 18:20:27,4.202119978508306,0.136,23.469396624933097,4.20229741601029,0.13580000000000003,24.35493829122938
2024-11-04 18:20:27,4.202448566474072,0.136,23.469396624933097,4.202297416010289,0.13580000000000003,24.33946476301961
2024-11-04 18:20:28,4.202119978508306,0.136,24.2430730354219,4.2022645572136295,0.13580000000000003,24.387326697323207
2024-11-04 18:20:28,4.202119978508306,0.136,24.2430730354219,4.202244841935667,0.13580000000000003,24.387326697323207
2024-11-04 18:20:28,4.201791390543644,0.136,25.72571420883662,4.20223169841708,0.13580000000000003,24.4169795207915
2024-11-04 18:20:28,4.201955684525837,0.136,25.72571420883662,4.202218554898471,0.13580000000000003,24.446632344259786
2024-11-04 18:20:29,4.202284272491052,0.136,24.9947353287605,4.202192267861123,0.13580000000000006,24.47713911833634
2024-11-04 18:20:29,4.202284272491052,0.136,23.469396624933097,4.202198839620433,0.13580000000000006,24.477139118336346
2024-11-04 18:20:29,4.202284272491052,0.136,25.72571420883662,4.202198839620433,0.13580000000000006,24.506791941804632
2024-11-04 18:20:29,4.202284272491052,0.136,23.469396624933097,4.202198839620433,0.1358000000000001,24.491318413594858
2024-11-04 18:20:30,4.202612860457368,0.136,24.9947353287605,4.202211983139086,0.1358000000000001,24.491318413594854
2024-11-04 18:20:30,4.202119978508306,0.136,24.9947353287605,4.202198839620456,0.1358000000000001,24.491318413594858
2024-11-04 18:20:30,4.202777154440939,0.136,23.469396624933097,4.202257985454144,0.1358000000000001,24.507261569029453
2024-11-04 18:20:31,4.202448566474072,0.136,24.2430730354219,4.202257985454144,0.1358400000000001,24.463378620727596
2024-11-04 18:20:32,4.201955684525837,0.136,23.469396624933097,4.202231698416884,0.1358800000000001,24.418252269049525
2024-11-04 18:20:32,4.201955684525837,0.135,25.72571420883662,4.202205411379622,0.13588000000000008,24.46337862072759
2024-11-04 18:20:32,4.202284272491052,0.135,24.2430730354219,4.202218554898231,0.13588000000000006,24.49479530437197
2024-11-04 18:20:33,4.202119978508306,0.136,22.672238853203226,4.202218554898231,0.13592000000000007,24.44834537486083
2024-11-04 18:20:33,4.202448566474072,0.136,25.72571420883662,4.2022316984168615,0.13592000000000007,24.477998198329114
2024-11-04 18:20:33,4.202119978508306,0.136,25.72571420883662,4.2022054113795555,0.13592000000000007,24.50765102179741
2024-11-04 18:20:33,4.202119978508306,0.135,23.469396624933097,4.202198839620246,0.13588000000000006,24.54003942789123
2024-11-04 18:20:34,4.202448566474072,0.135,25.72571420883662,4.202218554898175,0.13584000000000004,24.585165779569298
2024-11-04 18:20:34,4.202119978508306,0.136,23.469396624933097,4.202225126657472,0.13584000000000004,24.569692251359523
2024-11-04 18:20:34,4.202448566474072,0.136,24.2430730354219,4.202238270176103,0.13584000000000004,24.55465900549276
2024-11-04 18:20:59,4.202612860457368,0.136,24.2430730354219,4.202251413694756,0.13584000000000004,24.49691328531761
2024-11-04 18:20:59,4.202284272491052,0.134,24.9947353287605,4.202257985454065,0.13576000000000005,24.496913285317614
2024-11-04 18:20:59,4.202612860457368,0.134,24.9947353287605,4.202264557213398,0.13568000000000008,24.482293707716085
2024-11-04 18:20:59,4.202612860457368,0.134,24.9947353287605,4.202284272491361,0.13560000000000008,24.45344400528099
2024-11-04 18:21:00,4.202284272491052,0.134,24.9947353287605,4.202290844250672,0.13552000000000008,24.453444005280993
2024-11-04 18:21:00,4.203105742408909,0.135,24.9947353287605,4.202343418325282,0.13548000000000007,24.46847725114777
2024-11-04 18:21:00,4.202284272491052,0.135,24.9947353287605,4.202356561843891,0.13544000000000006,24.49898402522431
2024-11-04 18:21:00,4.202284272491052,0.135,24.9947353287605,4.202356561843892,0.13540000000000005,24.484364447622788
2024-11-04 18:21:01,4.202612860457368,0.135,25.72571420883662,4.202369705362545,0.13536000000000004,24.514017271091078
2024-11-04 18:21:01,4.202777154440939,0.135,24.9947353287605,4.20238942064054,0.13532000000000002,24.514017271091085
2024-11-04 18:21:01,4.202612860457368,0.135,24.2430730354219,4.202402564159193,0.13528,24.545433954735454
2024-11-04 18:21:01,4.202448566474072,0.135,24.9947353287605,4.202395992399861,0.13524,24.591883884246602
2024-11-04 18:21:02,4.202284272491052,0.135,24.2430730354219,4.20240256415917,0.13519999999999996,24.5918838842466
2024-11-04 18:21:02,4.202612860457368,0.135,24.9947353287605,4.202395992399827,0.13515999999999995,24.591883884246602
2024-11-04 18:21:02,4.202612860457368,0.135,22.672238853203226,4.2024025641591605,0.1351199999999999,24.560467200602233
